activation_fn: ReLU
dropout_rate: 0.01956595073789351
learning_rate: 0.0014434234232788348
n_shared_layers: 1
shared_layer_size_0: 512
