activation_fn: ReLU
dropout_rate: 0.06345709636406419
learning_rate: 0.000506730786975078
n_shared_layers: 1
shared_layer_size_0: 512
