activation_fn: ReLU
dropout_rate: 0.05180173386401421
learning_rate: 0.003562640714045372
n_shared_layers: 1
shared_layer_size_0: 1024
