activation_fn: ReLU
dropout_rate: 0.024780456588817827
learning_rate: 0.00033120114714309403
n_shared_layers: 1
shared_layer_size_0: 512
