activation_fn: ReLU
dropout_rate: 0.015744831715440083
learning_rate: 0.00010068506409122953
n_shared_layers: 1
shared_layer_size_0: 512
