rxn_id,top_k,exact_solvent,exact_base
4491,1,"('O.COCCOC',)","('O=C([O-])[O-].[Na+].[Na+]',)"
4491,2,"('No Solvent',)","('O=C([O-])[O-].[K+].[K+]',)"
4491,3,"('CCO.Cc1ccccc1',)","('No Base',)"
4491,4,"('O.CCOC(C)=O.C1COCCO1',)","('O=P([O-])([O-])[O-].[K+].[K+].[K+]',)"
4491,5,"('COCCOC',)","('O=C([O-])O.[Na+]',)"
4491,6,"('CN(C)C=O.O',)","('O=C([O-])O.[Na+],O=C([O-])[O-].[Na+].[Na+]',)"
4491,7,"('C1COCCO1',)","('O=C([O-])[O-].[Cs+].[Cs+]',)"
4491,8,"('C1CCOC1',)","('[OH-].[Na+]',)"
4491,9,"('ClCCl',)","('[Cs+].[F-]',)"
4491,10,"('O.C1COCCO1',)","('[K+].[F-]',)"
3614,1,"('CCO.Cc1ccccc1',)","('O=C([O-])[O-].[K+].[K+]',)"
3614,2,"('O.COCCOC',)","('O=C([O-])[O-].[Na+].[Na+]',)"
3614,3,"('COCCOC',)","('No Base',)"
3614,4,"('CCO.Cc1ccccc1.O',)","('O=C([O-])O.[Na+]',)"
3614,5,"('No Solvent',)","('O=P([O-])([O-])[O-].[K+].[K+].[K+]',)"
3614,6,"('C1COCCO1',)","('O=C([O-])[O-].[Cs+].[Cs+]',)"
3614,7,"('O.C1COCCO1',)","('O=C([O-])O.[Na+],O=C([O-])[O-].[Na+].[Na+]',)"
3614,8,"('O.C1CCOC1',)","('[K+].[F-]',)"
3614,9,"('COCCOC.ClCCl',)","('[Cs+].[F-]',)"
3614,10,"('O.CC#N',)","('[OH-].[Na+]',)"
1589,1,"('COCCOC',)","('O=C([O-])[O-].[Na+].[Na+]',)"
1589,2,"('O.COCCOC',)","('O=C([O-])[O-].[K+].[K+]',)"
1589,3,"('O.C1COCCO1',)","('No Base',)"
1589,4,"('O.CCOC(C)=O.C1COCCO1',)","('O=P([O-])([O-])[O-].[K+].[K+].[K+]',)"
1589,5,"('CCO.Cc1ccccc1',)","('O=C([O-])[O-].[Cs+].[Cs+]',)"
1589,6,"('No Solvent',)","('O=C([O-])O.[Na+]',)"
1589,7,"('Cc1ccccc1.O',)","('[Cs+].[F-]',)"
1589,8,"('Cc1ccccc1',)","('O=C([O-])O.[Na+],O=C([O-])[O-].[Na+].[Na+]',)"
1589,9,"('CC#N',)","('CCN(CC)CC',)"
1589,10,"('O.CC#N',)","('[K+].[F-]',)"
4923,1,"('O.C1COCCO1',)","('O=C([O-])[O-].[Cs+].[Cs+]',)"
4923,2,"('O.C1COCCO1.ClCCl',)","('O=C([O-])[O-].[Na+].[Na+]',)"
4923,3,"('O.CCOC(C)=O.C1COCCO1',)","('O=C([O-])[O-].[K+].[K+]',)"
4923,4,"('No Solvent',)","('O=P([O-])([O-])[O-].[K+].[K+].[K+]',)"
4923,5,"('CN(C)C=O',)","('O=C([O-])O.[Na+]',)"
4923,6,"('CCO.Cc1ccccc1.O',)","('[K+].[F-]',)"
4923,7,"('O.COCCOC',)","('No Base',)"
4923,8,"('CN(C)C=O.O',)","('[Cs+].[F-]',)"
4923,9,"('CCO.Cc1ccccc1',)","('CCN(CC)CC',)"
4923,10,"('COCCOC',)","('O=C([O-])O.[Na+],O=C([O-])[O-].[Na+].[Na+]',)"
3969,1,"('O.C1CCOC1',)","('O=C([O-])[O-].[Na+].[Na+]',)"
3969,2,"('CCO.Cc1ccccc1.O',)","('O=C([O-])[O-].[K+].[K+]',)"
3969,3,"('C1COCCO1',)","('No Base',)"
3969,4,"('O.CCOC(C)=O.C1COCCO1',)","('O=C([O-])O.[Na+]',)"
3969,5,"('Cc1ccccc1',)","('O=C([O-])[O-].[Cs+].[Cs+]',)"
3969,6,"('CCO.Cc1ccccc1',)","('O=P([O-])([O-])[O-].[K+].[K+].[K+]',)"
3969,7,"('O.COCCOC',)","('O=C([O-])O.[Na+],O=C([O-])[O-].[Na+].[Na+]',)"
3969,8,"('COCCOC',)","('[K+].[F-]',)"
3969,9,"('O.C1COCCO1',)","('[Cs+].[F-]',)"
3969,10,"('O.CC#N',)","('CCN(CC)CC',)"
1246,1,"('No Solvent',)","('O=C([O-])[O-].[K+].[K+]',)"
1246,2,"('O.COCCOC',)","('O=C([O-])[O-].[Na+].[Na+]',)"
1246,3,"('O.C1COCCO1',)","('O=C([O-])O.[Na+]',)"
1246,4,"('COCCOC',)","('O=C([O-])[O-].[Cs+].[Cs+]',)"
1246,5,"('C1COCCO1',)","('No Base',)"
1246,6,"('CCO.Cc1ccccc1',)","('O=P([O-])([O-])[O-].[K+].[K+].[K+]',)"
1246,7,"('O.C1COCCO1.ClCCl',)","('[K+].[F-]',)"
1246,8,"('CN(C)C=O',)","('[Cs+].[F-]',)"
1246,9,"('CCO.O.COCCOC',)","('O=C([O-])O.[Na+],O=C([O-])[O-].[Na+].[Na+]',)"
1246,10,"('COCCOC.CCOC(C)=O',)","('[OH-].[Na+]',)"
1740,1,"('C1COCCO1',)","('O=C([O-])[O-].[Na+].[Na+]',)"
1740,2,"('CCO.COCCOC',)","('O=P([O-])([O-])[O-].[K+].[K+].[K+]',)"
1740,3,"('CCOC(C)=O.C1COCCO1',)","('O=C([O-])[O-].[Cs+].[Cs+]',)"
1740,4,"('O.COCCOC',)","('O=C([O-])[O-].[K+].[K+]',)"
1740,5,"('Cc1ccccc1.O',)","('O=C([O-])O.[Na+]',)"
1740,6,"('CCO.Cc1ccccc1.O',)","('No Base',)"
1740,7,"('O.C1COCCO1',)","('[OH-].[Na+]',)"
1740,8,"('CN(C)C=O',)","('O=C([O-])O.[Na+],O=C([O-])[O-].[Na+].[Na+]',)"
1740,9,"('No Solvent',)","('[Cs+].[F-]',)"
1740,10,"('COCCOC.CCOC(C)=O',)","('CCN(CC)CC',)"
4322,1,"('CN(C)C=O',)","('[Cs+].[F-]',)"
4322,2,"('No Solvent',)","('O=C([O-])[O-].[Na+].[Na+]',)"
4322,3,"('COCCOC',)","('O=P([O-])([O-])[O-].[K+].[K+].[K+]',)"
4322,4,"('C1COCCO1',)","('O=C([O-])[O-].[K+].[K+]',)"
4322,5,"('O.COCCOC',)","('O=C([O-])[O-].[Cs+].[Cs+]',)"
4322,6,"('CCO.Cc1ccccc1.O',)","('O=C([O-])O.[Na+]',)"
4322,7,"('O.CCOC(C)=O.C1COCCO1',)","('No Base',)"
4322,8,"('O.C1CCOC1',)","('[K+].[F-]',)"
4322,9,"('O.C1COCCO1.ClCCl',)","('CC(=O)[O-].[K+]',)"
4322,10,"('CN(C)C=O.CCOC(C)=O',)","('[OH-].[Na+]',)"
5260,1,"('CCO.Cc1ccccc1',)","('O=C([O-])[O-].[K+].[K+]',)"
5260,2,"('O.C1COCCO1',)","('O=C([O-])[O-].[Na+].[Na+]',)"
5260,3,"('COCCOC',)","('O=C([O-])[O-].[Cs+].[Cs+]',)"
5260,4,"('Cc1ccccc1',)","('O=C([O-])O.[Na+]',)"
5260,5,"('O.CC#N',)","('No Base',)"
5260,6,"('Cc1ccccc1.O',)","('O=P([O-])([O-])[O-].[K+].[K+].[K+]',)"
5260,7,"('O.CCOC(C)=O.COCCOC',)","('[Cs+].[F-]',)"
5260,8,"('O.CCOC(C)=O.C1COCCO1',)","('O=C([O-])O.[Na+],O=C([O-])[O-].[Na+].[Na+]',)"
5260,9,"('C1COCCO1',)","('[OH-].[Na+]',)"
5260,10,"('CN(C)C=O',)","('CCN(CC)CC',)"
4649,1,"('O.COCCOC',)","('O=P([O-])([O-])[O-].[K+].[K+].[K+]',)"
4649,2,"('O.C1COCCO1',)","('O=C([O-])[O-].[K+].[K+]',)"
4649,3,"('O.COCCOC.CCOC(C)=O',)","('O=C([O-])[O-].[Na+].[Na+]',)"
4649,4,"('CCOC(C)=O.C1COCCO1',)","('O=C([O-])O.[Na+]',)"
4649,5,"('CN(C)C=O.O',)","('O=C([O-])[O-].[Cs+].[Cs+]',)"
4649,6,"('COCCOC.ClCCl',)","('No Base',)"
4649,7,"('O.CCOC(C)=O.C1COCCO1',)","('[Cs+].[F-]',)"
4649,8,"('COCCOC',)","('[K+].[F-]',)"
4649,9,"('O.CC#N',)","('CC(=O)[O-].[K+]',)"
4649,10,"('C1COCCO1',)","('O=C([O-])O.[Na+],O=C([O-])[O-].[Na+].[Na+]',)"
5231,1,"('CCO.Cc1ccccc1.O',)","('O=C([O-])[O-].[Na+].[Na+]',)"
5231,2,"('CCO.Cc1ccccc1',)","('O=C([O-])O.[Na+]',)"
5231,3,"('O.C1COCCO1',)","('O=C([O-])[O-].[K+].[K+]',)"
5231,4,"('O.COCCOC',)","('O=C([O-])[O-].[Cs+].[Cs+]',)"
5231,5,"('COCCOC',)","('No Base',)"
5231,6,"('C1CCOC1',)","('[Cs+].[F-]',)"
5231,7,"('No Solvent',)","('O=P([O-])([O-])[O-].[K+].[K+].[K+]',)"
5231,8,"('O',)","('O=C([O-])O.[Na+],O=C([O-])[O-].[Na+].[Na+]',)"
5231,9,"('O.CCOC(C)=O.C1COCCO1',)","('[K+].[F-]',)"
5231,10,"('C1COCCO1',)","('CCN(CC)CC',)"
2697,1,"('COCCOC',)","('O=C([O-])[O-].[Na+].[Na+]',)"
2697,2,"('CCOC(C)=O.CC#N',)","('O=C([O-])[O-].[K+].[K+]',)"
2697,3,"('O.COCCOC',)","('O=C([O-])O.[Na+]',)"
2697,4,"('O.C1COCCO1',)","('O=C([O-])[O-].[Cs+].[Cs+]',)"
2697,5,"('O.CCOC(C)=O.C1COCCO1',)","('No Base',)"
2697,6,"('CC#N',)","('O=P([O-])([O-])[O-].[K+].[K+].[K+]',)"
2697,7,"('CN(C)C=O',)","('[K+].[F-]',)"
2697,8,"('Cc1ccccc1',)","('O=C([O-])O.[Na+],O=C([O-])[O-].[Na+].[Na+]',)"
2697,9,"('C1COCCO1',)","('[OH-].[Na+]',)"
2697,10,"('c1ccccc1.CCO',)","('CCN(CC)CC',)"
1311,1,"('COCCOC',)","('O=C([O-])[O-].[Na+].[Na+]',)"
1311,2,"('C1COCCO1',)","('O=P([O-])([O-])[O-].[K+].[K+].[K+]',)"
1311,3,"('O.C1COCCO1.ClCCl',)","('O=C([O-])[O-].[Cs+].[Cs+]',)"
1311,4,"('O.CCOC(C)=O.C1COCCO1',)","('O=C([O-])[O-].[K+].[K+]',)"
1311,5,"('O.COCCOC',)","('O=C([O-])O.[Na+]',)"
1311,6,"('CN(C)C=O',)","('No Base',)"
1311,7,"('CCO.Cc1ccccc1.O',)","('[Cs+].[F-]',)"
1311,8,"('O.C1CCOC1',)","('[OH-].[Na+]',)"
1311,9,"('CCO.Cc1ccccc1.O.ClCCl',)","('O=C([O-])O.[Na+],O=C([O-])[O-].[Na+].[Na+]',)"
1311,10,"('O.C1COCCO1',)","('CCN(CC)CC',)"
70,1,"('O.COCCOC',)","('O=C([O-])[O-].[Na+].[Na+]',)"
70,2,"('O.CCOC(C)=O.C1COCCO1',)","('O=C([O-])[O-].[K+].[K+]',)"
70,3,"('C1COCCO1',)","('O=P([O-])([O-])[O-].[K+].[K+].[K+]',)"
70,4,"('COCCOC',)","('O=C([O-])[O-].[Cs+].[Cs+]',)"
70,5,"('O.C1COCCO1',)","('No Base',)"
70,6,"('No Solvent',)","('O=C([O-])O.[Na+],O=C([O-])[O-].[Na+].[Na+]',)"
70,7,"('Cc1ccccc1',)","('O=C([O-])O.[Na+]',)"
70,8,"('O.CC#N',)","('CCN(CC)CC',)"
70,9,"('CN(C)C=O.O',)","('[K+].[F-]',)"
70,10,"('CN(C)C=O',)","('[Cs+].[F-]',)"
4793,1,"('O.C1CCOC1',)","('O=C([O-])[O-].[Na+].[Na+]',)"
4793,2,"('CCO.Cc1ccccc1.O',)","('O=C([O-])[O-].[K+].[K+]',)"
4793,3,"('CN(C)C=O.O',)","('No Base',)"
4793,4,"('C1COCCO1',)","('O=C([O-])O.[Na+]',)"
4793,5,"('O.CC#N',)","('O=C([O-])[O-].[Cs+].[Cs+]',)"
4793,6,"('O.C1COCCO1',)","('O=P([O-])([O-])[O-].[K+].[K+].[K+]',)"
4793,7,"('CCO.Cc1ccccc1',)","('[Cs+].[F-]',)"
4793,8,"('O.COCCOC',)","('[K+].[F-]',)"
4793,9,"('O.CCOC(C)=O.C1COCCO1',)","('O=C([O-])O.[Na+],O=C([O-])[O-].[Na+].[Na+]',)"
4793,10,"('COCCOC',)","('[OH-].[Na+]',)"
4319,1,"('No Solvent',)","('[Cs+].[F-]',)"
4319,2,"('CN(C)C=O',)","('O=P([O-])([O-])[O-].[K+].[K+].[K+]',)"
4319,3,"('COCCOC',)","('O=C([O-])[O-].[Na+].[Na+]',)"
4319,4,"('C1COCCO1',)","('O=C([O-])[O-].[Cs+].[Cs+]',)"
4319,5,"('O.COCCOC',)","('O=C([O-])[O-].[K+].[K+]',)"
4319,6,"('O.CC#N',)","('O=C([O-])O.[Na+]',)"
4319,7,"('O.C1COCCO1.ClCCl',)","('No Base',)"
4319,8,"('O.C1CCOC1',)","('[K+].[F-]',)"
4319,9,"('CN(C)C=O.O',)","('CC(=O)[O-].[K+]',)"
4319,10,"('CN(C)C=O.CCOC(C)=O',)","('O=C([O-])O.[Na+],O=C([O-])[O-].[Na+].[Na+]',)"
2101,1,"('No Solvent',)","('O=C([O-])[O-].[K+].[K+]',)"
2101,2,"('C1COCCO1',)","('O=P([O-])([O-])[O-].[K+].[K+].[K+]',)"
2101,3,"('O.C1COCCO1',)","('O=C([O-])[O-].[Na+].[Na+]',)"
2101,4,"('COCCOC',)","('O=C([O-])[O-].[Cs+].[Cs+]',)"
2101,5,"('O.CCOC(C)=O.C1COCCO1',)","('No Base',)"
2101,6,"('CCO.O.COCCOC',)","('O=C([O-])O.[Na+]',)"
2101,7,"('O.C1COCCO1.ClCCl',)","('[Cs+].[F-]',)"
2101,8,"('CN(C)C=O.O',)","('O=C([O-])O.[Na+],O=C([O-])[O-].[Na+].[Na+]',)"
2101,9,"('O.COCCOC',)","('[K+].[F-]',)"
2101,10,"('CCO.Cc1ccccc1',)","('[OH-].[Na+]',)"
2330,1,"('O.C1COCCO1',)","('O=C([O-])[O-].[Cs+].[Cs+]',)"
2330,2,"('CN(C)C=O',)","('O=C([O-])[O-].[Na+].[Na+]',)"
2330,3,"('O.CCOC(C)=O.C1COCCO1',)","('O=C([O-])[O-].[K+].[K+]',)"
2330,4,"('No Solvent',)","('O=P([O-])([O-])[O-].[K+].[K+].[K+]',)"
2330,5,"('CN(C)C=O.O',)","('O=C([O-])O.[Na+]',)"
2330,6,"('C1COCCO1',)","('No Base',)"
2330,7,"('CCO.O.COCCOC',)","('[K+].[F-]',)"
2330,8,"('CCO.Cc1ccccc1',)","('[Cs+].[F-]',)"
2330,9,"('C1COCCO1.ClCCl',)","('O=C([O-])O.[Na+],O=C([O-])[O-].[Na+].[Na+]',)"
2330,10,"('O.COCCOC',)","('CCN(CC)CC',)"
5014,1,"('O.C1COCCO1',)","('O=C([O-])[O-].[K+].[K+]',)"
5014,2,"('O.COCCOC',)","('O=C([O-])[O-].[Na+].[Na+]',)"
5014,3,"('C1COCCO1',)","('O=C([O-])[O-].[Cs+].[Cs+]',)"
5014,4,"('COCCOC',)","('O=P([O-])([O-])[O-].[K+].[K+].[K+]',)"
5014,5,"('O.C1CCOC1',)","('O=C([O-])O.[Na+]',)"
5014,6,"('CN(C)C=O.O',)","('No Base',)"
5014,7,"('O.CCOC(C)=O.C1COCCO1',)","('[K+].[F-]',)"
5014,8,"('CCO.Cc1ccccc1',)","('O=C([O-])O.[Na+],O=C([O-])[O-].[Na+].[Na+]',)"
5014,9,"('No Solvent',)","('CC(=O)[O-].[K+]',)"
5014,10,"('CCO.Cc1ccccc1.O',)","('[Cs+].[F-]',)"
1077,1,"('COCCOC',)","('O=C([O-])[O-].[Na+].[Na+]',)"
1077,2,"('O.C1COCCO1',)","('CCN(CC)CC',)"
1077,3,"('CN(C)C=O',)","('O=C([O-])[O-].[K+].[K+]',)"
1077,4,"('C1COCCO1',)","('O=C([O-])[O-].[Cs+].[Cs+]',)"
1077,5,"('CC#N',)","('O=C([O-])O.[Na+]',)"
1077,6,"('CCO',)","('No Base',)"
1077,7,"('O.COCCOC',)","('O=P([O-])([O-])[O-].[K+].[K+].[K+]',)"
1077,8,"('Cc1ccccc1.O',)","('O=C([O-])O.[Na+],O=C([O-])[O-].[Na+].[Na+]',)"
1077,9,"('CN(C)C=O.O',)","('[K+].[F-]',)"
1077,10,"('O.CC#N',)","('[Cs+].[F-]',)"
91,1,"('CCO.O.COCCOC',)","('O=C([O-])[O-].[Na+].[Na+]',)"
91,2,"('C1COCCO1',)","('O=C([O-])[O-].[K+].[K+]',)"
91,3,"('COCCOC',)","('O=P([O-])([O-])[O-].[K+].[K+].[K+]',)"
91,4,"('No Solvent',)","('No Base',)"
91,5,"('CCO.COCCOC',)","('O=C([O-])O.[Na+]',)"
91,6,"('CCO.Cc1ccccc1',)","('O=C([O-])[O-].[Cs+].[Cs+]',)"
91,7,"('O.COCCOC',)","('O=C([O-])O.[Na+],O=C([O-])[O-].[Na+].[Na+]',)"
91,8,"('O.CC#N',)","('[K+].[F-]',)"
91,9,"('CN(C)C=O',)","('[Cs+].[F-]',)"
91,10,"('COCCOC.CCOC(C)=O',)","('CCN(CC)CC',)"
4456,1,"('O.C1COCCO1',)","('O=C([O-])[O-].[Na+].[Na+]',)"
4456,2,"('CN(C)C=O',)","('O=C([O-])[O-].[Cs+].[Cs+]',)"
4456,3,"('O.CCOC(C)=O.C1COCCO1',)","('O=C([O-])[O-].[K+].[K+]',)"
4456,4,"('O.COCCOC',)","('No Base',)"
4456,5,"('COCCOC',)","('[K+].[F-]',)"
4456,6,"('CCO.Cc1ccccc1.O',)","('O=C([O-])O.[Na+],O=C([O-])[O-].[Na+].[Na+]',)"
4456,7,"('O.CC#N',)","('O=P([O-])([O-])[O-].[K+].[K+].[K+]',)"
4456,8,"('No Solvent',)","('CCN(CC)CC',)"
4456,9,"('C1COCCO1',)","('O=C([O-])O.[Na+]',)"
4456,10,"('COCCOC.ClCCl',)","('[Cs+].[F-]',)"
2272,1,"('CCO.Cc1ccccc1',)","('O=C([O-])[O-].[Cs+].[Cs+]',)"
2272,2,"('O.C1COCCO1',)","('O=C([O-])[O-].[Na+].[Na+]',)"
2272,3,"('CCO.O.COCCOC',)","('O=C([O-])[O-].[K+].[K+]',)"
2272,4,"('COCCOC',)","('O=P([O-])([O-])[O-].[K+].[K+].[K+]',)"
2272,5,"('No Solvent',)","('No Base',)"
2272,6,"('CCO.Cc1ccccc1.O',)","('O=C([O-])O.[Na+]',)"
2272,7,"('COCCOC.ClCCl',)","('[K+].[F-]',)"
2272,8,"('CN(C)C=O.O',)","('[Cs+].[F-]',)"
2272,9,"('O.C1CCOC1',)","('CCN(CC)CC',)"
2272,10,"('O.CCOC(C)=O.C1COCCO1',)","('O=C([O-])O.[Na+],O=C([O-])[O-].[Na+].[Na+]',)"
1984,1,"('O.COCCOC',)","('O=C([O-])[O-].[Na+].[Na+]',)"
1984,2,"('O.C1COCCO1',)","('O=C([O-])[O-].[K+].[K+]',)"
1984,3,"('No Solvent',)","('O=C([O-])[O-].[Cs+].[Cs+]',)"
1984,4,"('C1COCCO1',)","('O=P([O-])([O-])[O-].[K+].[K+].[K+]',)"
1984,5,"('COCCOC',)","('No Base',)"
1984,6,"('CN(C)C=O',)","('[K+].[F-]',)"
1984,7,"('COCCOC.ClCCl',)","('O=C([O-])O.[Na+]',)"
1984,8,"('Cc1ccccc1',)","('CCN(CC)CC',)"
1984,9,"('O.C1CCOC1',)","('O=C([O-])O.[Na+],O=C([O-])[O-].[Na+].[Na+]',)"
1984,10,"('C1COCCO1.ClCCl',)","('[Cs+].[F-]',)"
3002,1,"('O.C1COCCO1',)","('O=C([O-])[O-].[K+].[K+]',)"
3002,2,"('CN(C)C=O',)","('O=C([O-])[O-].[Na+].[Na+]',)"
3002,3,"('C1COCCO1',)","('O=P([O-])([O-])[O-].[K+].[K+].[K+]',)"
3002,4,"('No Solvent',)","('O=C([O-])O.[Na+]',)"
3002,5,"('O.COCCOC',)","('No Base',)"
3002,6,"('CCO.Cc1ccccc1.O',)","('O=C([O-])[O-].[Cs+].[Cs+]',)"
3002,7,"('Cc1ccccc1.O',)","('[K+].[F-]',)"
3002,8,"('CN(C)C=O.O',)","('[Cs+].[F-]',)"
3002,9,"('CCO.Cc1ccccc1',)","('CC(=O)[O-].[K+]',)"
3002,10,"('COCCOC.ClCCl',)","('O=C([O-])O.[Na+],O=C([O-])[O-].[Na+].[Na+]',)"
2336,1,"('O.COCCOC',)","('O=P([O-])([O-])[O-].[K+].[K+].[K+]',)"
2336,2,"('No Solvent',)","('O=C([O-])[O-].[K+].[K+]',)"
2336,3,"('CN(C)C=O',)","('O=C([O-])[O-].[Cs+].[Cs+]',)"
2336,4,"('O.C1COCCO1',)","('O=C([O-])[O-].[Na+].[Na+]',)"
2336,5,"('C1COCCO1',)","('[Cs+].[F-]',)"
2336,6,"('CCO.O.COCCOC',)","('No Base',)"
2336,7,"('O.C1CCOC1',)","('O=C([O-])O.[Na+]',)"
2336,8,"('O.C1COCCO1.ClCCl',)","('CC(=O)[O-].[K+]',)"
2336,9,"('CCOC(C)=O.C1COCCO1',)","('[K+].[F-]',)"
2336,10,"('CN(C)C=O.O.CCOC(C)=O',)","('O=C([O-])O.[Na+],O=C([O-])[O-].[Na+].[Na+]',)"
2441,1,"('CN(C)C=O',)","('O=P([O-])([O-])[O-].[K+].[K+].[K+]',)"
2441,2,"('O.C1COCCO1',)","('O=C([O-])[O-].[Na+].[Na+]',)"
2441,3,"('C1COCCO1',)","('O=C([O-])[O-].[K+].[K+]',)"
2441,4,"('O.CC#N',)","('No Base',)"
2441,5,"('O.COCCOC',)","('[Cs+].[F-]',)"
2441,6,"('CCO.Cc1ccccc1.O',)","('O=C([O-])[O-].[Cs+].[Cs+]',)"
2441,7,"('No Solvent',)","('O=C([O-])O.[Na+]',)"
2441,8,"('COCCOC',)","('O=C([O-])O.[Na+],O=C([O-])[O-].[Na+].[Na+]',)"
2441,9,"('CCO.Cc1ccccc1.CCOC(C)=O',)","('CCN(CC)CC',)"
2441,10,"('CCO.Cc1ccccc1',)","('[OH-].[Na+]',)"
2351,1,"('COCCOC',)","('O=C([O-])[O-].[Na+].[Na+]',)"
2351,2,"('O.C1COCCO1',)","('O=C([O-])[O-].[K+].[K+]',)"
2351,3,"('O.COCCOC',)","('O=C([O-])[O-].[Cs+].[Cs+]',)"
2351,4,"('COCCOC.ClCCl',)","('O=P([O-])([O-])[O-].[K+].[K+].[K+]',)"
2351,5,"('O.C1CCOC1',)","('No Base',)"
2351,6,"('CCO.Cc1ccccc1.O',)","('O=C([O-])O.[Na+]',)"
2351,7,"('No Solvent',)","('[K+].[F-]',)"
2351,8,"('C1COCCO1',)","('[Cs+].[F-]',)"
2351,9,"('O.COCCOC.ClCCl',)","('[OH-].[Na+]',)"
2351,10,"('O.COCCOC.CCOC(C)=O',)","('CC(=O)[O-].[K+]',)"
308,1,"('O.COCCOC',)","('O=C([O-])[O-].[K+].[K+]',)"
308,2,"('CCO.Cc1ccccc1.O',)","('O=C([O-])[O-].[Na+].[Na+]',)"
308,3,"('C1CCOC1',)","('O=P([O-])([O-])[O-].[K+].[K+].[K+]',)"
308,4,"('CCO.O',)","('[K+].[F-]',)"
308,5,"('O.COCCOC.ClCCl',)","('No Base',)"
308,6,"('CN(C)C=O',)","('O=C([O-])O.[Na+]',)"
308,7,"('O.CC#N',)","('O=C([O-])O.[Na+],O=C([O-])[O-].[Na+].[Na+]',)"
308,8,"('O.CCOC(C)=O.C1COCCO1',)","('[OH-].[Na+]',)"
308,9,"('COCCOC',)","('CCN(CC)CC',)"
308,10,"('CCO.Cc1ccccc1',)","('O=C([O-])[O-].[Cs+].[Cs+]',)"
2705,1,"('O.COCCOC',)","('O=C([O-])[O-].[K+].[K+]',)"
2705,2,"('O.C1COCCO1',)","('O=C([O-])[O-].[Na+].[Na+]',)"
2705,3,"('COCCOC',)","('O=C([O-])[O-].[Cs+].[Cs+]',)"
2705,4,"('No Solvent',)","('O=C([O-])O.[Na+]',)"
2705,5,"('CCO.Cc1ccccc1',)","('No Base',)"
2705,6,"('O.CCOC(C)=O.C1COCCO1',)","('O=P([O-])([O-])[O-].[K+].[K+].[K+]',)"
2705,7,"('COCCOC.ClCCl',)","('[K+].[F-]',)"
2705,8,"('CN(C)C=O',)","('CCN(CC)CC',)"
2705,9,"('CCO.Cc1ccccc1.O',)","('O=C([O-])O.[Na+],O=C([O-])[O-].[Na+].[Na+]',)"
2705,10,"('Cc1ccccc1',)","('CC(=O)[O-].[K+]',)"
5173,1,"('O.C1COCCO1',)","('O=C([O-])[O-].[Cs+].[Cs+]',)"
5173,2,"('O.CCOC(C)=O.C1COCCO1',)","('O=C([O-])[O-].[Na+].[Na+]',)"
5173,3,"('CN(C)C=O',)","('O=C([O-])[O-].[K+].[K+]',)"
5173,4,"('O.C1COCCO1.ClCCl',)","('O=C([O-])O.[Na+]',)"
5173,5,"('C1COCCO1',)","('O=P([O-])([O-])[O-].[K+].[K+].[K+]',)"
5173,6,"('CCO.Cc1ccccc1',)","('No Base',)"
5173,7,"('CCO.Cc1ccccc1.O',)","('[Cs+].[F-]',)"
5173,8,"('CN(C)C=O.O',)","('CCN(CC)CC',)"
5173,9,"('O.CC#N',)","('[OH-].[Na+]',)"
5173,10,"('COCCOC',)","('O=C([O-])O.[Na+],O=C([O-])[O-].[Na+].[Na+]',)"
2812,1,"('O.COCCOC',)","('O=P([O-])([O-])[O-].[K+].[K+].[K+]',)"
2812,2,"('O.CC#N',)","('O=C([O-])[O-].[K+].[K+]',)"
2812,3,"('O.C1COCCO1',)","('O=C([O-])[O-].[Na+].[Na+]',)"
2812,4,"('C1COCCO1',)","('O=C([O-])O.[Na+],O=C([O-])[O-].[Na+].[Na+]',)"
2812,5,"('No Solvent',)","('O=C([O-])[O-].[Cs+].[Cs+]',)"
2812,6,"('COCCOC',)","('O=C([O-])O.[Na+]',)"
2812,7,"('CN(C)C=O.O',)","('No Base',)"
2812,8,"('O.CCOC(C)=O.C1COCCO1',)","('[Cs+].[F-]',)"
2812,9,"('Cc1ccccc1.O',)","('[OH-].[Na+]',)"
2812,10,"('COCCOC.CCOC(C)=O',)","('CC(=O)[O-].[K+]',)"
4093,1,"('O.COCCOC',)","('O=C([O-])[O-].[Na+].[Na+]',)"
4093,2,"('CCO.COCCOC',)","('O=C([O-])[O-].[K+].[K+]',)"
4093,3,"('O.C1COCCO1',)","('O=P([O-])([O-])[O-].[K+].[K+].[K+]',)"
4093,4,"('COCCOC',)","('No Base',)"
4093,5,"('No Solvent',)","('O=C([O-])O.[Na+]',)"
4093,6,"('C1COCCO1.ClCCl',)","('O=C([O-])[O-].[Cs+].[Cs+]',)"
4093,7,"('CN(C)C=O.O',)","('[Cs+].[F-]',)"
4093,8,"('O.CCOC(C)=O.C1COCCO1',)","('O=C([O-])O.[Na+],O=C([O-])[O-].[Na+].[Na+]',)"
4093,9,"('CN(C)C=O',)","('[K+].[F-]',)"
4093,10,"('C1COCCO1',)","('CCN(CC)CC',)"
4276,1,"('Cc1ccccc1.O',)","('O=C([O-])[O-].[Na+].[Na+]',)"
4276,2,"('CN(C)C=O',)","('O=C([O-])[O-].[Cs+].[Cs+]',)"
4276,3,"('O.C1COCCO1',)","('O=C([O-])[O-].[K+].[K+]',)"
4276,4,"('C1COCCO1',)","('O=P([O-])([O-])[O-].[K+].[K+].[K+]',)"
4276,5,"('Cc1ccccc1',)","('No Base',)"
4276,6,"('CCO.Cc1ccccc1.O',)","('O=C([O-])O.[Na+]',)"
4276,7,"('COCCOC',)","('[K+].[F-]',)"
4276,8,"('O.CCOC(C)=O.C1COCCO1',)","('O=C([O-])O.[Na+],O=C([O-])[O-].[Na+].[Na+]',)"
4276,9,"('O.C1COCCO1.ClCCl',)","('[Cs+].[F-]',)"
4276,10,"('CCO.O.COCCOC',)","('[OH-].[Na+]',)"
482,1,"('CCO.O.CC(=O)N(C)C',)","('O=C([O-])[O-].[K+].[K+]',)"
482,2,"('No Solvent',)","('O=C([O-])[O-].[Na+].[Na+]',)"
482,3,"('O.COCCOC',)","('No Base',)"
482,4,"('O.C1CCOC1',)","('O=C([O-])[O-].[Cs+].[Cs+]',)"
482,5,"('C1COCCO1',)","('O=P([O-])([O-])[O-].[K+].[K+].[K+]',)"
482,6,"('Cc1ccccc1.O',)","('O=C([O-])O.[Na+]',)"
482,7,"('CCO.Cc1ccccc1',)","('[OH-].[Na+]',)"
482,8,"('CN(C)C=O',)","('[K+].[F-]',)"
482,9,"('CCO.Cc1ccccc1.O',)","('[Cs+].[F-]',)"
482,10,"('CN(C)C=O.O',)","('O=C([O-])O.[Na+],O=C([O-])[O-].[Na+].[Na+]',)"
1633,1,"('C1COCCO1',)","('O=C([O-])[O-].[Cs+].[Cs+]',)"
1633,2,"('CN(C)C=O',)","('O=C([O-])[O-].[Na+].[Na+]',)"
1633,3,"('COCCOC',)","('O=C([O-])[O-].[K+].[K+]',)"
1633,4,"('O.C1COCCO1',)","('O=P([O-])([O-])[O-].[K+].[K+].[K+]',)"
1633,5,"('No Solvent',)","('No Base',)"
1633,6,"('O.COCCOC',)","('O=C([O-])O.[Na+]',)"
1633,7,"('O.CCOC(C)=O.C1COCCO1',)","('[Cs+].[F-]',)"
1633,8,"('CCO.Cc1ccccc1.O',)","('[OH-].[Na+]',)"
1633,9,"('O.C1CCOC1',)","('[K+].[F-]',)"
1633,10,"('C1COCCO1.ClCCl',)","('O=C([O-])O.[Na+],O=C([O-])[O-].[Na+].[Na+]',)"
4108,1,"('COCCOC',)","('O=C([O-])[O-].[Na+].[Na+]',)"
4108,2,"('O.CCOC(C)=O.COCCOC',)","('O=C([O-])[O-].[K+].[K+]',)"
4108,3,"('O.C1COCCO1',)","('O=P([O-])([O-])[O-].[K+].[K+].[K+]',)"
4108,4,"('No Solvent',)","('O=C([O-])O.[Na+]',)"
4108,5,"('C1COCCO1',)","('[Cs+].[F-]',)"
4108,6,"('CN(C)C=O.O',)","('O=C([O-])[O-].[Cs+].[Cs+]',)"
4108,7,"('CN(C)C=O',)","('No Base',)"
4108,8,"('COCCOC.CCOC(C)=O',)","('[K+].[F-]',)"
4108,9,"('O.CC#N',)","('O=C([O-])O.[Na+],O=C([O-])[O-].[Na+].[Na+]',)"
4108,10,"('CCO.Cc1ccccc1',)","('CCN(CC)CC',)"
1914,1,"('O.C1COCCO1',)","('O=C([O-])[O-].[Na+].[Na+]',)"
1914,2,"('O.COCCOC',)","('O=C([O-])[O-].[Cs+].[Cs+]',)"
1914,3,"('CCO.Cc1ccccc1.O',)","('O=C([O-])O.[Na+]',)"
1914,4,"('COCCOC',)","('O=C([O-])[O-].[K+].[K+]',)"
1914,5,"('No Solvent',)","('No Base',)"
1914,6,"('CN(C)C=O',)","('O=P([O-])([O-])[O-].[K+].[K+].[K+]',)"
1914,7,"('C1COCCO1',)","('[K+].[F-]',)"
1914,8,"('O.C1COCCO1.ClCCl',)","('[Cs+].[F-]',)"
1914,9,"('O.CCOC(C)=O.C1COCCO1',)","('O=C([O-])O.[Na+],O=C([O-])[O-].[Na+].[Na+]',)"
1914,10,"('COCCOC.ClCCl',)","('[OH-].[Na+]',)"
850,1,"('C1COCCO1',)","('O=C([O-])[O-].[Na+].[Na+]',)"
850,2,"('O.COCCOC',)","('O=P([O-])([O-])[O-].[K+].[K+].[K+]',)"
850,3,"('COCCOC',)","('O=C([O-])[O-].[K+].[K+]',)"
850,4,"('CCO.Cc1ccccc1',)","('O=C([O-])[O-].[Cs+].[Cs+]',)"
850,5,"('O.C1COCCO1',)","('O=C([O-])O.[Na+]',)"
850,6,"('CN(C)C=O',)","('[Cs+].[F-]',)"
850,7,"('No Solvent',)","('O=C([O-])O.[Na+],O=C([O-])[O-].[Na+].[Na+]',)"
850,8,"('O.COCCOC.CCOC(C)=O',)","('[K+].[F-]',)"
850,9,"('CN(C)C=O.O',)","('No Base',)"
850,10,"('C1CCOC1',)","('[OH-].[Na+]',)"
1039,1,"('O.CCOC(C)=O.C1COCCO1',)","('O=C([O-])[O-].[Na+].[Na+]',)"
1039,2,"('O.COCCOC',)","('O=C([O-])[O-].[Cs+].[Cs+]',)"
1039,3,"('No Solvent',)","('No Base',)"
1039,4,"('O.C1COCCO1',)","('O=P([O-])([O-])[O-].[K+].[K+].[K+]',)"
1039,5,"('Cc1ccccc1.O',)","('O=C([O-])O.[Na+]',)"
1039,6,"('CN(C)C=O',)","('O=C([O-])[O-].[K+].[K+]',)"
1039,7,"('CCO.Cc1ccccc1.O',)","('[Cs+].[F-]',)"
1039,8,"('COCCOC.ClCCl',)","('[K+].[F-]',)"
1039,9,"('C1COCCO1',)","('[OH-].[Na+]',)"
1039,10,"('COCCOC',)","('O=C([O-])O.[Na+],O=C([O-])[O-].[Na+].[Na+]',)"
4507,1,"('No Solvent',)","('No Base',)"
4507,2,"('O.C1COCCO1',)","('O=C([O-])[O-].[Na+].[Na+]',)"
4507,3,"('O.C1COCCO1.ClCCl',)","('O=C([O-])[O-].[Cs+].[Cs+]',)"
4507,4,"('COCCOC',)","('O=C([O-])[O-].[K+].[K+]',)"
4507,5,"('CN(C)C=O.O',)","('O=C([O-])O.[Na+]',)"
4507,6,"('C1COCCO1',)","('O=P([O-])([O-])[O-].[K+].[K+].[K+]',)"
4507,7,"('Cc1ccccc1.O',)","('[Cs+].[F-]',)"
4507,8,"('O.COCCOC',)","('[K+].[F-]',)"
4507,9,"('O.CCOC(C)=O.C1COCCO1',)","('O=C([O-])O.[Na+],O=C([O-])[O-].[Na+].[Na+]',)"
4507,10,"('CCO.Cc1ccccc1',)","('[OH-].[Na+]',)"
2375,1,"('O.C1COCCO1',)","('O=C([O-])[O-].[Na+].[Na+]',)"
2375,2,"('O.COCCOC',)","('O=C([O-])[O-].[K+].[K+]',)"
2375,3,"('CN(C)C=O',)","('O=P([O-])([O-])[O-].[K+].[K+].[K+]',)"
2375,4,"('Cc1ccccc1',)","('O=C([O-])[O-].[Cs+].[Cs+]',)"
2375,5,"('O.C1COCCO1.ClCCl',)","('No Base',)"
2375,6,"('COCCOC.CCOC(C)=O',)","('O=C([O-])O.[Na+]',)"
2375,7,"('Cc1ccccc1.O',)","('CCN(CC)CC',)"
2375,8,"('O.CCOC(C)=O.C1COCCO1',)","('[K+].[F-]',)"
2375,9,"('CCO.O.COCCOC',)","('[Cs+].[F-]',)"
2375,10,"('O.CCOC(C)=O.COCCOC',)","('[OH-].[Na+]',)"
4769,1,"('COCCOC',)","('O=C([O-])[O-].[Na+].[Na+]',)"
4769,2,"('O.COCCOC',)","('O=C([O-])[O-].[Cs+].[Cs+]',)"
4769,3,"('O.CCOC(C)=O.C1COCCO1',)","('No Base',)"
4769,4,"('O.C1COCCO1',)","('O=C([O-])[O-].[K+].[K+]',)"
4769,5,"('O.COCCOC.CCOC(C)=O',)","('O=C([O-])O.[Na+],O=C([O-])[O-].[Na+].[Na+]',)"
4769,6,"('CCO.Cc1ccccc1.O',)","('O=C([O-])O.[Na+]',)"
4769,7,"('O.CC#N',)","('O=P([O-])([O-])[O-].[K+].[K+].[K+]',)"
4769,8,"('CN(C)C=O',)","('CCN(CC)CC',)"
4769,9,"('CCO.O.COCCOC',)","('CC(=O)[O-].[K+]',)"
4769,10,"('COCCOC.ClCCl',)","('[K+].[F-]',)"
3858,1,"('COCCOC',)","('O=C([O-])[O-].[Na+].[Na+]',)"
3858,2,"('CN(C)C=O.O',)","('O=C([O-])[O-].[K+].[K+]',)"
3858,3,"('O.COCCOC',)","('O=P([O-])([O-])[O-].[K+].[K+].[K+]',)"
3858,4,"('C1COCCO1',)","('O=C([O-])O.[Na+]',)"
3858,5,"('O.CC#N',)","('O=C([O-])[O-].[Cs+].[Cs+]',)"
3858,6,"('CN(C)C=O',)","('No Base',)"
3858,7,"('COCCOC.ClCCl',)","('O=C([O-])O.[Na+],O=C([O-])[O-].[Na+].[Na+]',)"
3858,8,"('O.CCOC(C)=O.C1COCCO1',)","('[Cs+].[F-]',)"
3858,9,"('CCO.O.COCCOC',)","('CCN(CC)CC',)"
3858,10,"('No Solvent',)","('[OH-].[Na+]',)"
1720,1,"('COCCOC',)","('O=C([O-])[O-].[Na+].[Na+]',)"
1720,2,"('No Solvent',)","('O=C([O-])[O-].[K+].[K+]',)"
1720,3,"('CCO.Cc1ccccc1.O',)","('O=C([O-])[O-].[Cs+].[Cs+]',)"
1720,4,"('C1COCCO1',)","('No Base',)"
1720,5,"('O.CC#N',)","('O=P([O-])([O-])[O-].[K+].[K+].[K+]',)"
1720,6,"('O.CCOC(C)=O.COCCOC',)","('[Cs+].[F-]',)"
1720,7,"('CCO.Cc1ccccc1',)","('O=C([O-])O.[Na+]',)"
1720,8,"('CN(C)C=O.O',)","('[K+].[F-]',)"
1720,9,"('O.COCCOC',)","('CCN(CC)CC',)"
1720,10,"('O.C1COCCO1',)","('O=C([O-])O.[Na+],O=C([O-])[O-].[Na+].[Na+]',)"
924,1,"('CCO.Cc1ccccc1',)","('O=C([O-])[O-].[K+].[K+]',)"
924,2,"('O.COCCOC',)","('O=C([O-])[O-].[Na+].[Na+]',)"
924,3,"('COCCOC',)","('O=C([O-])O.[Na+]',)"
924,4,"('O.CCOC(C)=O.C1COCCO1',)","('No Base',)"
924,5,"('O.C1COCCO1',)","('O=P([O-])([O-])[O-].[K+].[K+].[K+]',)"
924,6,"('No Solvent',)","('O=C([O-])O.[Na+],O=C([O-])[O-].[Na+].[Na+]',)"
924,7,"('CCO.Cc1ccccc1.O',)","('[K+].[F-]',)"
924,8,"('COCCOC.ClCCl',)","('O=C([O-])[O-].[Cs+].[Cs+]',)"
924,9,"('C1COCCO1',)","('[Cs+].[F-]',)"
924,10,"('O.COCCOC.ClCCl',)","('CCN(CC)CC',)"
2290,1,"('CCO.Cc1ccccc1.O',)","('O=C([O-])[O-].[Na+].[Na+]',)"
2290,2,"('C1COCCO1',)","('O=C([O-])O.[Na+]',)"
2290,3,"('COCCOC.CCOC(C)=O',)","('O=C([O-])[O-].[Cs+].[Cs+]',)"
2290,4,"('COCCOC',)","('O=P([O-])([O-])[O-].[K+].[K+].[K+]',)"
2290,5,"('CN(C)C=O',)","('No Base',)"
2290,6,"('O.COCCOC',)","('O=C([O-])O.[Na+],O=C([O-])[O-].[Na+].[Na+]',)"
2290,7,"('CN(C)C=O.O',)","('O=C([O-])[O-].[K+].[K+]',)"
2290,8,"('CCOC(C)=O.CC#N',)","('[K+].[F-]',)"
2290,9,"('O.C1COCCO1',)","('[Cs+].[F-]',)"
2290,10,"('CCO.Cc1ccccc1',)","('[OH-].[Na+]',)"
4266,1,"('CCO.O.COCCOC',)","('O=C([O-])[O-].[Cs+].[Cs+]',)"
4266,2,"('CN(C)C=O.O.CCOC(C)=O',)","('O=C([O-])[O-].[Na+].[Na+]',)"
4266,3,"('O.C1COCCO1',)","('O=C([O-])[O-].[K+].[K+]',)"
4266,4,"('CN(C)C=O',)","('O=P([O-])([O-])[O-].[K+].[K+].[K+]',)"
4266,5,"('CCO.Cc1ccccc1',)","('No Base',)"
4266,6,"('No Solvent',)","('O=C([O-])O.[Na+],O=C([O-])[O-].[Na+].[Na+]',)"
4266,7,"('Cc1ccccc1',)","('O=C([O-])O.[Na+],O=C([O-])[O-].[K+].[K+]',)"
4266,8,"('CCO.O.CCOC(C)=O.COCCOC',)","('CC(=O)[O-].[K+]',)"
4266,9,"('CN(C)C=O.O',)","('[K+].[F-]',)"
4266,10,"('COCCOC.ClCCl',)","('CCN(CC)CC',)"
2597,1,"('O.CC#N',)","('O=C([O-])[O-].[Na+].[Na+]',)"
2597,2,"('CN(C)C=O',)","('O=P([O-])([O-])[O-].[K+].[K+].[K+]',)"
2597,3,"('CN(C)C=O.O',)","('O=C([O-])[O-].[K+].[K+]',)"
2597,4,"('C1COCCO1',)","('O=C([O-])[O-].[Cs+].[Cs+]',)"
2597,5,"('O.C1COCCO1',)","('O=C([O-])O.[Na+]',)"
2597,6,"('O.CCOC(C)=O.C1COCCO1',)","('No Base',)"
2597,7,"('Cc1ccccc1',)","('O=C([O-])O.[Na+],O=C([O-])[O-].[Na+].[Na+]',)"
2597,8,"('C1CCOC1',)","('[K+].[F-]',)"
2597,9,"('CCO.O.COCCOC',)","('[Cs+].[F-]',)"
2597,10,"('Cc1ccccc1.O',)","('CCN(CC)CC',)"
4488,1,"('O.COCCOC',)","('O=C([O-])[O-].[Na+].[Na+]',)"
4488,2,"('CCO.Cc1ccccc1',)","('O=C([O-])[O-].[K+].[K+]',)"
4488,3,"('C1COCCO1',)","('O=C([O-])O.[Na+]',)"
4488,4,"('C1CCOC1',)","('O=P([O-])([O-])[O-].[K+].[K+].[K+]',)"
4488,5,"('COCCOC',)","('No Base',)"
4488,6,"('No Solvent',)","('O=C([O-])[O-].[Cs+].[Cs+]',)"
4488,7,"('O.C1COCCO1',)","('[Cs+].[F-]',)"
4488,8,"('O.CC#N',)","('O=C([O-])O.[Na+],O=C([O-])[O-].[Na+].[Na+]',)"
4488,9,"('CN(C)C=O',)","('[K+].[F-]',)"
4488,10,"('Cc1ccccc1',)","('[OH-].[Na+]',)"
1153,1,"('CCOC(C)=O.C1COCCO1',)","('O=C([O-])[O-].[Cs+].[Cs+]',)"
1153,2,"('ClCCl.C1COCCO1.CCOC(C)=O',)","('O=C([O-])[O-].[Na+].[Na+]',)"
1153,3,"('CN(C)C=O',)","('O=C([O-])[O-].[K+].[K+]',)"
1153,4,"('O.C1COCCO1',)","('O=P([O-])([O-])[O-].[K+].[K+].[K+]',)"
1153,5,"('CCO.O.COCCOC',)","('O=C([O-])O.[Na+]',)"
1153,6,"('O.C1COCCO1.ClCCl',)","('No Base',)"
1153,7,"('C1COCCO1',)","('O=C([O-])O.[Na+],O=C([O-])[O-].[Na+].[Na+]',)"
1153,8,"('CCO.Cc1ccccc1',)","('[Cs+].[F-]',)"
1153,9,"('O.CCOC(C)=O.C1COCCO1',)","('CC(=O)[O-].[K+]',)"
1153,10,"('O.COCCOC',)","('[K+].[F-]',)"
33,1,"('No Solvent',)","('O=C([O-])[O-].[Na+].[Na+]',)"
33,2,"('O.COCCOC',)","('No Base',)"
33,3,"('O.C1COCCO1',)","('O=C([O-])[O-].[Cs+].[Cs+]',)"
33,4,"('CN(C)C=O',)","('O=C([O-])[O-].[K+].[K+]',)"
33,5,"('O.C1CCOC1',)","('O=P([O-])([O-])[O-].[K+].[K+].[K+]',)"
33,6,"('COCCOC',)","('O=C([O-])O.[Na+]',)"
33,7,"('Cc1ccccc1.O',)","('[K+].[F-]',)"
33,8,"('CCO.COCCOC',)","('O=C([O-])O.[Na+],O=C([O-])[O-].[Na+].[Na+]',)"
33,9,"('CC#N',)","('[Cs+].[F-]',)"
33,10,"('CCO.O.COCCOC',)","('CCN(CC)CC',)"
1715,1,"('O.COCCOC',)","('O=C([O-])[O-].[Na+].[Na+]',)"
1715,2,"('O.C1COCCO1',)","('O=C([O-])[O-].[K+].[K+]',)"
1715,3,"('COCCOC',)","('O=P([O-])([O-])[O-].[K+].[K+].[K+]',)"
1715,4,"('No Solvent',)","('O=C([O-])[O-].[Cs+].[Cs+]',)"
1715,5,"('C1COCCO1',)","('[K+].[F-]',)"
1715,6,"('CN(C)C=O',)","('No Base',)"
1715,7,"('O.C1CCOC1',)","('O=C([O-])O.[Na+]',)"
1715,8,"('COCCOC.ClCCl',)","('O=C([O-])O.[Na+],O=C([O-])[O-].[Na+].[Na+]',)"
1715,9,"('Cc1ccccc1.O',)","('CCN(CC)CC',)"
1715,10,"('O.COCCOC.CCOC(C)=O',)","('[OH-].[Na+]',)"
4916,1,"('O.C1COCCO1',)","('O=C([O-])[O-].[Cs+].[Cs+]',)"
4916,2,"('CN(C)C=O',)","('O=C([O-])[O-].[Na+].[Na+]',)"
4916,3,"('No Solvent',)","('O=C([O-])[O-].[K+].[K+]',)"
4916,4,"('CN(C)C=O.O',)","('O=P([O-])([O-])[O-].[K+].[K+].[K+]',)"
4916,5,"('O.CCOC(C)=O.C1COCCO1',)","('O=C([O-])O.[Na+]',)"
4916,6,"('CCO.Cc1ccccc1.O',)","('No Base',)"
4916,7,"('O.C1COCCO1.ClCCl',)","('[K+].[F-]',)"
4916,8,"('COCCOC',)","('[Cs+].[F-]',)"
4916,9,"('CCO.O.COCCOC',)","('O=C([O-])O.[Na+],O=C([O-])[O-].[Na+].[Na+]',)"
4916,10,"('CCO.Cc1ccccc1',)","('CCN(CC)CC',)"
5191,1,"('No Solvent',)","('O=C([O-])[O-].[K+].[K+]',)"
5191,2,"('O.C1COCCO1',)","('O=C([O-])[O-].[Na+].[Na+]',)"
5191,3,"('C1COCCO1',)","('O=P([O-])([O-])[O-].[K+].[K+].[K+]',)"
5191,4,"('O.COCCOC',)","('No Base',)"
5191,5,"('O.CCOC(C)=O.C1COCCO1',)","('O=C([O-])[O-].[Cs+].[Cs+]',)"
5191,6,"('COCCOC',)","('O=C([O-])O.[Na+]',)"
5191,7,"('CN(C)C=O',)","('[K+].[F-]',)"
5191,8,"('CCO.O.COCCOC',)","('O=C([O-])O.[Na+],O=C([O-])[O-].[Na+].[Na+]',)"
5191,9,"('CN(C)C=O.O',)","('[Cs+].[F-]',)"
5191,10,"('O.COCCOC.CCOC(C)=O',)","('[OH-].[Na+]',)"
4636,1,"('C1COCCO1',)","('O=C([O-])[O-].[K+].[K+]',)"
4636,2,"('O.COCCOC',)","('O=C([O-])[O-].[Na+].[Na+]',)"
4636,3,"('COCCOC',)","('O=C([O-])[O-].[Cs+].[Cs+]',)"
4636,4,"('O.C1COCCO1',)","('O=P([O-])([O-])[O-].[K+].[K+].[K+]',)"
4636,5,"('O.C1CCOC1',)","('[Cs+].[F-]',)"
4636,6,"('O',)","('O=C([O-])O.[Na+]',)"
4636,7,"('O.C1COCCO1.ClCCl',)","('No Base',)"
4636,8,"('CCO.Cc1ccccc1',)","('[K+].[F-]',)"
4636,9,"('No Solvent',)","('O=C([O-])O.[Na+],O=C([O-])[O-].[Na+].[Na+]',)"
4636,10,"('O.CCOC(C)=O.C1COCCO1',)","('CC(=O)[O-].[K+]',)"
2086,1,"('COCCOC',)","('O=C([O-])[O-].[Na+].[Na+]',)"
2086,2,"('O.COCCOC',)","('O=C([O-])[O-].[K+].[K+]',)"
2086,3,"('CN(C)C=O',)","('O=C([O-])O.[Na+]',)"
2086,4,"('O.C1CCOC1',)","('O=P([O-])([O-])[O-].[K+].[K+].[K+]',)"
2086,5,"('O.C1COCCO1',)","('No Base',)"
2086,6,"('O.COCCOC.CCOC(C)=O',)","('[Cs+].[F-]',)"
2086,7,"('O.CC#N',)","('O=C([O-])[O-].[Cs+].[Cs+]',)"
2086,8,"('No Solvent',)","('O=C([O-])O.[Na+],O=C([O-])[O-].[Na+].[Na+]',)"
2086,9,"('CN(C)C=O.O',)","('[K+].[F-]',)"
2086,10,"('CCO.Cc1ccccc1.O',)","('CC(=O)[O-].[K+]',)"
4903,1,"('O.C1COCCO1',)","('O=C([O-])[O-].[Cs+].[Cs+]',)"
4903,2,"('COCCOC',)","('O=C([O-])[O-].[Na+].[Na+]',)"
4903,3,"('CCO.Cc1ccccc1.O',)","('O=C([O-])O.[Na+]',)"
4903,4,"('CCO.Cc1ccccc1',)","('O=C([O-])[O-].[K+].[K+]',)"
4903,5,"('CN(C)C=O',)","('O=P([O-])([O-])[O-].[K+].[K+].[K+]',)"
4903,6,"('O.CCOC(C)=O.C1COCCO1',)","('No Base',)"
4903,7,"('CN(C)C=O.O',)","('[K+].[F-]',)"
4903,8,"('C1COCCO1',)","('[Cs+].[F-]',)"
4903,9,"('O.C1COCCO1.ClCCl',)","('[OH-].[Na+]',)"
4903,10,"('CCO.O.COCCOC',)","('CCN(CC)CC',)"
3381,1,"('O.COCCOC',)","('O=C([O-])[O-].[Na+].[Na+]',)"
3381,2,"('O.CC#N',)","('O=C([O-])[O-].[Cs+].[Cs+]',)"
3381,3,"('O.C1COCCO1',)","('O=C([O-])[O-].[K+].[K+]',)"
3381,4,"('O.C1CCOC1',)","('No Base',)"
3381,5,"('Cc1ccccc1',)","('O=P([O-])([O-])[O-].[K+].[K+].[K+]',)"
3381,6,"('CCO.Cc1ccccc1.O',)","('O=C([O-])O.[Na+],O=C([O-])[O-].[Na+].[Na+]',)"
3381,7,"('O.CCOC(C)=O.C1COCCO1',)","('O=C([O-])O.[Na+]',)"
3381,8,"('CCO.Cc1ccccc1',)","('[K+].[F-]',)"
3381,9,"('No Solvent',)","('[OH-].[Na+]',)"
3381,10,"('COCCOC',)","('CCN(CC)CC',)"
4981,1,"('CCO.Cc1ccccc1',)","('O=C([O-])[O-].[K+].[K+]',)"
4981,2,"('Cc1ccccc1.O',)","('O=C([O-])[O-].[Na+].[Na+]',)"
4981,3,"('COCCOC',)","('O=P([O-])([O-])[O-].[K+].[K+].[K+]',)"
4981,4,"('O.CC#N',)","('No Base',)"
4981,5,"('O.C1COCCO1',)","('[K+].[F-]',)"
4981,6,"('O.COCCOC',)","('O=C([O-])O.[Na+]',)"
4981,7,"('CCO.Cc1ccccc1.O',)","('[OH-].[Na+]',)"
4981,8,"('CN(C)C=O.O',)","('O=C([O-])[O-].[Cs+].[Cs+]',)"
4981,9,"('CCO.O.COCCOC',)","('CCN(CC)CC',)"
4981,10,"('Cc1ccccc1.O.CCOC(C)=O',)","('O=C([O-])O.[Na+],O=C([O-])[O-].[Na+].[Na+]',)"
397,1,"('O.C1COCCO1.ClCCl',)","('O=C([O-])[O-].[K+].[K+]',)"
397,2,"('CCO.Cc1ccccc1.O',)","('O=C([O-])[O-].[Na+].[Na+]',)"
397,3,"('O.C1CCOC1',)","('No Base',)"
397,4,"('C1COCCO1',)","('[OH-].[Na+]',)"
397,5,"('CN(C)C=O',)","('O=C([O-])[O-].[Cs+].[Cs+]',)"
397,6,"('O.C1COCCO1',)","('O=P([O-])([O-])[O-].[K+].[K+].[K+]',)"
397,7,"('No Solvent',)","('O=C([O-])O.[Na+]',)"
397,8,"('C1CCOC1.CCOC(C)=O',)","('[Cs+].[F-]',)"
397,9,"('COCCOC',)","('O=C([O-])O.[Na+],O=C([O-])[O-].[Na+].[Na+]',)"
397,10,"('Cc1ccccc1.O',)","('CCN(CC)CC',)"
3063,1,"('CCO.Cc1ccccc1.O',)","('O=C([O-])[O-].[Na+].[Na+]',)"
3063,2,"('O.C1COCCO1',)","('O=C([O-])[O-].[K+].[K+]',)"
3063,3,"('COCCOC',)","('O=P([O-])([O-])[O-].[K+].[K+].[K+]',)"
3063,4,"('O.COCCOC',)","('O=C([O-])[O-].[Cs+].[Cs+]',)"
3063,5,"('C1COCCO1',)","('No Base',)"
3063,6,"('O.CCOC(C)=O.C1COCCO1',)","('O=C([O-])O.[Na+]',)"
3063,7,"('CN(C)C=O',)","('O=C([O-])O.[Na+],O=C([O-])[O-].[Na+].[Na+]',)"
3063,8,"('O.CC#N',)","('[K+].[F-]',)"
3063,9,"('Cc1ccccc1',)","('[OH-].[Na+]',)"
3063,10,"('CN(C)C=O.O',)","('[Cs+].[F-]',)"
3102,1,"('CN(C)C=O',)","('O=C([O-])[O-].[Na+].[Na+]',)"
3102,2,"('O.COCCOC',)","('O=C([O-])[O-].[Cs+].[Cs+]',)"
3102,3,"('O.C1COCCO1',)","('O=P([O-])([O-])[O-].[K+].[K+].[K+]',)"
3102,4,"('O.CCOC(C)=O.C1COCCO1',)","('No Base',)"
3102,5,"('C1COCCO1',)","('O=C([O-])[O-].[K+].[K+]',)"
3102,6,"('CCO.Cc1ccccc1.O',)","('[K+].[F-]',)"
3102,7,"('No Solvent',)","('O=C([O-])O.[Na+]',)"
3102,8,"('C1COCCO1.ClCCl',)","('CCN(CC)CC',)"
3102,9,"('COCCOC',)","('O=C([O-])O.[Na+],O=C([O-])[O-].[Na+].[Na+]',)"
3102,10,"('CCO.Cc1ccccc1',)","('[Cs+].[F-]',)"
1703,1,"('CN(C)C=O',)","('O=C([O-])[O-].[Na+].[Na+]',)"
1703,2,"('O.C1COCCO1',)","('O=P([O-])([O-])[O-].[K+].[K+].[K+]',)"
1703,3,"('C1COCCO1',)","('O=C([O-])[O-].[K+].[K+]',)"
1703,4,"('COCCOC',)","('O=C([O-])O.[Na+]',)"
1703,5,"('CCO.Cc1ccccc1.CCOC(C)=O',)","('O=C([O-])[O-].[Cs+].[Cs+]',)"
1703,6,"('CCO.Cc1ccccc1',)","('[Cs+].[F-]',)"
1703,7,"('O.COCCOC',)","('No Base',)"
1703,8,"('CN(C)C=O.O',)","('[OH-].[Na+]',)"
1703,9,"('O.C1COCCO1.ClCCl',)","('CCN(CC)CC',)"
1703,10,"('COCCOC.CCOC(C)=O',)","('CC(=O)[O-].[K+]',)"
3297,1,"('O.C1COCCO1',)","('O=C([O-])[O-].[Cs+].[Cs+]',)"
3297,2,"('O.CCOC(C)=O.C1COCCO1',)","('O=C([O-])[O-].[Na+].[Na+]',)"
3297,3,"('No Solvent',)","('O=C([O-])[O-].[K+].[K+]',)"
3297,4,"('CN(C)C=O.O',)","('O=C([O-])O.[Na+]',)"
3297,5,"('C1COCCO1',)","('No Base',)"
3297,6,"('COCCOC',)","('O=P([O-])([O-])[O-].[K+].[K+].[K+]',)"
3297,7,"('C1CCOC1',)","('O=C([O-])O.[Na+],O=C([O-])[O-].[Na+].[Na+]',)"
3297,8,"('O.COCCOC',)","('[K+].[F-]',)"
3297,9,"('CCO.Cc1ccccc1.O',)","('[OH-].[Na+]',)"
3297,10,"('COCCOC.ClCCl',)","('[Cs+].[F-]',)"
1925,1,"('COCCOC',)","('O=C([O-])[O-].[Na+].[Na+]',)"
1925,2,"('O.COCCOC',)","('O=C([O-])[O-].[K+].[K+]',)"
1925,3,"('No Solvent',)","('O=C([O-])[O-].[Cs+].[Cs+]',)"
1925,4,"('O.C1COCCO1',)","('O=C([O-])O.[Na+]',)"
1925,5,"('CCO.Cc1ccccc1',)","('O=P([O-])([O-])[O-].[K+].[K+].[K+]',)"
1925,6,"('O.CC#N',)","('O=C([O-])O.[Na+],O=C([O-])[O-].[Na+].[Na+]',)"
1925,7,"('CN(C)C=O.O',)","('No Base',)"
1925,8,"('C1COCCO1',)","('[K+].[F-]',)"
1925,9,"('C1CCOC1',)","('[Cs+].[F-]',)"
1925,10,"('Cc1ccccc1.O',)","('[OH-].[Na+]',)"
4349,1,"('O.C1COCCO1',)","('O=C([O-])[O-].[Na+].[Na+]',)"
4349,2,"('COCCOC',)","('O=C([O-])[O-].[K+].[K+]',)"
4349,3,"('C1COCCO1',)","('O=C([O-])O.[Na+]',)"
4349,4,"('O.COCCOC.CCOC(C)=O',)","('O=P([O-])([O-])[O-].[K+].[K+].[K+]',)"
4349,5,"('O.CCOC(C)=O.C1COCCO1',)","('O=C([O-])[O-].[Cs+].[Cs+]',)"
4349,6,"('CCOC(C)=O.C1COCCO1',)","('No Base',)"
4349,7,"('COCCOC.ClCCl',)","('[Cs+].[F-]',)"
4349,8,"('O.COCCOC',)","('[OH-].[Na+]',)"
4349,9,"('CN(C)C=O.O',)","('[K+].[F-]',)"
4349,10,"('O.C1CCOC1',)","('O=C([O-])O.[Na+],O=C([O-])[O-].[Na+].[Na+]',)"
1090,1,"('O.C1COCCO1',)","('O=C([O-])[O-].[K+].[K+]',)"
1090,2,"('CN(C)C=O',)","('CCN(CC)CC',)"
1090,3,"('CCO',)","('O=C([O-])[O-].[Na+].[Na+]',)"
1090,4,"('O.COCCOC',)","('O=C([O-])[O-].[Cs+].[Cs+]',)"
1090,5,"('CCO.Cc1ccccc1.O',)","('O=P([O-])([O-])[O-].[K+].[K+].[K+]',)"
1090,6,"('COCCOC',)","('O=C([O-])O.[Na+]',)"
1090,7,"('CC#N',)","('No Base',)"
1090,8,"('Cc1ccccc1.O',)","('O=C([O-])O.[Na+],O=C([O-])[O-].[Na+].[Na+]',)"
1090,9,"('O.C1CCOC1',)","('[Cs+].[F-]',)"
1090,10,"('CCO.Cc1ccccc1',)","('[OH-].[Na+]',)"
2632,1,"('O.COCCOC.ClCCl',)","('O=C([O-])O.[Na+]',)"
2632,2,"('O.C1COCCO1.ClCCl',)","('O=C([O-])[O-].[Na+].[Na+]',)"
2632,3,"('CO.O.C1COCCO1.ClCCl',)","('O=C([O-])[O-].[K+].[K+]',)"
2632,4,"('COCCOC',)","('O=C([O-])[O-].[Cs+].[Cs+]',)"
2632,5,"('O.C1COCCO1',)","('O=P([O-])([O-])[O-].[K+].[K+].[K+]',)"
2632,6,"('O.CCOC(C)=O.C1COCCO1',)","('No Base',)"
2632,7,"('CN(C)C=O',)","('[Cs+].[F-]',)"
2632,8,"('C1COCCO1',)","('CCN(CC)CC',)"
2632,9,"('C1COCCO1.ClCCl',)","('O=C([O-])O.[Na+],O=C([O-])[O-].[Na+].[Na+]',)"
2632,10,"('CN(C)C=O.O',)","('CC(=O)[O-].[K+]',)"
3103,1,"('CN(C)C=O',)","('O=C([O-])[O-].[Na+].[Na+]',)"
3103,2,"('O.CCOC(C)=O.C1COCCO1',)","('O=C([O-])[O-].[Cs+].[Cs+]',)"
3103,3,"('O.C1COCCO1',)","('O=P([O-])([O-])[O-].[K+].[K+].[K+]',)"
3103,4,"('O.COCCOC',)","('No Base',)"
3103,5,"('No Solvent',)","('O=C([O-])[O-].[K+].[K+]',)"
3103,6,"('C1COCCO1',)","('O=C([O-])O.[Na+]',)"
3103,7,"('CCO.Cc1ccccc1.O',)","('[K+].[F-]',)"
3103,8,"('C1COCCO1.ClCCl',)","('CCN(CC)CC',)"
3103,9,"('COCCOC',)","('O=C([O-])O.[Na+],O=C([O-])[O-].[Na+].[Na+]',)"
3103,10,"('CCO.Cc1ccccc1',)","('[Cs+].[F-]',)"
757,1,"('C1COCCO1',)","('O=C([O-])[O-].[Na+].[Na+]',)"
757,2,"('O.COCCOC',)","('O=C([O-])[O-].[K+].[K+]',)"
757,3,"('Cc1ccccc1.O',)","('O=C([O-])[O-].[Cs+].[Cs+]',)"
757,4,"('O.CCOC(C)=O.C1COCCO1',)","('O=P([O-])([O-])[O-].[K+].[K+].[K+]',)"
757,5,"('COCCOC',)","('O=C([O-])O.[Na+]',)"
757,6,"('CN(C)C=O.O',)","('No Base',)"
757,7,"('CN(C)C=O',)","('O=C([O-])O.[Na+],O=C([O-])[O-].[Na+].[Na+]',)"
757,8,"('O.C1COCCO1',)","('[K+].[F-]',)"
757,9,"('Cc1ccccc1',)","('[Cs+].[F-]',)"
757,10,"('O.C1CCOC1',)","('[OH-].[Na+]',)"
452,1,"('O.C1CCOC1',)","('O=C([O-])[O-].[Na+].[Na+]',)"
452,2,"('COCCOC',)","('O=C([O-])[O-].[K+].[K+]',)"
452,3,"('C1COCCO1',)","('No Base',)"
452,4,"('CN(C)C=O',)","('O=P([O-])([O-])[O-].[K+].[K+].[K+]',)"
452,5,"('No Solvent',)","('[K+].[F-]',)"
452,6,"('CCO.Cc1ccccc1.O',)","('O=C([O-])O.[Na+]',)"
452,7,"('O.COCCOC',)","('[Cs+].[F-]',)"
452,8,"('O.C1COCCO1',)","('O=C([O-])[O-].[Cs+].[Cs+]',)"
452,9,"('O.CCOC(C)=O.COCCOC',)","('O=C([O-])O.[Na+],O=C([O-])[O-].[Na+].[Na+]',)"
452,10,"('O.COCCOC.CCOC(C)=O',)","('CC(=O)[O-].[K+]',)"
3564,1,"('COCCOC',)","('O=P([O-])([O-])[O-].[K+].[K+].[K+]',)"
3564,2,"('O.C1COCCO1',)","('O=C([O-])[O-].[K+].[K+]',)"
3564,3,"('ClCCl',)","('O=C([O-])[O-].[Cs+].[Cs+]',)"
3564,4,"('C1COCCO1',)","('No Base',)"
3564,5,"('O.C1CCOC1',)","('O=C([O-])[O-].[Na+].[Na+]',)"
3564,6,"('COCCOC.CCOC(C)=O',)","('O=C([O-])O.[Na+]',)"
3564,7,"('CCOC(C)=O.C1COCCO1',)","('[Cs+].[F-]',)"
3564,8,"('O.COCCOC',)","('CC(=O)[O-].[K+]',)"
3564,9,"('COCCOC.ClCCl',)","('[OH-].[Na+]',)"
3564,10,"('CN(C)C=O',)","('O=C([O-])O.[Na+],O=C([O-])[O-].[Na+].[Na+]',)"
2339,1,"('O.C1COCCO1.ClCCl',)","('O=C([O-])[O-].[K+].[K+]',)"
2339,2,"('O.C1COCCO1',)","('O=C([O-])[O-].[Cs+].[Cs+]',)"
2339,3,"('C1COCCO1',)","('O=C([O-])[O-].[Na+].[Na+]',)"
2339,4,"('CN(C)C=O.O',)","('O=P([O-])([O-])[O-].[K+].[K+].[K+]',)"
2339,5,"('Cc1ccccc1',)","('O=C([O-])O.[Na+]',)"
2339,6,"('O.CC#N',)","('No Base',)"
2339,7,"('COCCOC',)","('CCN(CC)CC',)"
2339,8,"('CN(C)C=O',)","('[Cs+].[F-]',)"
2339,9,"('O.CCOC(C)=O.C1COCCO1',)","('O=C([O-])O.[Na+],O=C([O-])[O-].[Na+].[Na+]',)"
2339,10,"('No Solvent',)","('[OH-].[Na+]',)"
1496,1,"('No Solvent',)","('O=C([O-])[O-].[K+].[K+]',)"
1496,2,"('O.C1COCCO1',)","('O=C([O-])[O-].[Cs+].[Cs+]',)"
1496,3,"('O.CCOC(C)=O.C1COCCO1',)","('O=C([O-])[O-].[Na+].[Na+]',)"
1496,4,"('COCCOC',)","('O=P([O-])([O-])[O-].[K+].[K+].[K+]',)"
1496,5,"('CCO.Cc1ccccc1.O',)","('No Base',)"
1496,6,"('CN(C)C=O',)","('O=C([O-])O.[Na+]',)"
1496,7,"('CCO.Cc1ccccc1',)","('[K+].[F-]',)"
1496,8,"('O.COCCOC',)","('O=C([O-])O.[Na+],O=C([O-])[O-].[Na+].[Na+]',)"
1496,9,"('C1CCOC1',)","('[Cs+].[F-]',)"
1496,10,"('Cc1ccccc1.O',)","('CC(=O)[O-].[K+]',)"
5236,1,"('CCO.Cc1ccccc1.O',)","('O=C([O-])[O-].[Na+].[Na+]',)"
5236,2,"('O.C1COCCO1',)","('O=P([O-])([O-])[O-].[K+].[K+].[K+]',)"
5236,3,"('CN(C)C=O',)","('O=C([O-])[O-].[K+].[K+]',)"
5236,4,"('C1COCCO1',)","('O=C([O-])[O-].[Cs+].[Cs+]',)"
5236,5,"('No Solvent',)","('O=C([O-])O.[Na+]',)"
5236,6,"('O.CCOC(C)=O.C1COCCO1',)","('No Base',)"
5236,7,"('CCO.Cc1ccccc1.CCOC(C)=O',)","('[Cs+].[F-]',)"
5236,8,"('COCCOC',)","('O=C([O-])O.[Na+],O=C([O-])[O-].[Na+].[Na+]',)"
5236,9,"('O.C1CCOC1',)","('O=P([O-])([O-])[O-].[Na+].[Na+].[Na+],O=C([O-])O.[K+],O=C([O-])O.[Na+],O=P([O-])([O-])[O-].[K+].[K+].[K+]',)"
5236,10,"('O.COCCOC',)","('CCN(CC)CC',)"
4114,1,"('O.C1COCCO1',)","('O=C([O-])[O-].[Na+].[Na+]',)"
4114,2,"('O.COCCOC',)","('O=C([O-])[O-].[K+].[K+]',)"
4114,3,"('CN(C)C=O',)","('O=P([O-])([O-])[O-].[K+].[K+].[K+]',)"
4114,4,"('C1COCCO1',)","('O=C([O-])[O-].[Cs+].[Cs+]',)"
4114,5,"('Cc1ccccc1',)","('No Base',)"
4114,6,"('No Solvent',)","('CCN(CC)CC',)"
4114,7,"('CCO.O.COCCOC',)","('O=C([O-])O.[Na+]',)"
4114,8,"('CCO.Cc1ccccc1.O',)","('CC(=O)[O-].[K+]',)"
4114,9,"('O.CCOC(C)=O.C1COCCO1',)","('[K+].[F-]',)"
4114,10,"('C1COCCO1.ClCCl',)","('[Cs+].[F-]',)"
3193,1,"('O.CC#N',)","('O=P([O-])([O-])[O-].[Na+].[Na+].[Na+],CC(=O)[O-].[Na+],CC(=O)[O-].[K+],O=P([O-])([O-])[O-].[K+].[K+].[K+]',)"
3193,2,"('O.C1CCOC1',)","('O=P([O-])([O-])[O-].[K+].[K+].[K+]',)"
3193,3,"('O.COCCOC',)","('O=C([O-])[O-].[Na+].[Na+]',)"
3193,4,"('CN(C)C=O.O',)","('No Base',)"
3193,5,"('CCO.Cc1ccccc1.O',)","('O=C([O-])[O-].[Cs+].[Cs+]',)"
3193,6,"('C1COCCO1',)","('O=C([O-])[O-].[K+].[K+]',)"
3193,7,"('CCO.O.COCCOC',)","('O=C([O-])O.[Na+]',)"
3193,8,"('O.CCOC(C)=O.C1COCCO1',)","('O=P([O-])([O-])[O-].[K+].[K+].[K+],CC(=O)[O-].[K+]',)"
3193,9,"('CC#N',)","('[K+].[F-]',)"
3193,10,"('O.C1COCCO1',)","('[Cs+].[F-]',)"
4667,1,"('CN(C)C=O.O',)","('O=C([O-])[O-].[K+].[K+]',)"
4667,2,"('O.C1COCCO1',)","('O=C([O-])[O-].[Na+].[Na+]',)"
4667,3,"('O.COCCOC',)","('O=C([O-])O.[Na+]',)"
4667,4,"('O.C1COCCO1.ClCCl',)","('O=C([O-])[O-].[Cs+].[Cs+]',)"
4667,5,"('CN(C)C=O',)","('O=P([O-])([O-])[O-].[K+].[K+].[K+]',)"
4667,6,"('CCO.Cc1ccccc1.O',)","('No Base',)"
4667,7,"('CCO.Cc1ccccc1',)","('CCN(CC)CC',)"
4667,8,"('Cc1ccccc1.O',)","('[K+].[F-]',)"
4667,9,"('CCCO.O',)","('O=C([O-])O.[Na+],O=C([O-])[O-].[Na+].[Na+]',)"
4667,10,"('COCCOC',)","('[Cs+].[F-]',)"
3034,1,"('O.C1COCCO1',)","('O=C([O-])[O-].[K+].[K+]',)"
3034,2,"('O.CCOC(C)=O.C1COCCO1',)","('O=C([O-])[O-].[Na+].[Na+]',)"
3034,3,"('O.CC#N',)","('O=C([O-])[O-].[Cs+].[Cs+]',)"
3034,4,"('CCO.Cc1ccccc1.O',)","('O=P([O-])([O-])[O-].[K+].[K+].[K+]',)"
3034,5,"('O.COCCOC',)","('No Base',)"
3034,6,"('Cc1ccccc1.O',)","('O=C([O-])O.[Na+]',)"
3034,7,"('COCCOC',)","('O=C([O-])O.[Na+],O=C([O-])[O-].[Na+].[Na+]',)"
3034,8,"('CCO.Cc1ccccc1',)","('[K+].[F-]',)"
3034,9,"('CN(C)C=O',)","('CCN(CC)CC',)"
3034,10,"('COCCOC.ClCCl',)","('[Cs+].[F-]',)"
270,1,"('COCCOC',)","('O=C([O-])[O-].[Na+].[Na+]',)"
270,2,"('O.COCCOC',)","('O=C([O-])[O-].[K+].[K+]',)"
270,3,"('CCO.Cc1ccccc1',)","('No Base',)"
270,4,"('O.C1CCOC1',)","('O=C([O-])O.[Na+]',)"
270,5,"('CN(C)C=O.O',)","('O=C([O-])[O-].[Cs+].[Cs+]',)"
270,6,"('No Solvent',)","('O=P([O-])([O-])[O-].[K+].[K+].[K+]',)"
270,7,"('CN(C)C=O',)","('[K+].[F-]',)"
270,8,"('COCCOC.ClCCl',)","('[Cs+].[F-]',)"
270,9,"('Cc1ccccc1',)","('O=C([O-])O.[Na+],O=C([O-])[O-].[Na+].[Na+]',)"
270,10,"('CCO.Cc1ccccc1.O',)","('[OH-].[Na+]',)"
3195,1,"('O.CC#N',)","('O=P([O-])([O-])[O-].[Na+].[Na+].[Na+],CC(=O)[O-].[Na+],CC(=O)[O-].[K+],O=P([O-])([O-])[O-].[K+].[K+].[K+]',)"
3195,2,"('CN(C)C=O.O',)","('O=P([O-])([O-])[O-].[K+].[K+].[K+]',)"
3195,3,"('O.C1COCCO1',)","('O=C([O-])[O-].[Na+].[Na+]',)"
3195,4,"('O.C1CCOC1',)","('O=C([O-])[O-].[K+].[K+]',)"
3195,5,"('O.CCOC(C)=O.C1COCCO1',)","('O=C([O-])[O-].[Cs+].[Cs+]',)"
3195,6,"('No Solvent',)","('O=C([O-])O.[Na+]',)"
3195,7,"('CN(C)C=O',)","('O=P([O-])([O-])[O-].[K+].[K+].[K+],CC(=O)[O-].[K+]',)"
3195,8,"('CCO.O.COCCOC',)","('No Base',)"
3195,9,"('CCO.Cc1ccccc1.O',)","('[K+].[F-]',)"
3195,10,"('O.COCCOC',)","('CC(=O)[O-].[K+]',)"
4627,1,"('O.C1COCCO1',)","('O=C([O-])[O-].[K+].[K+]',)"
4627,2,"('CN(C)C=O.O',)","('O=P([O-])([O-])[O-].[K+].[K+].[K+]',)"
4627,3,"('O.CC#N',)","('O=C([O-])O.[Na+]',)"
4627,4,"('COCCOC',)","('No Base',)"
4627,5,"('CCOC(C)=O.C1COCCO1',)","('O=C([O-])[O-].[Na+].[Na+]',)"
4627,6,"('CN(C)C=O',)","('O=C([O-])[O-].[Cs+].[Cs+]',)"
4627,7,"('O.C1CCOC1',)","('[Cs+].[F-]',)"
4627,8,"('O.C1COCCO1.ClCCl',)","('O=C([O-])O.[Na+],O=C([O-])[O-].[Na+].[Na+]',)"
4627,9,"('O.COCCOC',)","('[K+].[F-]',)"
4627,10,"('CCO.Cc1ccccc1.CCOC(C)=O',)","('[OH-].[Na+]',)"
3597,1,"('Cc1ccccc1',)","('O=C([O-])[O-].[Na+].[Na+]',)"
3597,2,"('COCCOC.ClCCl',)","('O=C([O-])[O-].[K+].[K+]',)"
3597,3,"('CCO.Cc1ccccc1.O',)","('O=C([O-])[O-].[Cs+].[Cs+]',)"
3597,4,"('CN(C)C=O.O',)","('O=P([O-])([O-])[O-].[K+].[K+].[K+]',)"
3597,5,"('COCCOC',)","('No Base',)"
3597,6,"('O.COCCOC',)","('O=C([O-])O.[Na+]',)"
3597,7,"('O.C1COCCO1',)","('[Cs+].[F-]',)"
3597,8,"('O.CCOC(C)=O.C1COCCO1',)","('[K+].[F-]',)"
3597,9,"('CN(C)C=O',)","('[OH-].[Na+]',)"
3597,10,"('O.C1COCCO1.ClCCl',)","('CCN(CC)CC',)"
2680,1,"('O.C1COCCO1',)","('O=C([O-])[O-].[K+].[K+]',)"
2680,2,"('CCCO',)","('O=C([O-])[O-].[Na+].[Na+]',)"
2680,3,"('C1COCCO1',)","('O=C([O-])[O-].[Cs+].[Cs+]',)"
2680,4,"('COCCOC',)","('O=P([O-])([O-])[O-].[K+].[K+].[K+]',)"
2680,5,"('CCO.Cc1ccccc1',)","('No Base',)"
2680,6,"('O.COCCOC',)","('O=C([O-])O.[Na+]',)"
2680,7,"('No Solvent',)","('[K+].[F-]',)"
2680,8,"('O.CC#N',)","('O=C([O-])O.[Na+],O=C([O-])[O-].[Na+].[Na+]',)"
2680,9,"('O.COCCOC.CCOC(C)=O',)","('[Cs+].[F-]',)"
2680,10,"('CCO.O.COCCOC',)","('[OH-].[Na+]',)"
802,1,"('C1CCOC1',)","('O=C([O-])[O-].[Na+].[Na+]',)"
802,2,"('C1COCCO1',)","('O=C([O-])O.[Na+]',)"
802,3,"('O.C1COCCO1',)","('O=C([O-])[O-].[K+].[K+]',)"
802,4,"('COCCOC',)","('No Base',)"
802,5,"('O.COCCOC',)","('O=P([O-])([O-])[O-].[K+].[K+].[K+]',)"
802,6,"('CCO.Cc1ccccc1.O',)","('O=C([O-])[O-].[Cs+].[Cs+]',)"
802,7,"('CN(C)C=O',)","('[Cs+].[F-]',)"
802,8,"('CC#N',)","('O=C([O-])O.[Na+],O=C([O-])[O-].[Na+].[Na+]',)"
802,9,"('O.C1COCCO1.ClCCl',)","('[K+].[F-]',)"
802,10,"('O.CC#N',)","('CCN(CC)CC',)"
3561,1,"('C1COCCO1',)","('O=C([O-])[O-].[K+].[K+]',)"
3561,2,"('O.C1COCCO1',)","('O=C([O-])[O-].[Cs+].[Cs+]',)"
3561,3,"('COCCOC',)","('O=C([O-])[O-].[Na+].[Na+]',)"
3561,4,"('CN(C)C=O',)","('O=C([O-])O.[Na+]',)"
3561,5,"('O.COCCOC',)","('[Cs+].[F-]',)"
3561,6,"('O.CCOC(C)=O.C1COCCO1',)","('O=P([O-])([O-])[O-].[K+].[K+].[K+]',)"
3561,7,"('CCO.Cc1ccccc1.O',)","('No Base',)"
3561,8,"('No Solvent',)","('[K+].[F-]',)"
3561,9,"('O.CC#N',)","('O=C([O-])O.[Na+],O=C([O-])[O-].[Na+].[Na+]',)"
3561,10,"('CN(C)C=O.O',)","('CCN(CC)CC',)"
632,1,"('CCO.Cc1ccccc1',)","('O=C([O-])[O-].[K+].[K+]',)"
632,2,"('O.C1COCCO1',)","('O=C([O-])[O-].[Na+].[Na+]',)"
632,3,"('CCO.Cc1ccccc1.O',)","('O=C([O-])[O-].[Cs+].[Cs+]',)"
632,4,"('O.CC#N',)","('No Base',)"
632,5,"('Cc1ccccc1',)","('O=P([O-])([O-])[O-].[K+].[K+].[K+]',)"
632,6,"('C1COCCO1',)","('O=C([O-])O.[Na+]',)"
632,7,"('No Solvent',)","('[Cs+].[F-]',)"
632,8,"('O.COCCOC',)","('O=C([O-])O.[Na+],O=C([O-])[O-].[Na+].[Na+]',)"
632,9,"('Cc1ccccc1.O',)","('[OH-].[Na+]',)"
632,10,"('CN(C)C=O',)","('CCN(CC)CC',)"
5146,1,"('O.COCCOC',)","('O=C([O-])[O-].[Na+].[Na+]',)"
5146,2,"('CCO.Cc1ccccc1',)","('O=C([O-])[O-].[K+].[K+]',)"
5146,3,"('COCCOC',)","('O=P([O-])([O-])[O-].[K+].[K+].[K+]',)"
5146,4,"('O.C1COCCO1',)","('No Base',)"
5146,5,"('CCO.Cc1ccccc1.O',)","('O=C([O-])O.[Na+],O=C([O-])[O-].[Na+].[Na+]',)"
5146,6,"('O.CCOC(C)=O.C1COCCO1',)","('O=C([O-])O.[Na+]',)"
5146,7,"('C1CCOC1',)","('O=C([O-])[O-].[Cs+].[Cs+]',)"
5146,8,"('CN(C)C=O',)","('[Cs+].[F-]',)"
5146,9,"('C1COCCO1',)","('CCN(CC)CC',)"
5146,10,"('COCCOC.CCOC(C)=O',)","('[OH-].[Na+]',)"
5431,1,"('O.COCCOC',)","('O=C([O-])[O-].[Na+].[Na+]',)"
5431,2,"('C1COCCO1',)","('O=C([O-])[O-].[K+].[K+]',)"
5431,3,"('CN(C)C=O.O',)","('O=C([O-])[O-].[Cs+].[Cs+]',)"
5431,4,"('O.C1COCCO1',)","('O=P([O-])([O-])[O-].[K+].[K+].[K+]',)"
5431,5,"('CN(C)C=O',)","('[Cs+].[F-]',)"
5431,6,"('COCCOC',)","('No Base',)"
5431,7,"('No Solvent',)","('O=C([O-])O.[Na+]',)"
5431,8,"('O.CC#N',)","('[K+].[F-]',)"
5431,9,"('O.CCOC(C)=O.C1COCCO1',)","('O=C([O-])O.[Na+],O=C([O-])[O-].[Na+].[Na+]',)"
5431,10,"('CCO.COCCOC',)","('[OH-].[Na+]',)"
3758,1,"('O.C1COCCO1',)","('O=C([O-])[O-].[Na+].[Na+]',)"
3758,2,"('O.COCCOC',)","('O=C([O-])[O-].[K+].[K+]',)"
3758,3,"('CCO.Cc1ccccc1',)","('O=P([O-])([O-])[O-].[K+].[K+].[K+]',)"
3758,4,"('CCO.Cc1ccccc1.CCOC(C)=O',)","('No Base',)"
3758,5,"('COCCOC',)","('O=C([O-])O.[Na+]',)"
3758,6,"('CCO.Cc1ccccc1.O',)","('O=C([O-])[O-].[Cs+].[Cs+]',)"
3758,7,"('No Solvent',)","('[Cs+].[F-]',)"
3758,8,"('CN(C)C=O',)","('O=C([O-])O.[Na+],O=C([O-])[O-].[Na+].[Na+]',)"
3758,9,"('C1COCCO1',)","('[OH-].[Na+]',)"
3758,10,"('O.CCOC(C)=O.C1COCCO1',)","('CCN(CC)CC',)"
3825,1,"('C1COCCO1',)","('O=C([O-])[O-].[Na+].[Na+]',)"
3825,2,"('CCO.O.COCCOC',)","('O=C([O-])[O-].[K+].[K+]',)"
3825,3,"('CCO.Cc1ccccc1',)","('O=C([O-])[O-].[Cs+].[Cs+]',)"
3825,4,"('O.COCCOC',)","('O=C([O-])O.[Na+],O=C([O-])[O-].[Na+].[Na+]',)"
3825,5,"('O.C1COCCO1',)","('O=P([O-])([O-])[O-].[K+].[K+].[K+]',)"
3825,6,"('O.CCOC(C)=O.C1COCCO1',)","('O=C([O-])O.[Na+]',)"
3825,7,"('C1CCOC1',)","('No Base',)"
3825,8,"('COCCOC.ClCCl',)","('CC(=O)[O-].[K+]',)"
3825,9,"('CCO.Cc1ccccc1.O',)","('[Cs+].[F-]',)"
3825,10,"('O.CC#N',)","('[K+].[F-]',)"
2937,1,"('O.C1COCCO1',)","('O=C([O-])[O-].[Na+].[Na+]',)"
2937,2,"('C1COCCO1',)","('O=C([O-])[O-].[Cs+].[Cs+]',)"
2937,3,"('CN(C)C=O.O',)","('O=C([O-])[O-].[K+].[K+]',)"
2937,4,"('CN(C)C=O',)","('O=P([O-])([O-])[O-].[K+].[K+].[K+]',)"
2937,5,"('COCCOC',)","('O=C([O-])O.[Na+]',)"
2937,6,"('O.CCOC(C)=O.C1COCCO1',)","('No Base',)"
2937,7,"('O.COCCOC',)","('[Cs+].[F-]',)"
2937,8,"('O.CC#N',)","('CCN(CC)CC',)"
2937,9,"('No Solvent',)","('[OH-].[Na+]',)"
2937,10,"('CCO.O.COCCOC',)","('O=C([O-])O.[Na+],O=C([O-])[O-].[Na+].[Na+]',)"
2973,1,"('CCO.Cc1ccccc1',)","('O=C([O-])[O-].[K+].[K+]',)"
2973,2,"('CN(C)C=O.O',)","('O=C([O-])[O-].[Na+].[Na+]',)"
2973,3,"('C1COCCO1',)","('O=C([O-])O.[Na+]',)"
2973,4,"('COCCOC',)","('O=C([O-])[O-].[Cs+].[Cs+]',)"
2973,5,"('O.C1COCCO1',)","('O=P([O-])([O-])[O-].[K+].[K+].[K+]',)"
2973,6,"('O.C1CCOC1',)","('No Base',)"
2973,7,"('CN(C)C=O',)","('[K+].[F-]',)"
2973,8,"('O.COCCOC',)","('O=C([O-])O.[Na+],O=C([O-])[O-].[Na+].[Na+]',)"
2973,9,"('O.CC#N',)","('[Cs+].[F-]',)"
2973,10,"('O.COCCOC.ClCCl',)","('CCN(CC)CC',)"
4850,1,"('O.C1COCCO1',)","('O=C([O-])[O-].[Cs+].[Cs+]',)"
4850,2,"('O.CCOC(C)=O.C1COCCO1',)","('O=C([O-])[O-].[Na+].[Na+]',)"
4850,3,"('CN(C)C=O',)","('O=C([O-])[O-].[K+].[K+]',)"
4850,4,"('COCCOC',)","('O=P([O-])([O-])[O-].[K+].[K+].[K+]',)"
4850,5,"('CCO.Cc1ccccc1.O',)","('No Base',)"
4850,6,"('No Solvent',)","('O=C([O-])O.[Na+]',)"
4850,7,"('O.COCCOC',)","('[K+].[F-]',)"
4850,8,"('CCO.O.COCCOC',)","('[Cs+].[F-]',)"
4850,9,"('CCO.Cc1ccccc1',)","('O=C([O-])O.[Na+],O=C([O-])[O-].[Na+].[Na+]',)"
4850,10,"('O.CC#N',)","('CCN(CC)CC',)"
2931,1,"('O.C1COCCO1',)","('O=C([O-])[O-].[Na+].[Na+]',)"
2931,2,"('C1COCCO1',)","('O=C([O-])[O-].[K+].[K+]',)"
2931,3,"('O.CCOC(C)=O.C1COCCO1',)","('O=P([O-])([O-])[O-].[K+].[K+].[K+]',)"
2931,4,"('COCCOC',)","('O=C([O-])[O-].[Cs+].[Cs+]',)"
2931,5,"('CN(C)C=O',)","('O=C([O-])O.[Na+]',)"
2931,6,"('O.COCCOC.CCOC(C)=O',)","('No Base',)"
2931,7,"('CCO.Cc1ccccc1.O',)","('[OH-].[Na+]',)"
2931,8,"('CN(C)C=O.O',)","('CCN(CC)CC',)"
2931,9,"('No Solvent',)","('[Cs+].[F-]',)"
2931,10,"('O.COCCOC.ClCCl',)","('O=C([O-])O.[Na+],O=C([O-])[O-].[Na+].[Na+]',)"
832,1,"('CCO.Cc1ccccc1',)","('O=C([O-])[O-].[Na+].[Na+]',)"
832,2,"('O.C1COCCO1',)","('O=C([O-])[O-].[K+].[K+]',)"
832,3,"('CCO.Cc1ccccc1.O',)","('O=C([O-])O.[Na+]',)"
832,4,"('O.CCOC(C)=O.C1COCCO1',)","('O=P([O-])([O-])[O-].[K+].[K+].[K+]',)"
832,5,"('O.CC#N',)","('O=C([O-])[O-].[Cs+].[Cs+]',)"
832,6,"('COCCOC',)","('No Base',)"
832,7,"('CN(C)C=O',)","('O=C([O-])O.[Na+],O=C([O-])[O-].[Na+].[Na+]',)"
832,8,"('CC#N',)","('CCN(CC)CC',)"
832,9,"('COCCOC.CCOC(C)=O',)","('[OH-].[Na+]',)"
832,10,"('Cc1ccccc1',)","('CC(=O)[O-].[K+]',)"
3980,1,"('O.C1COCCO1',)","('O=C([O-])[O-].[Cs+].[Cs+]',)"
3980,2,"('C1COCCO1',)","('O=C([O-])[O-].[Na+].[Na+]',)"
3980,3,"('O.COCCOC',)","('[Cs+].[F-]',)"
3980,4,"('COCCOC',)","('CC(=O)[O-].[K+]',)"
3980,5,"('CN(C)C=O',)","('CCN(CC)CC',)"
3980,6,"('C1COCCO1.ClCCl',)","('O=P([O-])([O-])[O-].[K+].[K+].[K+]',)"
3980,7,"('CN(C)C=O.O',)","('O=C([O-])[O-].[K+].[K+]',)"
3980,8,"('O.CC#N',)","('O=C([O-])O.[Na+]',)"
3980,9,"('O.CCOC(C)=O.C1COCCO1',)","('No Base',)"
3980,10,"('Cc1ccccc1',)","('[K+].[F-]',)"
1768,1,"('O.C1COCCO1',)","('O=C([O-])[O-].[Na+].[Na+]',)"
1768,2,"('C1COCCO1',)","('O=C([O-])[O-].[K+].[K+]',)"
1768,3,"('CN(C)C=O',)","('O=C([O-])O.[Na+]',)"
1768,4,"('CCO.Cc1ccccc1.O',)","('O=P([O-])([O-])[O-].[K+].[K+].[K+]',)"
1768,5,"('O.CC#N',)","('O=C([O-])[O-].[Cs+].[Cs+]',)"
1768,6,"('O.C1COCCO1.ClCCl',)","('No Base',)"
1768,7,"('O.COCCOC',)","('[Cs+].[F-]',)"
1768,8,"('COCCOC',)","('CCN(CC)CC',)"
1768,9,"('CN(C)C=O.O',)","('O=C([O-])O.[Na+],O=C([O-])[O-].[Na+].[Na+]',)"
1768,10,"('CCO.Cc1ccccc1',)","('[OH-].[Na+]',)"
3598,1,"('O.C1COCCO1',)","('O=C([O-])[O-].[Na+].[Na+]',)"
3598,2,"('C1COCCO1',)","('O=C([O-])[O-].[K+].[K+]',)"
3598,3,"('O.COCCOC',)","('O=P([O-])([O-])[O-].[K+].[K+].[K+]',)"
3598,4,"('O.CCOC(C)=O.C1COCCO1',)","('O=C([O-])[O-].[Cs+].[Cs+]',)"
3598,5,"('O.C1CCOC1',)","('No Base',)"
3598,6,"('O.CC#N',)","('O=C([O-])O.[Na+]',)"
3598,7,"('CN(C)C=O',)","('[K+].[F-]',)"
3598,8,"('CCO.Cc1ccccc1',)","('[Cs+].[F-]',)"
3598,9,"('COCCOC',)","('O=C([O-])O.[Na+],O=C([O-])[O-].[Na+].[Na+]',)"
3598,10,"('No Solvent',)","('CCN(CC)CC',)"
4933,1,"('O.COCCOC',)","('O=P([O-])([O-])[O-].[K+].[K+].[K+]',)"
4933,2,"('CN(C)C=O.O',)","('O=C([O-])[O-].[K+].[K+]',)"
4933,3,"('O.C1COCCO1',)","('O=C([O-])[O-].[Cs+].[Cs+]',)"
4933,4,"('O.CC#N',)","('O=C([O-])[O-].[Na+].[Na+]',)"
4933,5,"('CCO.Cc1ccccc1',)","('O=C([O-])O.[Na+]',)"
4933,6,"('C1COCCO1',)","('[K+].[F-]',)"
4933,7,"('No Solvent',)","('No Base',)"
4933,8,"('O.CCOC(C)=O.C1COCCO1',)","('[Cs+].[F-]',)"
4933,9,"('Cc1ccccc1.O',)","('CCN(CC)CC',)"
4933,10,"('CCO.Cc1ccccc1.O',)","('O=C([O-])O.[Na+],O=C([O-])[O-].[Na+].[Na+]',)"
2567,1,"('No Solvent',)","('O=C([O-])[O-].[Na+].[Na+]',)"
2567,2,"('O.C1COCCO1',)","('O=C([O-])[O-].[K+].[K+]',)"
2567,3,"('COCCOC',)","('O=C([O-])[O-].[Cs+].[Cs+]',)"
2567,4,"('O.COCCOC',)","('O=P([O-])([O-])[O-].[K+].[K+].[K+]',)"
2567,5,"('CN(C)C=O',)","('No Base',)"
2567,6,"('O.CCOC(C)=O.C1COCCO1',)","('O=C([O-])O.[Na+]',)"
2567,7,"('CCO.Cc1ccccc1.O',)","('[Cs+].[F-]',)"
2567,8,"('O.C1CCOC1',)","('[K+].[F-]',)"
2567,9,"('C1COCCO1',)","('O=C([O-])O.[Na+],O=C([O-])[O-].[Na+].[Na+]',)"
2567,10,"('O.CC#N',)","('CCN(CC)CC',)"
2031,1,"('O.C1COCCO1',)","('O=C([O-])[O-].[Na+].[Na+]',)"
2031,2,"('C1COCCO1',)","('O=C([O-])[O-].[K+].[K+]',)"
2031,3,"('No Solvent',)","('O=P([O-])([O-])[O-].[K+].[K+].[K+]',)"
2031,4,"('O.COCCOC',)","('O=C([O-])[O-].[Cs+].[Cs+]',)"
2031,5,"('COCCOC',)","('O=C([O-])O.[Na+]',)"
2031,6,"('COCCOC.CCOC(C)=O',)","('No Base',)"
2031,7,"('CN(C)C=O',)","('[K+].[F-]',)"
2031,8,"('CN(C)C=O.O',)","('[Cs+].[F-]',)"
2031,9,"('O.CC#N',)","('CCN(CC)CC',)"
2031,10,"('CCO.COCCOC',)","('[OH-].[Na+]',)"
253,1,"('CCO.COCCOC',)","('O=C([O-])[O-].[Na+].[Na+]',)"
253,2,"('O.COCCOC',)","('No Base',)"
253,3,"('O.C1COCCO1',)","('O=C([O-])[O-].[K+].[K+]',)"
253,4,"('Cc1ccccc1.O',)","('O=C([O-])[O-].[Cs+].[Cs+]',)"
253,5,"('C1COCCO1',)","('[Cs+].[F-]',)"
253,6,"('COCCOC',)","('O=P([O-])([O-])[O-].[K+].[K+].[K+]',)"
253,7,"('CCO.Cc1ccccc1.O',)","('O=C([O-])O.[Na+]',)"
253,8,"('CCO.Cc1ccccc1',)","('[K+].[F-]',)"
253,9,"('COCCOC.ClCCl',)","('[OH-].[Na+]',)"
253,10,"('CN(C)C=O',)","('O=C([O-])O.[Na+],O=C([O-])[O-].[Na+].[Na+]',)"
3452,1,"('C1COCCO1.ClCCl',)","('No Base',)"
3452,2,"('No Solvent',)","('O=C([O-])[O-].[Na+].[Na+]',)"
3452,3,"('CN(C)C=O.O',)","('O=C([O-])[O-].[Cs+].[Cs+]',)"
3452,4,"('CN(C)C=O',)","('O=C([O-])[O-].[K+].[K+]',)"
3452,5,"('O.C1COCCO1',)","('O=P([O-])([O-])[O-].[K+].[K+].[K+]',)"
3452,6,"('C1COCCO1',)","('O=C([O-])O.[Na+],O=C([O-])[O-].[Na+].[Na+]',)"
3452,7,"('CCO.Cc1ccccc1.CCOC(C)=O',)","('[OH-].[Na+]',)"
3452,8,"('O.COCCOC',)","('O=C([O-])O.[Na+]',)"
3452,9,"('O.C1COCCO1.ClCCl',)","('[K+].[F-]',)"
3452,10,"('CCO.Cc1ccccc1.O',)","('[Cs+].[F-]',)"
3528,1,"('CCO.Cc1ccccc1',)","('O=C([O-])[O-].[K+].[K+]',)"
3528,2,"('CCO.Cc1ccccc1.O',)","('O=C([O-])O.[Na+]',)"
3528,3,"('CO.Cc1ccccc1',)","('O=C([O-])[O-].[Na+].[Na+]',)"
3528,4,"('O.COCCOC',)","('O=C([O-])[O-].[Cs+].[Cs+]',)"
3528,5,"('O',)","('No Base',)"
3528,6,"('C1CCOC1',)","('O=P([O-])([O-])[O-].[K+].[K+].[K+]',)"
3528,7,"('O.C1COCCO1',)","('[Cs+].[F-]',)"
3528,8,"('C1COCCO1',)","('O=C([O-])O.[Na+],O=C([O-])[O-].[Na+].[Na+]',)"
3528,9,"('O.CCOC(C)=O.C1COCCO1',)","('[K+].[F-]',)"
3528,10,"('No Solvent',)","('CCN(C(C)C)C(C)C',)"
4495,1,"('O.COCCOC',)","('O=C([O-])[O-].[K+].[K+]',)"
4495,2,"('O.C1COCCO1',)","('O=C([O-])[O-].[Na+].[Na+]',)"
4495,3,"('COCCOC',)","('No Base',)"
4495,4,"('CCO.Cc1ccccc1',)","('O=P([O-])([O-])[O-].[K+].[K+].[K+]',)"
4495,5,"('Cc1ccccc1.O',)","('O=C([O-])O.[Na+]',)"
4495,6,"('O.CCOC(C)=O.C1COCCO1',)","('O=C([O-])[O-].[Cs+].[Cs+]',)"
4495,7,"('C1COCCO1',)","('O=C([O-])O.[Na+],O=C([O-])[O-].[Na+].[Na+]',)"
4495,8,"('CCO.Cc1ccccc1.O',)","('[Cs+].[F-]',)"
4495,9,"('O',)","('[K+].[F-]',)"
4495,10,"('C1CCOC1',)","('CCN(CC)CC',)"
1655,1,"('CCO.COCCOC',)","('O=C([O-])[O-].[Na+].[Na+]',)"
1655,2,"('CCO.O.COCCOC',)","('O=C([O-])[O-].[K+].[K+]',)"
1655,3,"('C1COCCO1',)","('O=C([O-])O.[Na+]',)"
1655,4,"('O.C1COCCO1',)","('O=P([O-])([O-])[O-].[K+].[K+].[K+]',)"
1655,5,"('No Solvent',)","('No Base',)"
1655,6,"('COCCOC',)","('O=C([O-])[O-].[Cs+].[Cs+]',)"
1655,7,"('CN(C)C=O',)","('O=C([O-])O.[Na+],O=C([O-])[O-].[Na+].[Na+]',)"
1655,8,"('CCO.Cc1ccccc1',)","('[K+].[F-]',)"
1655,9,"('CCO.Cc1ccccc1.O',)","('[Cs+].[F-]',)"
1655,10,"('O.COCCOC',)","('[OH-].[Na+]',)"
4125,1,"('O.COCCOC',)","('O=C([O-])[O-].[Na+].[Na+]',)"
4125,2,"('COCCOC',)","('O=C([O-])[O-].[K+].[K+]',)"
4125,3,"('O.C1COCCO1',)","('O=C([O-])[O-].[Cs+].[Cs+]',)"
4125,4,"('No Solvent',)","('O=P([O-])([O-])[O-].[K+].[K+].[K+]',)"
4125,5,"('O.CCOC(C)=O.C1COCCO1',)","('No Base',)"
4125,6,"('CCO.Cc1ccccc1.O',)","('O=C([O-])O.[Na+]',)"
4125,7,"('CCO.Cc1ccccc1',)","('O=C([O-])O.[Na+],O=C([O-])[O-].[Na+].[Na+]',)"
4125,8,"('Cc1ccccc1',)","('[K+].[F-]',)"
4125,9,"('CN(C)C=O',)","('[OH-].[Na+]',)"
4125,10,"('C1COCCO1',)","('[Cs+].[F-]',)"
5289,1,"('CN(C)C=O',)","('O=C([O-])[O-].[Na+].[Na+]',)"
5289,2,"('O.CC#N',)","('O=C([O-])[O-].[K+].[K+]',)"
5289,3,"('C1COCCO1.ClCCl',)","('O=C([O-])O.[Na+]',)"
5289,4,"('COCCOC',)","('O=C([O-])[O-].[Cs+].[Cs+]',)"
5289,5,"('C1COCCO1',)","('O=P([O-])([O-])[O-].[K+].[K+].[K+]',)"
5289,6,"('CCO.Cc1ccccc1.O',)","('[K+].[F-]',)"
5289,7,"('O.C1CCOC1',)","('No Base',)"
5289,8,"('O.C1COCCO1',)","('O=C([O-])O.[Na+],O=C([O-])[O-].[Na+].[Na+]',)"
5289,9,"('CO.ClCCl',)","('[Cs+].[F-]',)"
5289,10,"('CN(C)C=O.O',)","('CCN(CC)CC',)"
565,1,"('COCCOC.CCOC(C)=O',)","('O=C([O-])[O-].[Na+].[Na+]',)"
565,2,"('COCCOC',)","('O=C([O-])[O-].[K+].[K+]',)"
565,3,"('O.C1COCCO1',)","('O=C([O-])O.[Na+]',)"
565,4,"('O.COCCOC',)","('No Base',)"
565,5,"('CN(C)C=O',)","('O=P([O-])([O-])[O-].[K+].[K+].[K+]',)"
565,6,"('C1COCCO1',)","('O=C([O-])[O-].[Cs+].[Cs+]',)"
565,7,"('No Solvent',)","('[Cs+].[F-]',)"
565,8,"('CCO.Cc1ccccc1.O',)","('[K+].[F-]',)"
565,9,"('O.CCOC(C)=O.C1COCCO1',)","('[OH-].[Na+]',)"
565,10,"('CCO.Cc1ccccc1',)","('O=C([O-])O.[Na+],O=C([O-])[O-].[Na+].[Na+]',)"
4067,1,"('O.CC#N',)","('O=C([O-])[O-].[Na+].[Na+]',)"
4067,2,"('C1COCCO1',)","('O=C([O-])[O-].[K+].[K+]',)"
4067,3,"('O.C1COCCO1',)","('O=C([O-])[O-].[Cs+].[Cs+]',)"
4067,4,"('CCO.Cc1ccccc1',)","('O=C([O-])O.[Na+]',)"
4067,5,"('CN(C)C=O.O',)","('O=P([O-])([O-])[O-].[K+].[K+].[K+]',)"
4067,6,"('O.COCCOC',)","('No Base',)"
4067,7,"('CN(C)C=O',)","('[Cs+].[F-]',)"
4067,8,"('Cc1ccccc1',)","('[K+].[F-]',)"
4067,9,"('C1CCOC1',)","('O=C([O-])O.[Na+],O=C([O-])[O-].[Na+].[Na+]',)"
4067,10,"('CC#N',)","('CCN(CC)CC',)"
3292,1,"('COCCOC',)","('O=C([O-])[O-].[Na+].[Na+]',)"
3292,2,"('O.COCCOC',)","('O=C([O-])[O-].[K+].[K+]',)"
3292,3,"('C1CCOC1',)","('O=C([O-])[O-].[Cs+].[Cs+]',)"
3292,4,"('No Solvent',)","('O=P([O-])([O-])[O-].[K+].[K+].[K+]',)"
3292,5,"('C1COCCO1.ClCCl',)","('O=C([O-])O.[Na+]',)"
3292,6,"('CN(C)C=O.O',)","('No Base',)"
3292,7,"('Cc1ccccc1',)","('[Cs+].[F-]',)"
3292,8,"('CN(C)C=O',)","('[K+].[F-]',)"
3292,9,"('COCCOC.ClCCl',)","('O=C([O-])O.[Na+],O=C([O-])[O-].[Na+].[Na+]',)"
3292,10,"('CCO.Cc1ccccc1.O',)","('CCN(CC)CC',)"
1550,1,"('No Solvent',)","('O=C([O-])[O-].[Cs+].[Cs+]',)"
1550,2,"('COCCOC',)","('O=C([O-])[O-].[K+].[K+]',)"
1550,3,"('CN(C)C=O.O',)","('O=C([O-])[O-].[Na+].[Na+]',)"
1550,4,"('O.C1COCCO1',)","('No Base',)"
1550,5,"('C1COCCO1',)","('O=C([O-])O.[Na+]',)"
1550,6,"('CCO.Cc1ccccc1.O',)","('O=P([O-])([O-])[O-].[K+].[K+].[K+]',)"
1550,7,"('O.CCOC(C)=O.C1COCCO1',)","('[Cs+].[F-]',)"
1550,8,"('O.COCCOC',)","('[K+].[F-]',)"
1550,9,"('CN(C)C=O',)","('[OH-].[Na+]',)"
1550,10,"('O.CC#N',)","('O=C([O-])O.[Na+],O=C([O-])[O-].[Na+].[Na+]',)"
2776,1,"('C1COCCO1',)","('O=C([O-])[O-].[Cs+].[Cs+]',)"
2776,2,"('COCCOC',)","('O=C([O-])[O-].[K+].[K+]',)"
2776,3,"('No Solvent',)","('O=C([O-])[O-].[Na+].[Na+]',)"
2776,4,"('O.C1COCCO1',)","('No Base',)"
2776,5,"('CN(C)C=O.O',)","('O=P([O-])([O-])[O-].[K+].[K+].[K+]',)"
2776,6,"('O.COCCOC',)","('O=C([O-])O.[Na+]',)"
2776,7,"('Cc1ccccc1',)","('[Cs+].[F-]',)"
2776,8,"('CCO.Cc1ccccc1',)","('[K+].[F-]',)"
2776,9,"('CN(C)C=O.O.CCOC(C)=O',)","('[OH-].[Na+]',)"
2776,10,"('CCO.Cc1ccccc1.O',)","('CCN(CC)CC',)"
1890,1,"('O.C1COCCO1',)","('No Base',)"
1890,2,"('Cc1ccccc1.CC#N',)","('O=C([O-])[O-].[Na+].[Na+]',)"
1890,3,"('O.COCCOC',)","('O=C([O-])[O-].[K+].[K+]',)"
1890,4,"('CN(C)C=O',)","('O=C([O-])O.[Na+]',)"
1890,5,"('CC#N',)","('O=P([O-])([O-])[O-].[K+].[K+].[K+]',)"
1890,6,"('Cc1ccccc1.O',)","('O=C([O-])[O-].[Cs+].[Cs+]',)"
1890,7,"('No Solvent',)","('[Cs+].[F-]',)"
1890,8,"('CN(C)C=O.O',)","('O=C([O-])O.[Na+],O=C([O-])[O-].[Na+].[Na+]',)"
1890,9,"('CCO.Cc1ccccc1.O',)","('[K+].[F-]',)"
1890,10,"('O.CC#N',)","('CCN(CC)CC',)"
1399,1,"('O.C1COCCO1',)","('O=C([O-])[O-].[Na+].[Na+]',)"
1399,2,"('O.COCCOC',)","('O=C([O-])[O-].[K+].[K+]',)"
1399,3,"('O.CCOC(C)=O.C1COCCO1',)","('O=P([O-])([O-])[O-].[K+].[K+].[K+]',)"
1399,4,"('CN(C)C=O.O',)","('O=C([O-])[O-].[Cs+].[Cs+]',)"
1399,5,"('CN(C)C=O',)","('No Base',)"
1399,6,"('O.CC#N',)","('O=C([O-])O.[Na+]',)"
1399,7,"('C1COCCO1',)","('O=C([O-])O.[Na+],O=C([O-])[O-].[Na+].[Na+]',)"
1399,8,"('COCCOC.ClCCl',)","('[Cs+].[F-]',)"
1399,9,"('O.COCCOC.ClCCl',)","('CCN(CC)CC',)"
1399,10,"('O.COCCOC.CCOC(C)=O',)","('[OH-].[Na+]',)"
669,1,"('COCCOC',)","('O=C([O-])[O-].[Na+].[Na+]',)"
669,2,"('CN(C)C=O',)","('O=P([O-])([O-])[O-].[K+].[K+].[K+]',)"
669,3,"('O.COCCOC',)","('O=C([O-])[O-].[K+].[K+]',)"
669,4,"('No Solvent',)","('No Base',)"
669,5,"('O.C1COCCO1',)","('O=C([O-])[O-].[Cs+].[Cs+]',)"
669,6,"('C1COCCO1',)","('O=C([O-])O.[Na+]',)"
669,7,"('CN(C)C=O.O',)","('[K+].[F-]',)"
669,8,"('O.C1COCCO1.ClCCl',)","('CC(=O)[O-].[K+]',)"
669,9,"('O.CCOC(C)=O.C1COCCO1',)","('[Cs+].[F-]',)"
669,10,"('O.C1CCOC1',)","('CCN(CC)CC',)"
3352,1,"('CN(C)C=O.O',)","('O=C([O-])[O-].[K+].[K+]',)"
3352,2,"('O.C1COCCO1',)","('O=C([O-])[O-].[Na+].[Na+]',)"
3352,3,"('No Solvent',)","('O=C([O-])[O-].[Cs+].[Cs+]',)"
3352,4,"('COCCOC',)","('O=P([O-])([O-])[O-].[K+].[K+].[K+]',)"
3352,5,"('C1COCCO1',)","('O=C([O-])O.[Na+]',)"
3352,6,"('O.COCCOC',)","('[K+].[F-]',)"
3352,7,"('CN(C)C=O',)","('No Base',)"
3352,8,"('O.CCOC(C)=O.C1COCCO1',)","('O=C([O-])O.[Na+],O=C([O-])[O-].[Na+].[Na+]',)"
3352,9,"('CCOC(C)=O.C1COCCO1',)","('[OH-].[Na+]',)"
3352,10,"('O.C1CCOC1',)","('[Cs+].[F-]',)"
5322,1,"('O.COCCOC',)","('O=C([O-])[O-].[Na+].[Na+]',)"
5322,2,"('C1COCCO1',)","('O=C([O-])[O-].[K+].[K+]',)"
5322,3,"('COCCOC',)","('[K+].[F-]',)"
5322,4,"('O.C1COCCO1',)","('O=C([O-])O.[Na+]',)"
5322,5,"('CN(C)C=O',)","('No Base',)"
5322,6,"('No Solvent',)","('O=C([O-])[O-].[Cs+].[Cs+]',)"
5322,7,"('C1CCOC1',)","('O=P([O-])([O-])[O-].[K+].[K+].[K+]',)"
5322,8,"('COCCOC.ClCCl',)","('O=C([O-])O.[Na+],O=C([O-])[O-].[Na+].[Na+]',)"
5322,9,"('CCO.Cc1ccccc1',)","('CCN(CC)CC',)"
5322,10,"('CCO.Cc1ccccc1.O',)","('[Cs+].[F-]',)"
4136,1,"('CCO.Cc1ccccc1.O',)","('O=C([O-])[O-].[Na+].[Na+]',)"
4136,2,"('COCCOC',)","('O=C([O-])[O-].[K+].[K+]',)"
4136,3,"('O.C1COCCO1',)","('O=P([O-])([O-])[O-].[K+].[K+].[K+]',)"
4136,4,"('O.COCCOC',)","('O=C([O-])O.[Na+]',)"
4136,5,"('CCO.Cc1ccccc1',)","('No Base',)"
4136,6,"('O.CCOC(C)=O.COCCOC',)","('O=C([O-])[O-].[Cs+].[Cs+]',)"
4136,7,"('Cc1ccccc1',)","('CCN(CC)CC',)"
4136,8,"('O.CCOC(C)=O.C1COCCO1',)","('[Cs+].[F-]',)"
4136,9,"('CC#N',)","('[K+].[F-]',)"
4136,10,"('O.C1COCCO1.ClCCl',)","('O=C([O-])O.[Na+],O=C([O-])[O-].[Na+].[Na+]',)"
906,1,"('No Solvent',)","('O=C([O-])[O-].[Na+].[Na+]',)"
906,2,"('CN(C)C=O',)","('O=C([O-])[O-].[K+].[K+]',)"
906,3,"('CCO.Cc1ccccc1',)","('O=C([O-])[O-].[Cs+].[Cs+]',)"
906,4,"('O.COCCOC',)","('O=C([O-])O.[Na+],O=C([O-])[O-].[Na+].[Na+]',)"
906,5,"('O.C1COCCO1',)","('No Base',)"
906,6,"('O.CCOC(C)=O.C1COCCO1',)","('O=P([O-])([O-])[O-].[K+].[K+].[K+]',)"
906,7,"('COCCOC',)","('O=C([O-])O.[Na+]',)"
906,8,"('C1COCCO1',)","('[K+].[F-]',)"
906,9,"('CCO.Cc1ccccc1.O',)","('[Cs+].[F-]',)"
906,10,"('C1CCOC1',)","('[OH-].[Na+]',)"
914,1,"('CN(C)C=O',)","('O=C([O-])[O-].[K+].[K+]',)"
914,2,"('No Solvent',)","('O=C([O-])[O-].[Na+].[Na+]',)"
914,3,"('O.C1COCCO1',)","('O=C([O-])O.[Na+]',)"
914,4,"('CN(C)C=O.O',)","('O=P([O-])([O-])[O-].[K+].[K+].[K+]',)"
914,5,"('CO.Cc1ccccc1',)","('No Base',)"
914,6,"('C1COCCO1',)","('O=C([O-])[O-].[Cs+].[Cs+]',)"
914,7,"('O.COCCOC',)","('[K+].[F-]',)"
914,8,"('O.C1CCOC1',)","('[Cs+].[F-]',)"
914,9,"('O.CC#N',)","('O=C([O-])O.[Na+],O=C([O-])[O-].[Na+].[Na+]',)"
914,10,"('CCO.COCCOC',)","('CCN(C(C)C)C(C)C',)"
1940,1,"('O.COCCOC',)","('O=C([O-])[O-].[Na+].[Na+]',)"
1940,2,"('CCO.COCCOC',)","('No Base',)"
1940,3,"('COCCOC',)","('O=C([O-])[O-].[K+].[K+]',)"
1940,4,"('O.C1COCCO1',)","('O=P([O-])([O-])[O-].[K+].[K+].[K+]',)"
1940,5,"('CN(C)C=O.O',)","('O=C([O-])O.[Na+]',)"
1940,6,"('O.C1CCOC1',)","('[Cs+].[F-]',)"
1940,7,"('COCCOC.CCOC(C)=O',)","('O=C([O-])[O-].[Cs+].[Cs+]',)"
1940,8,"('O.CC#N',)","('O=C([O-])O.[Na+],O=C([O-])[O-].[Na+].[Na+]',)"
1940,9,"('O.CCOC(C)=O.C1COCCO1',)","('CCN(CC)CC',)"
1940,10,"('CN(C)C=O',)","('[K+].[F-]',)"
1453,1,"('No Solvent',)","('O=C([O-])[O-].[Na+].[Na+]',)"
1453,2,"('COCCOC',)","('O=C([O-])[O-].[K+].[K+]',)"
1453,3,"('O.COCCOC',)","('O=P([O-])([O-])[O-].[K+].[K+].[K+]',)"
1453,4,"('C1COCCO1',)","('O=C([O-])[O-].[Cs+].[Cs+]',)"
1453,5,"('Cc1ccccc1',)","('O=C([O-])O.[Na+],O=C([O-])[O-].[Na+].[Na+]',)"
1453,6,"('CN(C)C=O.O',)","('O=C([O-])O.[Na+]',)"
1453,7,"('O.C1COCCO1',)","('No Base',)"
1453,8,"('CN(C)C=O',)","('[K+].[F-]',)"
1453,9,"('O.C1COCCO1.ClCCl',)","('[Cs+].[F-]',)"
1453,10,"('CCO.Cc1ccccc1.O',)","('CCN(CC)CC',)"
5324,1,"('O.COCCOC.ClCCl',)","('O=C([O-])[O-].[Na+].[Na+]',)"
5324,2,"('O.CC#N',)","('O=C([O-])[O-].[K+].[K+]',)"
5324,3,"('O.C1COCCO1',)","('O=C([O-])O.[Na+]',)"
5324,4,"('CCO.Cc1ccccc1',)","('O=P([O-])([O-])[O-].[K+].[K+].[K+]',)"
5324,5,"('COCCOC',)","('No Base',)"
5324,6,"('CCO.Cc1ccccc1.O',)","('[K+].[F-]',)"
5324,7,"('C1COCCO1',)","('[Cs+].[F-]',)"
5324,8,"('O.COCCOC',)","('O=C([O-])[O-].[Cs+].[Cs+]',)"
5324,9,"('No Solvent',)","('O=C([O-])O.[Na+],O=C([O-])[O-].[Na+].[Na+]',)"
5324,10,"('CCO.O.COCCOC',)","('[OH-].[Na+]',)"
4665,1,"('CN(C)C=O.O',)","('O=C([O-])[O-].[K+].[K+]',)"
4665,2,"('O.C1COCCO1',)","('O=C([O-])[O-].[Na+].[Na+]',)"
4665,3,"('CN(C)C=O',)","('O=C([O-])O.[Na+]',)"
4665,4,"('O.COCCOC',)","('O=P([O-])([O-])[O-].[K+].[K+].[K+]',)"
4665,5,"('O.C1COCCO1.ClCCl',)","('O=C([O-])[O-].[Cs+].[Cs+]',)"
4665,6,"('CCO.Cc1ccccc1',)","('No Base',)"
4665,7,"('COCCOC',)","('[K+].[F-]',)"
4665,8,"('Cc1ccccc1.O',)","('CCN(CC)CC',)"
4665,9,"('Cc1ccccc1',)","('[Cs+].[F-]',)"
4665,10,"('C1COCCO1',)","('O=C([O-])O.[Na+],O=C([O-])[O-].[Na+].[Na+]',)"
1775,1,"('O.C1COCCO1',)","('O=C([O-])[O-].[Na+].[Na+]',)"
1775,2,"('COCCOC',)","('O=C([O-])[O-].[K+].[K+]',)"
1775,3,"('C1COCCO1',)","('O=P([O-])([O-])[O-].[K+].[K+].[K+]',)"
1775,4,"('O.COCCOC',)","('O=C([O-])[O-].[Cs+].[Cs+]',)"
1775,5,"('O.CCOC(C)=O.C1COCCO1',)","('No Base',)"
1775,6,"('No Solvent',)","('[Cs+].[F-]',)"
1775,7,"('O.C1COCCO1.ClCCl',)","('[OH-].[Na+]',)"
1775,8,"('Cc1ccccc1.O',)","('O=C([O-])O.[Na+]',)"
1775,9,"('CN(C)C=O',)","('[K+].[F-]',)"
1775,10,"('O.C1CCOC1',)","('O=C([O-])O.[Na+],O=C([O-])[O-].[Na+].[Na+]',)"
3185,1,"('O.CCOC(C)=O.C1COCCO1',)","('O=C([O-])[O-].[Na+].[Na+]',)"
3185,2,"('COCCOC',)","('O=C([O-])O.[Na+]',)"
3185,3,"('O.CCOC(C)=O.COCCOC',)","('O=P([O-])([O-])[O-].[K+].[K+].[K+]',)"
3185,4,"('CN(C)C=O',)","('No Base',)"
3185,5,"('No Solvent',)","('[K+].[F-]',)"
3185,6,"('C1COCCO1',)","('O=C([O-])[O-].[Cs+].[Cs+]',)"
3185,7,"('CN(C)C=O.O',)","('[Cs+].[F-]',)"
3185,8,"('O.COCCOC.CCOC(C)=O',)","('O=C([O-])[O-].[K+].[K+]',)"
3185,9,"('CCO.Cc1ccccc1.O',)","('[OH-].[Na+]',)"
3185,10,"('O.CC#N',)","('O=C([O-])O.[Na+],O=C([O-])[O-].[Na+].[Na+]',)"
3852,1,"('No Solvent',)","('O=C([O-])[O-].[K+].[K+]',)"
3852,2,"('C1COCCO1',)","('O=C([O-])[O-].[Na+].[Na+]',)"
3852,3,"('CCO.Cc1ccccc1',)","('O=C([O-])O.[Na+]',)"
3852,4,"('O.COCCOC',)","('No Base',)"
3852,5,"('COCCOC',)","('O=C([O-])[O-].[Cs+].[Cs+]',)"
3852,6,"('CCO.Cc1ccccc1.O',)","('O=P([O-])([O-])[O-].[K+].[K+].[K+]',)"
3852,7,"('O.C1COCCO1',)","('[K+].[F-]',)"
3852,8,"('CN(C)C=O.O',)","('O=C([O-])O.[Na+],O=C([O-])[O-].[Na+].[Na+]',)"
3852,9,"('COCCOC.CCOC(C)=O',)","('[Cs+].[F-]',)"
3852,10,"('CN(C)C=O',)","('CCN(CC)CC',)"
2392,1,"('CN(C)C=O.O',)","('O=C([O-])[O-].[Na+].[Na+]',)"
2392,2,"('O.CC#N',)","('O=C([O-])[O-].[K+].[K+]',)"
2392,3,"('CCO.Cc1ccccc1',)","('O=C([O-])O.[Na+]',)"
2392,4,"('O.C1COCCO1',)","('No Base',)"
2392,5,"('O.COCCOC',)","('O=P([O-])([O-])[O-].[K+].[K+].[K+]',)"
2392,6,"('O.CCOC(C)=O.C1COCCO1',)","('O=C([O-])[O-].[Cs+].[Cs+]',)"
2392,7,"('COCCOC',)","('[Cs+].[F-]',)"
2392,8,"('CCO.Cc1ccccc1.O',)","('[K+].[F-]',)"
2392,9,"('CN(C)C=O',)","('O=C([O-])O.[Na+],O=C([O-])[O-].[Na+].[Na+]',)"
2392,10,"('No Solvent',)","('[OH-].[Na+]',)"
5152,1,"('No Solvent',)","('O=C([O-])[O-].[K+].[K+]',)"
5152,2,"('COCCOC',)","('O=C([O-])[O-].[Na+].[Na+]',)"
5152,3,"('C1COCCO1',)","('O=C([O-])[O-].[Cs+].[Cs+]',)"
5152,4,"('O.C1COCCO1',)","('No Base',)"
5152,5,"('O.COCCOC',)","('O=C([O-])O.[Na+]',)"
5152,6,"('CCO.Cc1ccccc1',)","('O=P([O-])([O-])[O-].[K+].[K+].[K+]',)"
5152,7,"('CCO.Cc1ccccc1.O',)","('[K+].[F-]',)"
5152,8,"('O.C1CCOC1',)","('[Cs+].[F-]',)"
5152,9,"('CN(C)C=O.O',)","('CCN(CC)CC',)"
5152,10,"('O.CCOC(C)=O.C1COCCO1',)","('[OH-].[Na+]',)"
5274,1,"('O.C1COCCO1',)","('O=C([O-])[O-].[K+].[K+]',)"
5274,2,"('COCCOC',)","('O=C([O-])[O-].[Cs+].[Cs+]',)"
5274,3,"('O.CCOC(C)=O.C1COCCO1',)","('O=C([O-])[O-].[Na+].[Na+]',)"
5274,4,"('CN(C)C=O',)","('O=P([O-])([O-])[O-].[K+].[K+].[K+]',)"
5274,5,"('CN(C)C=O.O',)","('O=C([O-])O.[Na+]',)"
5274,6,"('No Solvent',)","('No Base',)"
5274,7,"('C1COCCO1',)","('O=C([O-])O.[Na+],O=C([O-])[O-].[Na+].[Na+]',)"
5274,8,"('O.CC#N',)","('[Cs+].[F-]',)"
5274,9,"('O.COCCOC',)","('[K+].[F-]',)"
5274,10,"('CCO.Cc1ccccc1',)","('[OH-].[Na+]',)"
1379,1,"('O.COCCOC',)","('O=C([O-])[O-].[Na+].[Na+]',)"
1379,2,"('COCCOC',)","('O=C([O-])O.[Na+]',)"
1379,3,"('O.C1COCCO1',)","('O=C([O-])[O-].[Cs+].[Cs+]',)"
1379,4,"('CC#N',)","('O=C([O-])[O-].[K+].[K+]',)"
1379,5,"('CCO.Cc1ccccc1',)","('O=P([O-])([O-])[O-].[K+].[K+].[K+]',)"
1379,6,"('O.CC#N',)","('No Base',)"
1379,7,"('O.CCOC(C)=O.C1COCCO1',)","('O=C([O-])O.[Na+],O=C([O-])[O-].[Na+].[Na+]',)"
1379,8,"('No Solvent',)","('[Cs+].[F-]',)"
1379,9,"('CCO.O.COCCOC',)","('[OH-].[Na+]',)"
1379,10,"('CN(C)C=O.O',)","('CCN(CC)CC',)"
4940,1,"('O.C1COCCO1',)","('O=C([O-])[O-].[Na+].[Na+]',)"
4940,2,"('COCCOC',)","('O=C([O-])[O-].[K+].[K+]',)"
4940,3,"('CCO.Cc1ccccc1',)","('O=C([O-])[O-].[Cs+].[Cs+]',)"
4940,4,"('CCO.Cc1ccccc1.O',)","('O=C([O-])O.[Na+]',)"
4940,5,"('O.CC#N',)","('O=P([O-])([O-])[O-].[K+].[K+].[K+]',)"
4940,6,"('COCCOC.ClCCl',)","('No Base',)"
4940,7,"('CN(C)C=O.O',)","('[Cs+].[F-]',)"
4940,8,"('O.C1COCCO1.ClCCl',)","('CCN(CC)CC',)"
4940,9,"('No Solvent',)","('[OH-].[Na+]',)"
4940,10,"('CC#N',)","('O=C([O-])O.[Na+],O=C([O-])[O-].[Na+].[Na+]',)"
263,1,"('COCCOC',)","('O=C([O-])[O-].[K+].[K+]',)"
263,2,"('O.CCOC(C)=O.C1COCCO1',)","('O=C([O-])[O-].[Na+].[Na+]',)"
263,3,"('CCO.Cc1ccccc1.O',)","('O=P([O-])([O-])[O-].[K+].[K+].[K+]',)"
263,4,"('O.C1COCCO1',)","('O=C([O-])O.[Na+]',)"
263,5,"('C1COCCO1',)","('O=C([O-])[O-].[Cs+].[Cs+]',)"
263,6,"('CC#N',)","('CCN(CC)CC',)"
263,7,"('No Solvent',)","('No Base',)"
263,8,"('O.CC#N',)","('CC(=O)[O-].[K+]',)"
263,9,"('COCCOC.ClCCl',)","('[Cs+].[F-]',)"
263,10,"('CN(C)C=O',)","('O=C([O-])O.[Na+],O=C([O-])[O-].[Na+].[Na+]',)"
4212,1,"('CCO.Cc1ccccc1',)","('O=C([O-])[O-].[K+].[K+]',)"
4212,2,"('O.C1COCCO1',)","('O=C([O-])[O-].[Na+].[Na+]',)"
4212,3,"('COCCOC',)","('O=P([O-])([O-])[O-].[K+].[K+].[K+]',)"
4212,4,"('CCO.Cc1ccccc1.O',)","('No Base',)"
4212,5,"('O.CCOC(C)=O.C1COCCO1',)","('O=C([O-])O.[Na+]',)"
4212,6,"('C1COCCO1',)","('O=C([O-])[O-].[Cs+].[Cs+]',)"
4212,7,"('Cc1ccccc1.O',)","('[K+].[F-]',)"
4212,8,"('No Solvent',)","('[Cs+].[F-]',)"
4212,9,"('O.COCCOC',)","('O=C([O-])O.[Na+],O=C([O-])[O-].[Na+].[Na+]',)"
4212,10,"('O.CCOC(C)=O.COCCOC',)","('CCN(CC)CC',)"
2192,1,"('CN(C)C=O',)","('O=C([O-])[O-].[Cs+].[Cs+]',)"
2192,2,"('O.C1COCCO1',)","('O=C([O-])[O-].[Na+].[Na+]',)"
2192,3,"('O.CCOC(C)=O.C1COCCO1',)","('O=C([O-])O.[Na+]',)"
2192,4,"('COCCOC',)","('O=C([O-])[O-].[K+].[K+]',)"
2192,5,"('O.COCCOC',)","('O=P([O-])([O-])[O-].[K+].[K+].[K+]',)"
2192,6,"('O.CC#N',)","('No Base',)"
2192,7,"('CN(C)C=O.O',)","('O=C([O-])O.[Na+],O=C([O-])[O-].[Na+].[Na+]',)"
2192,8,"('No Solvent',)","('[K+].[F-]',)"
2192,9,"('CCO.Cc1ccccc1.O',)","('[Cs+].[F-]',)"
2192,10,"('CCO.O.COCCOC',)","('CC(=O)[O-].[K+]',)"
4503,1,"('No Solvent',)","('No Base',)"
4503,2,"('O.COCCOC',)","('O=C([O-])[O-].[Na+].[Na+]',)"
4503,3,"('COCCOC',)","('O=C([O-])[O-].[K+].[K+]',)"
4503,4,"('O.C1CCOC1',)","('O=C([O-])[O-].[Cs+].[Cs+]',)"
4503,5,"('CN(C)C=O.O',)","('O=P([O-])([O-])[O-].[K+].[K+].[K+]',)"
4503,6,"('O.C1COCCO1',)","('O=C([O-])O.[Na+]',)"
4503,7,"('CN(C)C=O',)","('O=C([O-])O.[Na+],O=C([O-])[O-].[Na+].[Na+]',)"
4503,8,"('CCO.Cc1ccccc1',)","('[K+].[F-]',)"
4503,9,"('Cc1ccccc1.O',)","('[Cs+].[F-]',)"
4503,10,"('COCCOC.ClCCl',)","('[OH-].[Na+]',)"
779,1,"('O.COCCOC',)","('O=C([O-])[O-].[Na+].[Na+]',)"
779,2,"('O.COCCOC.CCOC(C)=O',)","('O=C([O-])[O-].[K+].[K+]',)"
779,3,"('C1COCCO1',)","('O=C([O-])[O-].[Cs+].[Cs+]',)"
779,4,"('CN(C)C=O',)","('O=C([O-])O.[Na+]',)"
779,5,"('O.C1COCCO1',)","('O=P([O-])([O-])[O-].[K+].[K+].[K+]',)"
779,6,"('COCCOC',)","('[OH-].[Na+]',)"
779,7,"('No Solvent',)","('No Base',)"
779,8,"('Cc1ccccc1',)","('[K+].[F-]',)"
779,9,"('CCO.Cc1ccccc1.O',)","('O=C([O-])O.[Na+],O=C([O-])[O-].[Na+].[Na+]',)"
779,10,"('O.CCOC(C)=O.C1COCCO1',)","('[Cs+].[F-]',)"
108,1,"('O.CCOC(C)=O.C1COCCO1',)","('O=C([O-])[O-].[Na+].[Na+]',)"
108,2,"('CC#N',)","('O=C([O-])[O-].[K+].[K+]',)"
108,3,"('O.COCCOC',)","('O=C([O-])O.[Na+]',)"
108,4,"('CCO.Cc1ccccc1.O',)","('No Base',)"
108,5,"('COCCOC',)","('O=P([O-])([O-])[O-].[K+].[K+].[K+]',)"
108,6,"('O.C1COCCO1',)","('CCN(CC)CC',)"
108,7,"('CCO.O.COCCOC',)","('O=C([O-])[O-].[Cs+].[Cs+]',)"
108,8,"('CCO.Cc1ccccc1',)","('O=C([O-])O.[Na+],O=C([O-])[O-].[Na+].[Na+]',)"
108,9,"('C1CCOC1',)","('[OH-].[Na+]',)"
108,10,"('Cc1ccccc1.O',)","('[Cs+].[F-]',)"
3848,1,"('C1COCCO1',)","('O=C([O-])[O-].[Na+].[Na+]',)"
3848,2,"('No Solvent',)","('O=C([O-])[O-].[Cs+].[Cs+]',)"
3848,3,"('CCO.COCCOC',)","('O=C([O-])[O-].[K+].[K+]',)"
3848,4,"('O.C1COCCO1.ClCCl',)","('O=P([O-])([O-])[O-].[K+].[K+].[K+]',)"
3848,5,"('CC#N',)","('O=C([O-])O.[Na+]',)"
3848,6,"('O.CCOC(C)=O.C1COCCO1',)","('No Base',)"
3848,7,"('Cc1ccccc1',)","('CCN(CC)CC',)"
3848,8,"('CCO.O.COCCOC',)","('[OH-].[Na+]',)"
3848,9,"('COCCOC',)","('O=C([O-])O.[Na+],O=C([O-])[O-].[Na+].[Na+]',)"
3848,10,"('O.C1COCCO1',)","('[K+].[F-]',)"
2442,1,"('O.C1COCCO1',)","('O=P([O-])([O-])[O-].[K+].[K+].[K+]',)"
2442,2,"('O.CC#N',)","('O=C([O-])[O-].[Na+].[Na+]',)"
2442,3,"('COCCOC',)","('O=C([O-])[O-].[K+].[K+]',)"
2442,4,"('CN(C)C=O',)","('O=C([O-])[O-].[Cs+].[Cs+]',)"
2442,5,"('No Solvent',)","('No Base',)"
2442,6,"('C1COCCO1',)","('[Cs+].[F-]',)"
2442,7,"('CN(C)C=O.O',)","('O=C([O-])O.[Na+]',)"
2442,8,"('O.COCCOC',)","('O=C([O-])O.[Na+],O=C([O-])[O-].[Na+].[Na+]',)"
2442,9,"('Cc1ccccc1',)","('CCN(CC)CC',)"
2442,10,"('CCO.Cc1ccccc1',)","('[K+].[F-]',)"
1538,1,"('CN(C)C=O.O',)","('O=P([O-])([O-])[O-].[K+].[K+].[K+]',)"
1538,2,"('O.C1COCCO1',)","('O=C([O-])[O-].[K+].[K+]',)"
1538,3,"('O.COCCOC',)","('O=C([O-])[O-].[Na+].[Na+]',)"
1538,4,"('O.C1COCCO1.ClCCl',)","('O=C([O-])[O-].[Cs+].[Cs+]',)"
1538,5,"('No Solvent',)","('O=C([O-])O.[Na+]',)"
1538,6,"('O.CCOC(C)=O.C1COCCO1',)","('No Base',)"
1538,7,"('Cc1ccccc1',)","('[Cs+].[F-]',)"
1538,8,"('CN(C)C=O',)","('[K+].[F-]',)"
1538,9,"('COCCOC',)","('CCN(CC)CC',)"
1538,10,"('CCO.Cc1ccccc1.O',)","('O=C([O-])O.[Na+],O=C([O-])[O-].[Na+].[Na+]',)"
4980,1,"('Cc1ccccc1.O.CCOC(C)=O',)","('O=C([O-])[O-].[Na+].[Na+]',)"
4980,2,"('COCCOC',)","('O=C([O-])[O-].[K+].[K+]',)"
4980,3,"('CCO.Cc1ccccc1.O',)","('O=P([O-])([O-])[O-].[K+].[K+].[K+]',)"
4980,4,"('CN(C)C=O.O',)","('No Base',)"
4980,5,"('CN(C)C=O',)","('O=C([O-])O.[Na+]',)"
4980,6,"('O.C1COCCO1',)","('O=C([O-])[O-].[Cs+].[Cs+]',)"
4980,7,"('O.CCOC(C)=O.C1COCCO1',)","('CCN(CC)CC',)"
4980,8,"('COCCOC.ClCCl',)","('[Cs+].[F-]',)"
4980,9,"('Cc1ccccc1.O',)","('[K+].[F-]',)"
4980,10,"('O.CC#N',)","('[OH-].[Na+]',)"
3437,1,"('O.COCCOC',)","('O=C([O-])[O-].[K+].[K+]',)"
3437,2,"('No Solvent',)","('O=C([O-])[O-].[Na+].[Na+]',)"
3437,3,"('CCO.Cc1ccccc1.O',)","('O=P([O-])([O-])[O-].[K+].[K+].[K+]',)"
3437,4,"('O.C1COCCO1',)","('O=C([O-])O.[Na+]',)"
3437,5,"('O.C1COCCO1.ClCCl',)","('No Base',)"
3437,6,"('COCCOC',)","('O=C([O-])[O-].[Cs+].[Cs+]',)"
3437,7,"('CN(C)C=O',)","('CCN(CC)CC',)"
3437,8,"('C1CCOC1',)","('[K+].[F-]',)"
3437,9,"('CN(C)C=O.O',)","('O=C([O-])O.[Na+],O=C([O-])[O-].[Na+].[Na+]',)"
3437,10,"('O.C1CCOC1',)","('[Cs+].[F-]',)"
2345,1,"('O.CC#N',)","('O=P([O-])([O-])[O-].[Na+].[Na+].[Na+],CC(=O)[O-].[Na+],CC(=O)[O-].[K+],O=P([O-])([O-])[O-].[K+].[K+].[K+]',)"
2345,2,"('CN(C)C=O.O',)","('O=C([O-])[O-].[Na+].[Na+]',)"
2345,3,"('C1COCCO1',)","('O=P([O-])([O-])[O-].[K+].[K+].[K+]',)"
2345,4,"('CCO.COCCOC',)","('O=C([O-])[O-].[Cs+].[Cs+]',)"
2345,5,"('CCO.O.COCCOC',)","('O=C([O-])[O-].[K+].[K+]',)"
2345,6,"('O.C1COCCO1',)","('O=C([O-])O.[Na+]',)"
2345,7,"('No Solvent',)","('No Base',)"
2345,8,"('CCO.Cc1ccccc1.O',)","('[K+].[F-]',)"
2345,9,"('ClCCl',)","('[Cs+].[F-]',)"
2345,10,"('O.C1COCCO1.ClCCl',)","('O=C([O-])O.[Na+],O=C([O-])[O-].[Na+].[Na+]',)"
450,1,"('C1COCCO1',)","('O=C([O-])[O-].[Na+].[Na+]',)"
450,2,"('CCO.Cc1ccccc1',)","('O=C([O-])[O-].[K+].[K+]',)"
450,3,"('O.COCCOC',)","('O=C([O-])[O-].[Cs+].[Cs+]',)"
450,4,"('C1CCOC1',)","('O=P([O-])([O-])[O-].[K+].[K+].[K+]',)"
450,5,"('Cc1ccccc1.O.CCOC(C)=O',)","('No Base',)"
450,6,"('O.C1COCCO1',)","('O=C([O-])O.[Na+]',)"
450,7,"('O.CCOC(C)=O.C1COCCO1',)","('O=C([O-])O.[Na+],O=C([O-])[O-].[Na+].[Na+]',)"
450,8,"('COCCOC',)","('[K+].[F-]',)"
450,9,"('No Solvent',)","('[Cs+].[F-]',)"
450,10,"('CN(C)C=O',)","('[OH-].[Na+]',)"
4442,1,"('O.C1COCCO1',)","('O=C([O-])[O-].[K+].[K+]',)"
4442,2,"('COCCOC',)","('O=P([O-])([O-])[O-].[K+].[K+].[K+]',)"
4442,3,"('O.CCOC(C)=O.C1COCCO1',)","('O=C([O-])[O-].[Na+].[Na+]',)"
4442,4,"('CCO.Cc1ccccc1',)","('No Base',)"
4442,5,"('CN(C)C=O',)","('O=C([O-])O.[Na+]',)"
4442,6,"('No Solvent',)","('O=C([O-])[O-].[Cs+].[Cs+]',)"
4442,7,"('O.COCCOC',)","('O=C([O-])O.[Na+],O=C([O-])[O-].[Na+].[Na+]',)"
4442,8,"('C1COCCO1',)","('[Cs+].[F-]',)"
4442,9,"('O.C1CCOC1',)","('CCN(CC)CC',)"
4442,10,"('Cc1ccccc1.O',)","('[OH-].[Na+]',)"
1325,1,"('CN(C)C=O.O',)","('O=C([O-])[O-].[Na+].[Na+]',)"
1325,2,"('O.C1COCCO1',)","('O=C([O-])[O-].[Cs+].[Cs+]',)"
1325,3,"('COCCOC',)","('O=C([O-])[O-].[K+].[K+]',)"
1325,4,"('O.CCOC(C)=O.C1COCCO1',)","('O=C([O-])O.[Na+]',)"
1325,5,"('C1COCCO1',)","('O=P([O-])([O-])[O-].[K+].[K+].[K+]',)"
1325,6,"('Cc1ccccc1.O',)","('No Base',)"
1325,7,"('No Solvent',)","('[K+].[F-]',)"
1325,8,"('O.C1COCCO1.ClCCl',)","('O=C([O-])O.[Na+],O=C([O-])[O-].[Na+].[Na+]',)"
1325,9,"('CN(C)C=O',)","('[Cs+].[F-]',)"
1325,10,"('CCO.Cc1ccccc1',)","('CC(=O)[O-].[K+]',)"
2383,1,"('C1COCCO1',)","('O=C([O-])[O-].[Na+].[Na+]',)"
2383,2,"('COCCOC',)","('[Cs+].[F-]',)"
2383,3,"('CN(C)C=O',)","('O=C([O-])[O-].[K+].[K+]',)"
2383,4,"('No Solvent',)","('O=P([O-])([O-])[O-].[K+].[K+].[K+]',)"
2383,5,"('O.C1COCCO1',)","('O=C([O-])[O-].[Cs+].[Cs+]',)"
2383,6,"('CN(C)C=O.CCOC(C)=O',)","('O=C([O-])O.[Na+]',)"
2383,7,"('CN(C)C=O.O',)","('No Base',)"
2383,8,"('O.COCCOC',)","('[K+].[F-]',)"
2383,9,"('O.CCOC(C)=O.C1COCCO1',)","('[OH-].[Na+]',)"
2383,10,"('CCO.Cc1ccccc1.O',)","('CC(=O)[O-].[K+]',)"
5418,1,"('COCCOC',)","('O=C([O-])[O-].[Na+].[Na+]',)"
5418,2,"('O.COCCOC',)","('O=C([O-])[O-].[K+].[K+]',)"
5418,3,"('O.COCCOC.CCOC(C)=O',)","('No Base',)"
5418,4,"('O.C1COCCO1',)","('O=C([O-])O.[Na+]',)"
5418,5,"('CN(C)C=O.O.CCOC(C)=O',)","('O=P([O-])([O-])[O-].[K+].[K+].[K+]',)"
5418,6,"('O.CCOC(C)=O.C1COCCO1',)","('[Cs+].[F-]',)"
5418,7,"('CCO.Cc1ccccc1',)","('O=C([O-])[O-].[Cs+].[Cs+]',)"
5418,8,"('O.COCCOC.ClCCl',)","('O=C([O-])O.[Na+],O=C([O-])[O-].[Na+].[Na+]',)"
5418,9,"('CCO.Cc1ccccc1.O',)","('[K+].[F-]',)"
5418,10,"('COCCOC.ClCCl',)","('[OH-].[Na+]',)"
1909,1,"('O.C1COCCO1',)","('O=C([O-])[O-].[Na+].[Na+]',)"
1909,2,"('CCO.Cc1ccccc1.O',)","('O=C([O-])[O-].[K+].[K+]',)"
1909,3,"('C1COCCO1',)","('O=P([O-])([O-])[O-].[K+].[K+].[K+]',)"
1909,4,"('O.COCCOC',)","('O=C([O-])O.[Na+]',)"
1909,5,"('CN(C)C=O',)","('[K+].[F-]',)"
1909,6,"('CN(C)C=O.O',)","('O=C([O-])[O-].[Cs+].[Cs+]',)"
1909,7,"('COCCOC',)","('CCN(CC)CC',)"
1909,8,"('C1CCOC1',)","('No Base',)"
1909,9,"('O.CCOC(C)=O.COCCOC',)","('O=C([O-])O.[Na+],O=C([O-])[O-].[Na+].[Na+]',)"
1909,10,"('Cc1ccccc1.O',)","('[OH-].[Na+]',)"
2547,1,"('O.CCOC(C)=O.C1COCCO1',)","('O=C([O-])[O-].[Na+].[Na+]',)"
2547,2,"('CN(C)C=O',)","('O=C([O-])[O-].[K+].[K+]',)"
2547,3,"('CCO.Cc1ccccc1.O',)","('O=C([O-])[O-].[Cs+].[Cs+]',)"
2547,4,"('O.COCCOC',)","('O=P([O-])([O-])[O-].[K+].[K+].[K+]',)"
2547,5,"('O.C1COCCO1',)","('[K+].[F-]',)"
2547,6,"('COCCOC',)","('No Base',)"
2547,7,"('CCO.Cc1ccccc1',)","('O=C([O-])O.[Na+],O=C([O-])[O-].[Na+].[Na+]',)"
2547,8,"('No Solvent',)","('O=C([O-])O.[Na+]',)"
2547,9,"('O.CC#N',)","('CCN(CC)CC',)"
2547,10,"('Cc1ccccc1',)","('[Cs+].[F-]',)"
1205,1,"('CCO.O.COCCOC',)","('O=C([O-])[O-].[K+].[K+]',)"
1205,2,"('CN(C)C=O.O',)","('O=C([O-])[O-].[Cs+].[Cs+]',)"
1205,3,"('O.C1COCCO1',)","('O=C([O-])[O-].[Na+].[Na+]',)"
1205,4,"('CN(C)C=O',)","('O=P([O-])([O-])[O-].[K+].[K+].[K+]',)"
1205,5,"('No Solvent',)","('No Base',)"
1205,6,"('O.CCOC(C)=O.C1COCCO1',)","('O=C([O-])O.[Na+]',)"
1205,7,"('O.COCCOC',)","('[Cs+].[F-]',)"
1205,8,"('COCCOC',)","('[K+].[F-]',)"
1205,9,"('C1COCCO1',)","('CC(=O)[O-].[K+]',)"
1205,10,"('O.CC#N',)","('O=C([O-])O.[Na+],O=C([O-])[O-].[Na+].[Na+]',)"
1171,1,"('CCOC(C)=O.C1COCCO1',)","('O=C([O-])[O-].[Cs+].[Cs+]',)"
1171,2,"('ClCCl.C1COCCO1.CCOC(C)=O',)","('O=C([O-])[O-].[Na+].[Na+]',)"
1171,3,"('O.C1COCCO1',)","('O=C([O-])[O-].[K+].[K+]',)"
1171,4,"('CN(C)C=O',)","('O=C([O-])O.[Na+]',)"
1171,5,"('O.COCCOC',)","('O=P([O-])([O-])[O-].[K+].[K+].[K+]',)"
1171,6,"('CCO.O.COCCOC',)","('No Base',)"
1171,7,"('O.CCOC(C)=O.C1COCCO1',)","('[Cs+].[F-]',)"
1171,8,"('O.C1COCCO1.ClCCl',)","('[K+].[F-]',)"
1171,9,"('O.C1CCOC1',)","('O=C([O-])O.[Na+],O=C([O-])[O-].[Na+].[Na+]',)"
1171,10,"('C1COCCO1',)","('CC(=O)[O-].[K+]',)"
5060,1,"('CCO.Cc1ccccc1.CCOC(C)=O',)","('O=C([O-])[O-].[K+].[K+]',)"
5060,2,"('C1COCCO1',)","('O=C([O-])[O-].[Na+].[Na+]',)"
5060,3,"('No Solvent',)","('O=P([O-])([O-])[O-].[K+].[K+].[K+]',)"
5060,4,"('O.COCCOC',)","('No Base',)"
5060,5,"('CN(C)C=O',)","('O=C([O-])O.[Na+]',)"
5060,6,"('O.C1COCCO1',)","('O=C([O-])[O-].[Cs+].[Cs+]',)"
5060,7,"('CN(C)C=O.O',)","('CCN(CC)CC',)"
5060,8,"('COCCOC',)","('CC(=O)[O-].[K+]',)"
5060,9,"('O.C1CCOC1',)","('[Cs+].[F-]',)"
5060,10,"('O.CCOC(C)=O.C1COCCO1',)","('O=C([O-])O.[Na+],O=C([O-])[O-].[Na+].[Na+]',)"
3029,1,"('C1COCCO1',)","('O=C([O-])[O-].[Na+].[Na+]',)"
3029,2,"('O.C1COCCO1',)","('O=C([O-])[O-].[K+].[K+]',)"
3029,3,"('CCO.Cc1ccccc1',)","('O=P([O-])([O-])[O-].[K+].[K+].[K+]',)"
3029,4,"('COCCOC',)","('O=C([O-])[O-].[Cs+].[Cs+]',)"
3029,5,"('CCO.Cc1ccccc1.O',)","('O=C([O-])O.[Na+]',)"
3029,6,"('No Solvent',)","('No Base',)"
3029,7,"('O.CC#N',)","('[K+].[F-]',)"
3029,8,"('COCCOC.CCOC(C)=O',)","('[Cs+].[F-]',)"
3029,9,"('O.CCOC(C)=O.C1COCCO1',)","('[OH-].[Na+]',)"
3029,10,"('O.COCCOC',)","('O=C([O-])O.[Na+],O=C([O-])[O-].[Na+].[Na+]',)"
3676,1,"('COCCOC',)","('O=C([O-])O.[Na+]',)"
3676,2,"('O.COCCOC.CCOC(C)=O',)","('O=C([O-])[O-].[K+].[K+]',)"
3676,3,"('O.COCCOC',)","('O=C([O-])[O-].[Na+].[Na+]',)"
3676,4,"('O.C1COCCO1',)","('O=C([O-])[O-].[Cs+].[Cs+]',)"
3676,5,"('CN(C)C=O.O',)","('No Base',)"
3676,6,"('COCCOC.CCOC(C)=O',)","('O=P([O-])([O-])[O-].[K+].[K+].[K+]',)"
3676,7,"('No Solvent',)","('[Cs+].[F-]',)"
3676,8,"('CCO.Cc1ccccc1',)","('CCN(CC)CC',)"
3676,9,"('CCO.O.COCCOC',)","('[K+].[F-]',)"
3676,10,"('CCO.Cc1ccccc1.O',)","('O=C([O-])O.[Na+],O=C([O-])[O-].[Na+].[Na+]',)"
4428,1,"('O.C1COCCO1',)","('O=C([O-])[O-].[K+].[K+]',)"
4428,2,"('COCCOC',)","('O=P([O-])([O-])[O-].[K+].[K+].[K+]',)"
4428,3,"('O.CCOC(C)=O.C1COCCO1',)","('O=C([O-])[O-].[Na+].[Na+]',)"
4428,4,"('CN(C)C=O',)","('No Base',)"
4428,5,"('CCO.Cc1ccccc1',)","('O=C([O-])O.[Na+]',)"
4428,6,"('CCO.Cc1ccccc1.O',)","('O=C([O-])[O-].[Cs+].[Cs+]',)"
4428,7,"('No Solvent',)","('O=C([O-])O.[Na+],O=C([O-])[O-].[Na+].[Na+]',)"
4428,8,"('O.CC#N',)","('CCN(CC)CC',)"
4428,9,"('O.C1CCOC1',)","('[Cs+].[F-]',)"
4428,10,"('O.COCCOC',)","('[OH-].[Na+]',)"
4066,1,"('CN(C)C=O',)","('O=C([O-])[O-].[Na+].[Na+]',)"
4066,2,"('O.C1CCOC1',)","('O=C([O-])[O-].[K+].[K+]',)"
4066,3,"('C1COCCO1.ClCCl',)","('O=P([O-])([O-])[O-].[K+].[K+].[K+]',)"
4066,4,"('O.C1COCCO1',)","('O=C([O-])[O-].[Cs+].[Cs+]',)"
4066,5,"('CCO.O.COCCOC',)","('O=C([O-])O.[Na+]',)"
4066,6,"('CCO',)","('CCN(CC)CC',)"
4066,7,"('C1COCCO1',)","('No Base',)"
4066,8,"('O.CC#N',)","('O=C([O-])O.[Na+],O=C([O-])[O-].[Na+].[Na+]',)"
4066,9,"('O.C1COCCO1.ClCCl',)","('[K+].[F-]',)"
4066,10,"('O.C1CCOC1.CCOC(C)=O',)","('[Cs+].[F-]',)"
1422,1,"('C1CCOC1',)","('O=C([O-])[O-].[Cs+].[Cs+]',)"
1422,2,"('CCO.O.COCCOC',)","('O=C([O-])[O-].[Na+].[Na+]',)"
1422,3,"('CN(C)C=O.O',)","('O=C([O-])[O-].[K+].[K+]',)"
1422,4,"('CN(C)C=O',)","('O=P([O-])([O-])[O-].[K+].[K+].[K+]',)"
1422,5,"('ClCCl',)","('No Base',)"
1422,6,"('CCO.COCCOC.ClCCl.CCOC(C)=O.O',)","('[K+].[F-]',)"
1422,7,"('O.C1COCCO1',)","('CC(=O)[O-].[K+]',)"
1422,8,"('O.C1CCOC1',)","('O=C([O-])O.[Na+]',)"
1422,9,"('O.COCCOC',)","('[Cs+].[F-]',)"
1422,10,"('O.CC#N',)","('CCN(CC)CC',)"
1552,1,"('O.COCCOC',)","('O=C([O-])[O-].[Na+].[Na+]',)"
1552,2,"('No Solvent',)","('O=C([O-])[O-].[K+].[K+]',)"
1552,3,"('CCO.Cc1ccccc1',)","('No Base',)"
1552,4,"('COCCOC',)","('O=C([O-])[O-].[Cs+].[Cs+]',)"
1552,5,"('CN(C)C=O.O.CCOC(C)=O',)","('O=P([O-])([O-])[O-].[K+].[K+].[K+]',)"
1552,6,"('O.C1COCCO1',)","('O=C([O-])O.[Na+]',)"
1552,7,"('O.CCOC(C)=O.C1COCCO1',)","('[Cs+].[F-]',)"
1552,8,"('O.COCCOC.CCOC(C)=O',)","('[K+].[F-]',)"
1552,9,"('C1COCCO1',)","('[OH-].[Na+]',)"
1552,10,"('CN(C)C=O.O',)","('O=C([O-])O.[Na+],O=C([O-])[O-].[Na+].[Na+]',)"
4974,1,"('COCCOC',)","('O=C([O-])[O-].[Na+].[Na+]',)"
4974,2,"('C1COCCO1',)","('O=C([O-])[O-].[Cs+].[Cs+]',)"
4974,3,"('O.C1COCCO1',)","('O=P([O-])([O-])[O-].[K+].[K+].[K+]',)"
4974,4,"('CN(C)C=O',)","('O=C([O-])[O-].[K+].[K+]',)"
4974,5,"('O.C1CCOC1',)","('O=C([O-])O.[Na+]',)"
4974,6,"('COCCOC.CCOC(C)=O',)","('No Base',)"
4974,7,"('COCCOC.ClCCl',)","('[Cs+].[F-]',)"
4974,8,"('CCO.Cc1ccccc1.O',)","('[OH-].[Na+]',)"
4974,9,"('O.COCCOC',)","('[K+].[F-]',)"
4974,10,"('CCO.Cc1ccccc1.O.CCOC(C)=O',)","('CCN(CC)CC',)"
3424,1,"('No Solvent',)","('O=C([O-])[O-].[Na+].[Na+]',)"
3424,2,"('O.COCCOC',)","('O=C([O-])[O-].[K+].[K+]',)"
3424,3,"('O.C1COCCO1',)","('O=C([O-])[O-].[Cs+].[Cs+]',)"
3424,4,"('O.CCOC(C)=O.C1COCCO1',)","('[K+].[F-]',)"
3424,5,"('C1COCCO1',)","('No Base',)"
3424,6,"('CN(C)C=O',)","('O=P([O-])([O-])[O-].[K+].[K+].[K+]',)"
3424,7,"('O.C1COCCO1.ClCCl',)","('O=C([O-])O.[Na+]',)"
3424,8,"('CN(C)C=O.O',)","('[Cs+].[F-]',)"
3424,9,"('C1COCCO1.ClCCl',)","('O=C([O-])O.[Na+],O=C([O-])[O-].[Na+].[Na+]',)"
3424,10,"('CCO.Cc1ccccc1',)","('CC(=O)[O-].[K+]',)"
953,1,"('O.C1COCCO1',)","('O=C([O-])[O-].[K+].[K+]',)"
953,2,"('No Solvent',)","('O=C([O-])[O-].[Na+].[Na+]',)"
953,3,"('O.COCCOC',)","('No Base',)"
953,4,"('CCO.Cc1ccccc1.O',)","('O=C([O-])O.[Na+],O=C([O-])[O-].[Na+].[Na+]',)"
953,5,"('COCCOC',)","('O=P([O-])([O-])[O-].[K+].[K+].[K+]',)"
953,6,"('O.CCOC(C)=O.C1COCCO1',)","('O=C([O-])[O-].[Cs+].[Cs+]',)"
953,7,"('C1COCCO1',)","('O=C([O-])O.[Na+]',)"
953,8,"('CCO.Cc1ccccc1',)","('[K+].[F-]',)"
953,9,"('CN(C)C=O.O',)","('[Cs+].[F-]',)"
953,10,"('C1CCOC1',)","('CC(=O)[O-].[K+]',)"
5100,1,"('O.COCCOC',)","('O=C([O-])[O-].[K+].[K+]',)"
5100,2,"('CCO.Cc1ccccc1',)","('O=C([O-])[O-].[Na+].[Na+]',)"
5100,3,"('O.C1COCCO1',)","('O=P([O-])([O-])[O-].[K+].[K+].[K+]',)"
5100,4,"('Cc1ccccc1.O',)","('No Base',)"
5100,5,"('COCCOC',)","('O=C([O-])[O-].[Cs+].[Cs+]',)"
5100,6,"('C1CCOC1',)","('O=C([O-])O.[Na+]',)"
5100,7,"('No Solvent',)","('O=C([O-])O.[Na+],O=C([O-])[O-].[Na+].[Na+]',)"
5100,8,"('COCCOC.CCOC(C)=O',)","('[Cs+].[F-]',)"
5100,9,"('O.CC#N',)","('CCN(CC)CC',)"
5100,10,"('CN(C)C=O.O',)","('[OH-].[Na+]',)"
1580,1,"('COCCOC',)","('O=C([O-])[O-].[Na+].[Na+]',)"
1580,2,"('O.COCCOC',)","('O=C([O-])[O-].[K+].[K+]',)"
1580,3,"('O.CCOC(C)=O.C1COCCO1',)","('No Base',)"
1580,4,"('No Solvent',)","('O=P([O-])([O-])[O-].[K+].[K+].[K+]',)"
1580,5,"('O.C1COCCO1',)","('O=C([O-])[O-].[Cs+].[Cs+]',)"
1580,6,"('Cc1ccccc1.O',)","('O=C([O-])O.[Na+]',)"
1580,7,"('CN(C)C=O.O',)","('[Cs+].[F-]',)"
1580,8,"('Cc1ccccc1',)","('O=C([O-])O.[Na+],O=C([O-])[O-].[Na+].[Na+]',)"
1580,9,"('O.CC#N',)","('CCN(CC)CC',)"
1580,10,"('C1COCCO1',)","('[K+].[F-]',)"
944,1,"('O.C1COCCO1',)","('O=C([O-])[O-].[Na+].[Na+]',)"
944,2,"('O.CC#N',)","('O=C([O-])[O-].[Cs+].[Cs+]',)"
944,3,"('O.COCCOC',)","('O=C([O-])[O-].[K+].[K+]',)"
944,4,"('No Solvent',)","('O=P([O-])([O-])[O-].[K+].[K+].[K+]',)"
944,5,"('Cc1ccccc1',)","('No Base',)"
944,6,"('CN(C)C=O',)","('[K+].[F-]',)"
944,7,"('C1COCCO1',)","('CCN(CC)CC',)"
944,8,"('C1CCOC1',)","('O=C([O-])O.[Na+]',)"
944,9,"('CCO.Cc1ccccc1.O',)","('[Cs+].[F-]',)"
944,10,"('O.CCOC(C)=O.C1COCCO1',)","('O=C([O-])O.[Na+],O=C([O-])[O-].[Na+].[Na+]',)"
2950,1,"('O.C1COCCO1',)","('O=C([O-])[O-].[Na+].[Na+]',)"
2950,2,"('O.CCOC(C)=O.C1COCCO1',)","('O=C([O-])[O-].[Cs+].[Cs+]',)"
2950,3,"('CCO.Cc1ccccc1',)","('O=P([O-])([O-])[O-].[K+].[K+].[K+]',)"
2950,4,"('CCO.Cc1ccccc1.O',)","('O=C([O-])O.[Na+]',)"
2950,5,"('O.C1COCCO1.ClCCl',)","('O=C([O-])[O-].[K+].[K+]',)"
2950,6,"('CN(C)C=O.O',)","('No Base',)"
2950,7,"('COCCOC',)","('[K+].[F-]',)"
2950,8,"('C1COCCO1',)","('CCN(CC)CC',)"
2950,9,"('O.COCCOC',)","('[Cs+].[F-]',)"
2950,10,"('COCCOC.CCOC(C)=O',)","('[OH-].[Na+]',)"
3806,1,"('CN(C)C=O.O',)","('O=C([O-])[O-].[Na+].[Na+]',)"
3806,2,"('No Solvent',)","('O=C([O-])[O-].[Cs+].[Cs+]',)"
3806,3,"('C1COCCO1',)","('O=C([O-])[O-].[K+].[K+]',)"
3806,4,"('O.COCCOC',)","('O=P([O-])([O-])[O-].[K+].[K+].[K+]',)"
3806,5,"('CCO.COCCOC',)","('No Base',)"
3806,6,"('CCO.Cc1ccccc1',)","('O=C([O-])O.[Na+]',)"
3806,7,"('CCO.O.COCCOC',)","('[Cs+].[F-]',)"
3806,8,"('O.CC#N',)","('O=C([O-])O.[Na+],O=C([O-])[O-].[Na+].[Na+]',)"
3806,9,"('CN(C)C=O',)","('[K+].[F-]',)"
3806,10,"('COCCOC',)","('[OH-].[Na+]',)"
925,1,"('CCO.Cc1ccccc1',)","('O=C([O-])[O-].[K+].[K+]',)"
925,2,"('O.COCCOC',)","('O=C([O-])[O-].[Na+].[Na+]',)"
925,3,"('O.C1COCCO1',)","('O=C([O-])O.[Na+]',)"
925,4,"('C1COCCO1',)","('O=P([O-])([O-])[O-].[K+].[K+].[K+]',)"
925,5,"('O.CCOC(C)=O.C1COCCO1',)","('No Base',)"
925,6,"('O.COCCOC.ClCCl',)","('O=C([O-])[O-].[Cs+].[Cs+]',)"
925,7,"('No Solvent',)","('[K+].[F-]',)"
925,8,"('O.CC#N',)","('[Cs+].[F-]',)"
925,9,"('CCO.Cc1ccccc1.O',)","('O=C([O-])O.[Na+],O=C([O-])[O-].[Na+].[Na+]',)"
925,10,"('O.C1CCOC1',)","('CCN(CC)CC',)"
3206,1,"('O.C1COCCO1',)","('O=C([O-])[O-].[K+].[K+]',)"
3206,2,"('CN(C)C=O',)","('O=C([O-])[O-].[Na+].[Na+]',)"
3206,3,"('O.COCCOC',)","('No Base',)"
3206,4,"('CCO.Cc1ccccc1.O',)","('CCN(CC)CC',)"
3206,5,"('COCCOC',)","('O=P([O-])([O-])[O-].[K+].[K+].[K+]',)"
3206,6,"('Cc1ccccc1.O',)","('O=C([O-])O.[Na+]',)"
3206,7,"('No Solvent',)","('O=C([O-])[O-].[Cs+].[Cs+]',)"
3206,8,"('Cc1ccccc1',)","('O=C([O-])O.[Na+],O=C([O-])[O-].[Na+].[Na+]',)"
3206,9,"('C1COCCO1',)","('[OH-].[Na+]',)"
3206,10,"('O.CC#N',)","('[Cs+].[F-]',)"
5143,1,"('O.C1COCCO1',)","('O=C([O-])[O-].[Na+].[Na+]',)"
5143,2,"('O.CCOC(C)=O.COCCOC',)","('O=C([O-])[O-].[K+].[K+]',)"
5143,3,"('O.CCOC(C)=O.C1COCCO1',)","('O=C([O-])[O-].[Cs+].[Cs+]',)"
5143,4,"('C1COCCO1.ClCCl',)","('O=P([O-])([O-])[O-].[K+].[K+].[K+]',)"
5143,5,"('C1COCCO1',)","('O=C([O-])O.[Na+]',)"
5143,6,"('CN(C)C=O',)","('O=C([O-])O.[Na+],O=C([O-])[O-].[Na+].[Na+]',)"
5143,7,"('O.C1COCCO1.ClCCl',)","('No Base',)"
5143,8,"('No Solvent',)","('[Cs+].[F-]',)"
5143,9,"('COCCOC',)","('[OH-].[Na+]',)"
5143,10,"('CCO.Cc1ccccc1.O',)","('[K+].[F-]',)"
3234,1,"('O.C1COCCO1',)","('O=C([O-])[O-].[Na+].[Na+]',)"
3234,2,"('C1COCCO1',)","('O=C([O-])[O-].[K+].[K+]',)"
3234,3,"('O.COCCOC',)","('O=C([O-])[O-].[Cs+].[Cs+]',)"
3234,4,"('CN(C)C=O.O',)","('No Base',)"
3234,5,"('O.C1CCOC1',)","('O=P([O-])([O-])[O-].[K+].[K+].[K+]',)"
3234,6,"('No Solvent',)","('O=C([O-])O.[Na+]',)"
3234,7,"('CCO.Cc1ccccc1',)","('[Cs+].[F-]',)"
3234,8,"('CN(C)C=O',)","('[K+].[F-]',)"
3234,9,"('COCCOC',)","('O=C([O-])O.[Na+],O=C([O-])[O-].[Na+].[Na+]',)"
3234,10,"('O.COCCOC.CCOC(C)=O',)","('CCN(CC)CC',)"
3219,1,"('C1COCCO1',)","('O=C([O-])[O-].[Na+].[Na+]',)"
3219,2,"('O.CC#N',)","('O=C([O-])[O-].[K+].[K+]',)"
3219,3,"('O.C1COCCO1',)","('O=P([O-])([O-])[O-].[K+].[K+].[K+]',)"
3219,4,"('CN(C)C=O',)","('No Base',)"
3219,5,"('CN(C)C=O.O',)","('O=C([O-])[O-].[Cs+].[Cs+]',)"
3219,6,"('O.CCOC(C)=O.C1COCCO1',)","('O=C([O-])O.[Na+]',)"
3219,7,"('COCCOC',)","('[Cs+].[F-]',)"
3219,8,"('CCO.Cc1ccccc1.O',)","('[K+].[F-]',)"
3219,9,"('Cc1ccccc1.O',)","('[OH-].[Na+]',)"
3219,10,"('C1CCOC1',)","('O=C([O-])O.[Na+],O=C([O-])[O-].[Na+].[Na+]',)"
207,1,"('O.COCCOC',)","('O=C([O-])[O-].[Na+].[Na+]',)"
207,2,"('C1COCCO1',)","('O=C([O-])[O-].[K+].[K+]',)"
207,3,"('COCCOC',)","('O=C([O-])O.[Na+]',)"
207,4,"('O.C1COCCO1',)","('O=P([O-])([O-])[O-].[K+].[K+].[K+]',)"
207,5,"('O.COCCOC.CCOC(C)=O',)","('O=C([O-])[O-].[Cs+].[Cs+]',)"
207,6,"('Cc1ccccc1.O',)","('No Base',)"
207,7,"('No Solvent',)","('CCN(CC)CC',)"
207,8,"('CC#N',)","('[K+].[F-]',)"
207,9,"('CN(C)C=O.O',)","('[OH-].[Na+]',)"
207,10,"('CCO.Cc1ccccc1',)","('O=C([O-])O.[Na+],O=C([O-])[O-].[Na+].[Na+]',)"
4127,1,"('O.C1COCCO1',)","('O=C([O-])[O-].[K+].[K+]',)"
4127,2,"('COCCOC',)","('O=C([O-])[O-].[Na+].[Na+]',)"
4127,3,"('CCO.Cc1ccccc1',)","('O=C([O-])[O-].[Cs+].[Cs+]',)"
4127,4,"('COCCOC.ClCCl',)","('O=P([O-])([O-])[O-].[K+].[K+].[K+]',)"
4127,5,"('O.COCCOC',)","('No Base',)"
4127,6,"('O.CC#N',)","('O=C([O-])O.[Na+]',)"
4127,7,"('COCCOC.CCOC(C)=O',)","('[Cs+].[F-]',)"
4127,8,"('No Solvent',)","('O=C([O-])O.[Na+],O=C([O-])[O-].[Na+].[Na+]',)"
4127,9,"('CN(C)C=O.O',)","('[K+].[F-]',)"
4127,10,"('Cc1ccccc1',)","('CCN(CC)CC',)"
353,1,"('COCCOC',)","('O=C([O-])[O-].[K+].[K+]',)"
353,2,"('O.COCCOC',)","('O=C([O-])O.[Na+],O=C([O-])[O-].[Na+].[Na+]',)"
353,3,"('O.C1COCCO1',)","('O=C([O-])[O-].[Na+].[Na+]',)"
353,4,"('C1COCCO1',)","('O=C([O-])O.[Na+]',)"
353,5,"('CN(C)C=O',)","('No Base',)"
353,6,"('CCO.Cc1ccccc1',)","('O=P([O-])([O-])[O-].[K+].[K+].[K+]',)"
353,7,"('CCO.Cc1ccccc1.O',)","('O=C([O-])[O-].[Cs+].[Cs+]',)"
353,8,"('Cc1ccccc1',)","('[OH-].[Na+]',)"
353,9,"('CN(C)C=O.O',)","('CCN(CC)CC',)"
353,10,"('No Solvent',)","('[K+].[F-]',)"
4870,1,"('O.C1COCCO1',)","('O=C([O-])[O-].[Cs+].[Cs+]',)"
4870,2,"('CN(C)C=O',)","('O=C([O-])[O-].[Na+].[Na+]',)"
4870,3,"('O.CCOC(C)=O.C1COCCO1',)","('O=C([O-])[O-].[K+].[K+]',)"
4870,4,"('COCCOC',)","('No Base',)"
4870,5,"('CCO.Cc1ccccc1',)","('O=P([O-])([O-])[O-].[K+].[K+].[K+]',)"
4870,6,"('CCO.Cc1ccccc1.O',)","('O=C([O-])O.[Na+]',)"
4870,7,"('O.COCCOC',)","('[K+].[F-]',)"
4870,8,"('No Solvent',)","('[Cs+].[F-]',)"
4870,9,"('O.C1CCOC1',)","('CCN(CC)CC',)"
4870,10,"('COCCOC.ClCCl',)","('O=C([O-])O.[Na+],O=C([O-])[O-].[Na+].[Na+]',)"
2184,1,"('O.C1COCCO1',)","('O=C([O-])[O-].[Cs+].[Cs+]',)"
2184,2,"('O.COCCOC',)","('O=C([O-])[O-].[Na+].[Na+]',)"
2184,3,"('COCCOC',)","('O=C([O-])[O-].[K+].[K+]',)"
2184,4,"('CN(C)C=O.O',)","('O=C([O-])O.[Na+]',)"
2184,5,"('O.CCOC(C)=O.C1COCCO1',)","('O=P([O-])([O-])[O-].[K+].[K+].[K+]',)"
2184,6,"('C1COCCO1',)","('No Base',)"
2184,7,"('CN(C)C=O',)","('[K+].[F-]',)"
2184,8,"('O.CC#N',)","('O=C([O-])O.[Na+],O=C([O-])[O-].[Na+].[Na+]',)"
2184,9,"('CCO.Cc1ccccc1.O',)","('CC(=O)[O-].[K+]',)"
2184,10,"('O.C1COCCO1.ClCCl',)","('CCN(CC)CC',)"
4173,1,"('O.COCCOC',)","('O=C([O-])[O-].[K+].[K+]',)"
4173,2,"('C1COCCO1',)","('O=C([O-])[O-].[Na+].[Na+]',)"
4173,3,"('COCCOC',)","('O=C([O-])[O-].[Cs+].[Cs+]',)"
4173,4,"('CCO.Cc1ccccc1',)","('No Base',)"
4173,5,"('No Solvent',)","('O=P([O-])([O-])[O-].[K+].[K+].[K+]',)"
4173,6,"('O.C1COCCO1',)","('O=C([O-])O.[Na+]',)"
4173,7,"('CN(C)C=O',)","('[K+].[F-]',)"
4173,8,"('O.C1CCOC1',)","('O=C([O-])O.[Na+],O=C([O-])[O-].[Na+].[Na+]',)"
4173,9,"('O.CCOC(C)=O.C1COCCO1',)","('[Cs+].[F-]',)"
4173,10,"('COCCOC.ClCCl',)","('[K+].CC(C)(C)[O-]',)"
5220,1,"('O.CC#N',)","('O=C([O-])[O-].[Na+].[Na+]',)"
5220,2,"('CC#N',)","('O=C([O-])[O-].[Cs+].[Cs+]',)"
5220,3,"('O.C1COCCO1',)","('O=C([O-])[O-].[K+].[K+]',)"
5220,4,"('CN(C)C=O',)","('O=P([O-])([O-])[O-].[K+].[K+].[K+]',)"
5220,5,"('CCO.Cc1ccccc1',)","('CCN(CC)CC',)"
5220,6,"('C1COCCO1',)","('O=C([O-])O.[Na+]',)"
5220,7,"('CCO',)","('No Base',)"
5220,8,"('CCO.O.COCCOC',)","('O=C([O-])O.[Na+],O=C([O-])[O-].[Na+].[Na+]',)"
5220,9,"('CCO.Cc1ccccc1.O',)","('[Cs+].[F-]',)"
5220,10,"('CN(C)C=O.O',)","('[K+].[F-]',)"
938,1,"('COCCOC',)","('O=C([O-])[O-].[Na+].[Na+]',)"
938,2,"('CN(C)C=O',)","('O=C([O-])[O-].[K+].[K+]',)"
938,3,"('CN(C)C=O.O',)","('O=P([O-])([O-])[O-].[K+].[K+].[K+]',)"
938,4,"('O.COCCOC',)","('No Base',)"
938,5,"('O.C1COCCO1',)","('O=C([O-])[O-].[Cs+].[Cs+]',)"
938,6,"('CCO.Cc1ccccc1.O',)","('[K+].[F-]',)"
938,7,"('No Solvent',)","('O=C([O-])O.[Na+]',)"
938,8,"('C1COCCO1',)","('CCN(CC)CC',)"
938,9,"('O.CCOC(C)=O.C1COCCO1',)","('CC(=O)[O-].[K+]',)"
938,10,"('O.C1COCCO1.ClCCl',)","('O=C([O-])O.[Na+],O=C([O-])[O-].[Na+].[Na+]',)"
2462,1,"('O.C1COCCO1',)","('O=P([O-])([O-])[O-].[K+].[K+].[K+]',)"
2462,2,"('O.COCCOC',)","('O=C([O-])[O-].[Na+].[Na+]',)"
2462,3,"('CN(C)C=O',)","('O=C([O-])[O-].[K+].[K+]',)"
2462,4,"('Cc1ccccc1.O',)","('O=C([O-])[O-].[Cs+].[Cs+]',)"
2462,5,"('O.C1COCCO1.ClCCl',)","('O=C([O-])O.[Na+]',)"
2462,6,"('CCO.Cc1ccccc1',)","('No Base',)"
2462,7,"('No Solvent',)","('[Cs+].[F-]',)"
2462,8,"('CN(C)C=O.O',)","('[K+].[F-]',)"
2462,9,"('CCO.Cc1ccccc1.CCOC(C)=O',)","('CCN(CC)CC',)"
2462,10,"('C1COCCO1',)","('O=C([O-])O.[Na+],O=C([O-])[O-].[Na+].[Na+]',)"
1985,1,"('COCCOC',)","('O=C([O-])[O-].[K+].[K+]',)"
1985,2,"('No Solvent',)","('O=P([O-])([O-])[O-].[K+].[K+].[K+]',)"
1985,3,"('O.C1COCCO1',)","('O=C([O-])[O-].[Na+].[Na+]',)"
1985,4,"('O.COCCOC',)","('O=C([O-])[O-].[Cs+].[Cs+]',)"
1985,5,"('C1COCCO1',)","('[Cs+].[F-]',)"
1985,6,"('CN(C)C=O.O',)","('O=C([O-])O.[Na+]',)"
1985,7,"('O.CC#N',)","('No Base',)"
1985,8,"('Cc1ccccc1.O',)","('O=C([O-])O.[Na+],O=C([O-])[O-].[Na+].[Na+]',)"
1985,9,"('C1CCOC1',)","('CCN(CC)CC',)"
1985,10,"('O.CCOC(C)=O.C1COCCO1',)","('[K+].[F-]',)"
2712,1,"('CN(C)C=O',)","('O=P([O-])([O-])[O-].[K+].[K+].[K+]',)"
2712,2,"('COCCOC',)","('O=C([O-])[O-].[K+].[K+]',)"
2712,3,"('C1COCCO1',)","('O=C([O-])[O-].[Na+].[Na+]',)"
2712,4,"('O.C1COCCO1',)","('No Base',)"
2712,5,"('No Solvent',)","('[Cs+].[F-]',)"
2712,6,"('C1COCCO1.ClCCl',)","('O=C([O-])O.[Na+]',)"
2712,7,"('CN(C)C=O.O',)","('O=C([O-])[O-].[Cs+].[Cs+]',)"
2712,8,"('Cc1ccccc1.O',)","('CCN(CC)CC',)"
2712,9,"('CCO.Cc1ccccc1.O',)","('O=C([O-])O.[Na+],O=C([O-])[O-].[Na+].[Na+]',)"
2712,10,"('O.COCCOC',)","('[K+].[F-]',)"
142,1,"('O.COCCOC',)","('O=C([O-])[O-].[Na+].[Na+]',)"
142,2,"('CN(C)C=O',)","('O=C([O-])[O-].[K+].[K+]',)"
142,3,"('O.C1COCCO1.ClCCl',)","('O=C([O-])O.[Na+]',)"
142,4,"('C1COCCO1',)","('O=P([O-])([O-])[O-].[K+].[K+].[K+]',)"
142,5,"('COCCOC',)","('No Base',)"
142,6,"('CCO.Cc1ccccc1.O',)","('O=C([O-])[O-].[Cs+].[Cs+]',)"
142,7,"('O.C1COCCO1',)","('CCN(CC)CC',)"
142,8,"('COCCOC.CCOC(C)=O',)","('[Cs+].[F-]',)"
142,9,"('No Solvent',)","('[K+].[F-]',)"
142,10,"('Cc1ccccc1.O',)","('O=C([O-])O.[Na+],O=C([O-])[O-].[Na+].[Na+]',)"
1053,1,"('CCCO',)","('O=C([O-])[O-].[Na+].[Na+]',)"
1053,2,"('O.C1COCCO1',)","('O=C([O-])[O-].[K+].[K+]',)"
1053,3,"('O.COCCOC',)","('O=P([O-])([O-])[O-].[K+].[K+].[K+]',)"
1053,4,"('O.CCOC(C)=O.C1COCCO1',)","('O=C([O-])[O-].[Cs+].[Cs+]',)"
1053,5,"('CN(C)C=O.O',)","('O=C([O-])O.[Na+]',)"
1053,6,"('O.C1COCCO1.ClCCl',)","('[K+].[F-]',)"
1053,7,"('No Solvent',)","('No Base',)"
1053,8,"('CCO.O.COCCOC',)","('[Cs+].[F-]',)"
1053,9,"('COCCOC',)","('O=C([O-])O.[Na+],O=C([O-])[O-].[Na+].[Na+]',)"
1053,10,"('C1COCCO1.ClCCl',)","('CC(=O)[O-].[K+]',)"
5426,1,"('COCCOC',)","('O=C([O-])[O-].[Na+].[Na+]',)"
5426,2,"('O.C1COCCO1',)","('O=C([O-])[O-].[K+].[K+]',)"
5426,3,"('O.COCCOC',)","('O=P([O-])([O-])[O-].[K+].[K+].[K+]',)"
5426,4,"('C1COCCO1',)","('No Base',)"
5426,5,"('No Solvent',)","('O=C([O-])O.[Na+]',)"
5426,6,"('CN(C)C=O.O',)","('O=C([O-])[O-].[Cs+].[Cs+]',)"
5426,7,"('CCO.Cc1ccccc1',)","('[K+].[F-]',)"
5426,8,"('CN(C)C=O',)","('[Cs+].[F-]',)"
5426,9,"('COCCOC.CCOC(C)=O',)","('[OH-].[Na+]',)"
5426,10,"('C1CCOC1',)","('O=C([O-])O.[Na+],O=C([O-])[O-].[Na+].[Na+]',)"
672,1,"('O.C1COCCO1',)","('O=C([O-])[O-].[Na+].[Na+]',)"
672,2,"('No Solvent',)","('O=C([O-])[O-].[Cs+].[Cs+]',)"
672,3,"('CCO.O.COCCOC',)","('O=C([O-])[O-].[K+].[K+]',)"
672,4,"('O.COCCOC',)","('O=P([O-])([O-])[O-].[K+].[K+].[K+]',)"
672,5,"('C1COCCO1',)","('No Base',)"
672,6,"('O.CCOC(C)=O.C1COCCO1',)","('O=C([O-])O.[Na+]',)"
672,7,"('CN(C)C=O',)","('[K+].[F-]',)"
672,8,"('O.CC#N',)","('[Cs+].[F-]',)"
672,9,"('CN(C)C=O.O',)","('O=C([O-])O.[Na+],O=C([O-])[O-].[Na+].[Na+]',)"
672,10,"('O.C1CCOC1',)","('CCN(CC)CC',)"
2613,1,"('O.C1COCCO1',)","('O=C([O-])[O-].[Na+].[Na+]',)"
2613,2,"('No Solvent',)","('O=C([O-])[O-].[K+].[K+]',)"
2613,3,"('CC#N',)","('O=C([O-])[O-].[Cs+].[Cs+]',)"
2613,4,"('COCCOC',)","('No Base',)"
2613,5,"('CN(C)C=O.O',)","('O=P([O-])([O-])[O-].[K+].[K+].[K+]',)"
2613,6,"('CCO.Cc1ccccc1',)","('O=C([O-])O.[Na+]',)"
2613,7,"('CCO.Cc1ccccc1.O',)","('[K+].[F-]',)"
2613,8,"('COCCOC.CCOC(C)=O',)","('CCN(CC)CC',)"
2613,9,"('O.COCCOC',)","('CC(=O)[O-].[K+]',)"
2613,10,"('CCO.O.COCCOC',)","('[Cs+].[F-]',)"
1827,1,"('O.COCCOC',)","('O=C([O-])[O-].[Na+].[Na+]',)"
1827,2,"('O.C1COCCO1',)","('O=C([O-])[O-].[K+].[K+]',)"
1827,3,"('CN(C)C=O',)","('No Base',)"
1827,4,"('Cc1ccccc1',)","('O=C([O-])[O-].[Cs+].[Cs+]',)"
1827,5,"('CCO.Cc1ccccc1',)","('O=P([O-])([O-])[O-].[K+].[K+].[K+]',)"
1827,6,"('O.CCOC(C)=O.C1COCCO1',)","('O=C([O-])O.[Na+]',)"
1827,7,"('COCCOC',)","('CCN(CC)CC',)"
1827,8,"('No Solvent',)","('O=C([O-])O.[Na+],O=C([O-])[O-].[Na+].[Na+]',)"
1827,9,"('C1COCCO1',)","('[Cs+].[F-]',)"
1827,10,"('O.C1COCCO1.ClCCl',)","('[K+].[F-]',)"
1986,1,"('C1COCCO1',)","('O=C([O-])[O-].[K+].[K+]',)"
1986,2,"('No Solvent',)","('O=C([O-])[O-].[Na+].[Na+]',)"
1986,3,"('COCCOC',)","('O=P([O-])([O-])[O-].[K+].[K+].[K+]',)"
1986,4,"('O.C1COCCO1',)","('O=C([O-])[O-].[Cs+].[Cs+]',)"
1986,5,"('CN(C)C=O.O',)","('[Cs+].[F-]',)"
1986,6,"('O.CC#N',)","('No Base',)"
1986,7,"('CCO.Cc1ccccc1',)","('O=C([O-])O.[Na+]',)"
1986,8,"('O.CCOC(C)=O.C1COCCO1',)","('CCN(CC)CC',)"
1986,9,"('CN(C)C=O',)","('[K+].[F-]',)"
1986,10,"('CCO.Cc1ccccc1.O',)","('O=C([O-])O.[Na+],O=C([O-])[O-].[Na+].[Na+]',)"
3719,1,"('CCO.O.COCCOC',)","('O=C([O-])[O-].[Cs+].[Cs+]',)"
3719,2,"('O.CCOC(C)=O.C1COCCO1',)","('O=C([O-])[O-].[Na+].[Na+]',)"
3719,3,"('O.C1COCCO1',)","('O=C([O-])[O-].[K+].[K+]',)"
3719,4,"('CCO.Cc1ccccc1',)","('O=P([O-])([O-])[O-].[K+].[K+].[K+]',)"
3719,5,"('C1COCCO1',)","('O=C([O-])O.[Na+]',)"
3719,6,"('No Solvent',)","('No Base',)"
3719,7,"('CN(C)C=O.O',)","('[K+].[F-]',)"
3719,8,"('O.COCCOC',)","('[Cs+].[F-]',)"
3719,9,"('COCCOC.ClCCl',)","('CC(=O)[O-].[K+]',)"
3719,10,"('O.COCCOC.ClCCl',)","('O=C([O-])O.[Na+],O=C([O-])[O-].[Na+].[Na+]',)"
4561,1,"('No Solvent',)","('O=C([O-])[O-].[Na+].[Na+]',)"
4561,2,"('O.C1COCCO1',)","('O=C([O-])[O-].[K+].[K+]',)"
4561,3,"('CCO.Cc1ccccc1',)","('O=C([O-])[O-].[Cs+].[Cs+]',)"
4561,4,"('Cc1ccccc1',)","('No Base',)"
4561,5,"('O.CCOC(C)=O.COCCOC',)","('[Cs+].[F-]',)"
4561,6,"('CCO.Cc1ccccc1.O',)","('O=C([O-])O.[Na+]',)"
4561,7,"('COCCOC',)","('O=P([O-])([O-])[O-].[K+].[K+].[K+]',)"
4561,8,"('C1COCCO1',)","('[K+].[F-]',)"
4561,9,"('O.C1COCCO1.ClCCl',)","('CCN(CC)CC',)"
4561,10,"('O.CC#N',)","('O=C([O-])O.[Na+],O=C([O-])[O-].[Na+].[Na+]',)"
3361,1,"('O.C1COCCO1',)","('O=C([O-])[O-].[Na+].[Na+]',)"
3361,2,"('CCO.Cc1ccccc1.CCOC(C)=O',)","('O=P([O-])([O-])[O-].[K+].[K+].[K+]',)"
3361,3,"('CN(C)C=O',)","('O=C([O-])[O-].[K+].[K+]',)"
3361,4,"('O.COCCOC',)","('O=C([O-])[O-].[Cs+].[Cs+]',)"
3361,5,"('CCO.O.COCCOC',)","('No Base',)"
3361,6,"('CC#N',)","('[Cs+].[F-]',)"
3361,7,"('Cc1ccccc1',)","('O=C([O-])O.[Na+]',)"
3361,8,"('COCCOC.CCOC(C)=O',)","('CCN(CC)CC',)"
3361,9,"('O.CCOC(C)=O.C1COCCO1',)","('[OH-].[Na+]',)"
3361,10,"('O.C1CCOC1',)","('CC(=O)[O-].[K+]',)"
4045,1,"('CCO.Cc1ccccc1',)","('O=C([O-])[O-].[K+].[K+]',)"
4045,2,"('CN(C)C=O.O',)","('O=C([O-])O.[Na+]',)"
4045,3,"('Cc1ccccc1',)","('O=C([O-])[O-].[Na+].[Na+]',)"
4045,4,"('CCO.O.COCCOC',)","('No Base',)"
4045,5,"('CCO.Cc1ccccc1.O',)","('O=P([O-])([O-])[O-].[K+].[K+].[K+]',)"
4045,6,"('Cc1ccccc1.O',)","('O=C([O-])[O-].[Cs+].[Cs+]',)"
4045,7,"('COCCOC',)","('[Cs+].[F-]',)"
4045,8,"('C1COCCO1',)","('[OH-].[Na+]',)"
4045,9,"('CN(C)C=O',)","('CCN(CC)CC',)"
4045,10,"('COCCOC.CCOC(C)=O',)","('O=C([O-])O.[Na+],O=C([O-])[O-].[Na+].[Na+]',)"
1347,1,"('CCO.COCCOC',)","('O=C([O-])[O-].[Na+].[Na+]',)"
1347,2,"('C1COCCO1',)","('O=C([O-])[O-].[Cs+].[Cs+]',)"
1347,3,"('O.COCCOC',)","('O=P([O-])([O-])[O-].[K+].[K+].[K+]',)"
1347,4,"('O.C1COCCO1',)","('O=C([O-])[O-].[K+].[K+]',)"
1347,5,"('Cc1ccccc1',)","('No Base',)"
1347,6,"('Cc1ccccc1.O',)","('O=C([O-])O.[Na+]',)"
1347,7,"('CCO.Cc1ccccc1.O',)","('O=C([O-])O.[Na+],O=C([O-])[O-].[Na+].[Na+]',)"
1347,8,"('CCOC(C)=O.C1COCCO1',)","('CCN(CC)CC',)"
1347,9,"('COCCOC',)","('[OH-].[Na+]',)"
1347,10,"('CN(C)C=O',)","('[Cs+].[F-]',)"
2494,1,"('Cc1ccccc1.O',)","('O=C([O-])[O-].[Na+].[Na+]',)"
2494,2,"('O.C1COCCO1',)","('O=C([O-])[O-].[K+].[K+]',)"
2494,3,"('CN(C)C=O.O',)","('O=C([O-])[O-].[Cs+].[Cs+]',)"
2494,4,"('COCCOC.ClCCl',)","('O=C([O-])O.[Na+]',)"
2494,5,"('O.CCOC(C)=O.C1COCCO1',)","('No Base',)"
2494,6,"('C1CCOC1',)","('O=P([O-])([O-])[O-].[K+].[K+].[K+]',)"
2494,7,"('No Solvent',)","('CCN(CC)CC',)"
2494,8,"('COCCOC',)","('[K+].[F-]',)"
2494,9,"('O.COCCOC',)","('[Cs+].[F-]',)"
2494,10,"('CCO.Cc1ccccc1',)","('O=C([O-])O.[Na+],O=C([O-])[O-].[Na+].[Na+]',)"
3192,1,"('O.CC#N',)","('O=P([O-])([O-])[O-].[Na+].[Na+].[Na+],CC(=O)[O-].[Na+],CC(=O)[O-].[K+],O=P([O-])([O-])[O-].[K+].[K+].[K+]',)"
3192,2,"('CN(C)C=O.O',)","('O=P([O-])([O-])[O-].[K+].[K+].[K+]',)"
3192,3,"('O.C1CCOC1',)","('O=C([O-])[O-].[Na+].[Na+]',)"
3192,4,"('O.C1COCCO1',)","('O=C([O-])[O-].[Cs+].[Cs+]',)"
3192,5,"('O.CCOC(C)=O.C1COCCO1',)","('[K+].[F-]',)"
3192,6,"('CCO.Cc1ccccc1.O',)","('O=P([O-])([O-])[O-].[K+].[K+].[K+],CC(=O)[O-].[K+]',)"
3192,7,"('C1COCCO1',)","('O=C([O-])[O-].[K+].[K+]',)"
3192,8,"('CN(C)C=O',)","('O=C([O-])O.[Na+]',)"
3192,9,"('O.COCCOC',)","('No Base',)"
3192,10,"('CCO.O.COCCOC',)","('CCN(CC)CC',)"
2609,1,"('COCCOC',)","('O=C([O-])[O-].[Na+].[Na+]',)"
2609,2,"('No Solvent',)","('O=C([O-])[O-].[K+].[K+]',)"
2609,3,"('O.C1COCCO1',)","('O=C([O-])[O-].[Cs+].[Cs+]',)"
2609,4,"('CCO.Cc1ccccc1.O',)","('No Base',)"
2609,5,"('CN(C)C=O.O',)","('O=P([O-])([O-])[O-].[K+].[K+].[K+]',)"
2609,6,"('O.COCCOC',)","('O=C([O-])O.[Na+]',)"
2609,7,"('O.COCCOC.ClCCl',)","('[Cs+].[F-]',)"
2609,8,"('CC#N',)","('[K+].[F-]',)"
2609,9,"('CCO.Cc1ccccc1',)","('O=C([O-])O.[Na+],O=C([O-])[O-].[Na+].[Na+]',)"
2609,10,"('COCCOC.ClCCl',)","('CC(=O)[O-].[K+]',)"
1920,1,"('O.COCCOC',)","('O=C([O-])[O-].[Na+].[Na+]',)"
1920,2,"('O.C1COCCO1',)","('O=C([O-])[O-].[Cs+].[Cs+]',)"
1920,3,"('C1COCCO1',)","('O=C([O-])[O-].[K+].[K+]',)"
1920,4,"('Cc1ccccc1.O',)","('No Base',)"
1920,5,"('COCCOC',)","('O=P([O-])([O-])[O-].[K+].[K+].[K+]',)"
1920,6,"('O.CCOC(C)=O.C1COCCO1',)","('O=C([O-])O.[Na+],O=C([O-])[O-].[Na+].[Na+]',)"
1920,7,"('CN(C)C=O',)","('O=C([O-])O.[Na+]',)"
1920,8,"('O.C1CCOC1',)","('[Cs+].[F-]',)"
1920,9,"('Cc1ccccc1',)","('[OH-].[Na+]',)"
1920,10,"('No Solvent',)","('CC(=O)[O-].[K+]',)"
2279,1,"('No Solvent',)","('O=C([O-])O.[Na+]',)"
2279,2,"('O.COCCOC',)","('O=C([O-])[O-].[Na+].[Na+]',)"
2279,3,"('CN(C)C=O.O',)","('O=C([O-])[O-].[K+].[K+]',)"
2279,4,"('C1CCOC1',)","('O=P([O-])([O-])[O-].[K+].[K+].[K+]',)"
2279,5,"('CCO.Cc1ccccc1',)","('O=C([O-])[O-].[Cs+].[Cs+]',)"
2279,6,"('O.COCCOC.CCOC(C)=O',)","('CCN(CC)CC',)"
2279,7,"('CN(C)C=O',)","('No Base',)"
2279,8,"('CCO.Cc1ccccc1.O',)","('[Cs+].[F-]',)"
2279,9,"('Cc1ccccc1.O',)","('CC(=O)[O-].[K+]',)"
2279,10,"('O.CC#N',)","('O=C([O-])O.[Na+],O=C([O-])[O-].[Na+].[Na+]',)"
3030,1,"('O.C1COCCO1',)","('O=C([O-])[O-].[K+].[K+]',)"
3030,2,"('O.COCCOC',)","('O=C([O-])[O-].[Na+].[Na+]',)"
3030,3,"('COCCOC',)","('No Base',)"
3030,4,"('O.CC#N',)","('O=C([O-])[O-].[Cs+].[Cs+]',)"
3030,5,"('O.CCOC(C)=O.C1COCCO1',)","('O=P([O-])([O-])[O-].[K+].[K+].[K+]',)"
3030,6,"('CCO.Cc1ccccc1',)","('O=C([O-])O.[Na+],O=C([O-])[O-].[Na+].[Na+]',)"
3030,7,"('No Solvent',)","('O=C([O-])O.[Na+]',)"
3030,8,"('CCO.Cc1ccccc1.O',)","('[K+].[F-]',)"
3030,9,"('Cc1ccccc1',)","('[Cs+].[F-]',)"
3030,10,"('CN(C)C=O',)","('[OH-].[Na+]',)"
5307,1,"('O.C1COCCO1',)","('O=C([O-])[O-].[Na+].[Na+]',)"
5307,2,"('C1COCCO1',)","('O=C([O-])[O-].[K+].[K+]',)"
5307,3,"('O.COCCOC',)","('O=C([O-])[O-].[Cs+].[Cs+]',)"
5307,4,"('COCCOC',)","('O=P([O-])([O-])[O-].[K+].[K+].[K+]',)"
5307,5,"('O.CCOC(C)=O.C1COCCO1',)","('No Base',)"
5307,6,"('Cc1ccccc1.O',)","('O=C([O-])O.[Na+]',)"
5307,7,"('CN(C)C=O',)","('[Cs+].[F-]',)"
5307,8,"('CN(C)C=O.O',)","('O=C([O-])O.[Na+],O=C([O-])[O-].[Na+].[Na+]',)"
5307,9,"('O.C1COCCO1.ClCCl',)","('[OH-].[Na+]',)"
5307,10,"('CCO.Cc1ccccc1.O',)","('[K+].[F-]',)"
4032,1,"('O.C1COCCO1',)","('O=C([O-])[O-].[Cs+].[Cs+]',)"
4032,2,"('O.CCOC(C)=O.C1COCCO1',)","('O=C([O-])[O-].[Na+].[Na+]',)"
4032,3,"('O.COCCOC',)","('O=C([O-])[O-].[K+].[K+]',)"
4032,4,"('CN(C)C=O',)","('O=P([O-])([O-])[O-].[K+].[K+].[K+]',)"
4032,5,"('No Solvent',)","('No Base',)"
4032,6,"('COCCOC.CCOC(C)=O',)","('O=C([O-])O.[Na+]',)"
4032,7,"('CCO.O.COCCOC',)","('[K+].[F-]',)"
4032,8,"('COCCOC',)","('O=C([O-])O.[Na+],O=C([O-])[O-].[Na+].[Na+]',)"
4032,9,"('C1CCOC1',)","('CC(=O)[O-].[K+]',)"
4032,10,"('O.C1CCOC1',)","('[Cs+].[F-]',)"
813,1,"('O.CC#N',)","('O=C([O-])[O-].[Na+].[Na+]',)"
813,2,"('CN(C)C=O.O',)","('O=P([O-])([O-])[O-].[K+].[K+].[K+]',)"
813,3,"('O.C1COCCO1',)","('O=C([O-])[O-].[K+].[K+]',)"
813,4,"('CN(C)C=O',)","('O=C([O-])[O-].[Cs+].[Cs+]',)"
813,5,"('O.COCCOC',)","('O=C([O-])O.[Na+]',)"
813,6,"('C1COCCO1',)","('[K+].[F-]',)"
813,7,"('O.COCCOC.ClCCl',)","('No Base',)"
813,8,"('CCO.Cc1ccccc1.O',)","('CCN(CC)CC',)"
813,9,"('O.CCOC(C)=O.C1COCCO1',)","('[Cs+].[F-]',)"
813,10,"('COCCOC.CCOC(C)=O',)","('[OH-].[Na+]',)"
3078,1,"('O.COCCOC',)","('O=C([O-])[O-].[Na+].[Na+]',)"
3078,2,"('O.C1COCCO1',)","('O=C([O-])[O-].[K+].[K+]',)"
3078,3,"('COCCOC',)","('O=P([O-])([O-])[O-].[K+].[K+].[K+]',)"
3078,4,"('CN(C)C=O',)","('O=C([O-])O.[Na+],O=C([O-])[O-].[Na+].[Na+]',)"
3078,5,"('CCO.Cc1ccccc1.O',)","('O=C([O-])O.[Na+]',)"
3078,6,"('Cc1ccccc1',)","('O=C([O-])[O-].[Cs+].[Cs+]',)"
3078,7,"('CCO.Cc1ccccc1.CCOC(C)=O',)","('No Base',)"
3078,8,"('O.COCCOC.CCOC(C)=O',)","('[OH-].[Na+]',)"
3078,9,"('O.C1CCOC1',)","('[K+].[F-]',)"
3078,10,"('O.CCOC(C)=O.C1COCCO1',)","('CCN(CC)CC',)"
3996,1,"('CCO.O.COCCOC',)","('O=C([O-])[O-].[Cs+].[Cs+]',)"
3996,2,"('C1CCOC1',)","('O=C([O-])[O-].[K+].[K+]',)"
3996,3,"('No Solvent',)","('O=C([O-])[O-].[Na+].[Na+]',)"
3996,4,"('O.C1COCCO1',)","('No Base',)"
3996,5,"('O.C1CCOC1',)","('O=P([O-])([O-])[O-].[K+].[K+].[K+]',)"
3996,6,"('O.CCOC(C)=O.C1COCCO1',)","('[Cs+].[F-]',)"
3996,7,"('CN(C)C=O.O.CCOC(C)=O',)","('[K+].[F-]',)"
3996,8,"('COCCOC.ClCCl',)","('O=C([O-])O.[Na+]',)"
3996,9,"('C1COCCO1',)","('O=C([O-])O.[Na+],O=C([O-])[O-].[Na+].[Na+]',)"
3996,10,"('O.COCCOC',)","('CC(=O)[O-].[K+]',)"
2203,1,"('O.COCCOC',)","('O=C([O-])[O-].[Na+].[Na+]',)"
2203,2,"('C1COCCO1',)","('O=C([O-])[O-].[K+].[K+]',)"
2203,3,"('CS(C)=O',)","('O=P([O-])([O-])[O-].[K+].[K+].[K+]',)"
2203,4,"('No Solvent',)","('O=C([O-])O.[Na+]',)"
2203,5,"('CN(C)C=O',)","('No Base',)"
2203,6,"('CN(C)C=O.O',)","('CC(=O)[O-].[Cs+],O=C([O-])[O-].[K+].[K+],CC(=O)[O-].[K+],O=C([O-])[O-].[Cs+].[Cs+]',)"
2203,7,"('O.COCCOC.CCOC(C)=O',)","('O=C([O-])[O-].[Cs+].[Cs+]',)"
2203,8,"('COCCOC',)","('[Cs+].[F-]',)"
2203,9,"('CCO.O.COCCOC',)","('O=C([O-])O.[Na+],O=C([O-])[O-].[Na+].[Na+]',)"
2203,10,"('O.C1COCCO1',)","('[OH-].[Na+]',)"
4613,1,"('O.C1COCCO1',)","('O=P([O-])([O-])[O-].[K+].[K+].[K+]',)"
4613,2,"('No Solvent',)","('O=C([O-])[O-].[Na+].[Na+]',)"
4613,3,"('CCOC(C)=O.CC#N',)","('O=C([O-])[O-].[K+].[K+]',)"
4613,4,"('CN(C)C=O.O',)","('O=C([O-])[O-].[Cs+].[Cs+]',)"
4613,5,"('C1COCCO1',)","('No Base',)"
4613,6,"('O.COCCOC.CCOC(C)=O',)","('O=C([O-])O.[Na+]',)"
4613,7,"('O.CC#N',)","('[Cs+].[F-]',)"
4613,8,"('O.CCOC(C)=O.C1COCCO1',)","('[K+].[F-]',)"
4613,9,"('COCCOC',)","('[OH-].[Na+]',)"
4613,10,"('CN(C)C=O',)","('CCN(CC)CC',)"
3702,1,"('COCCOC.CCOC(C)=O',)","('O=C([O-])[O-].[Na+].[Na+]',)"
3702,2,"('No Solvent',)","('O=C([O-])[O-].[K+].[K+]',)"
3702,3,"('O.C1COCCO1',)","('O=P([O-])([O-])[O-].[K+].[K+].[K+]',)"
3702,4,"('COCCOC',)","('No Base',)"
3702,5,"('O.COCCOC',)","('O=C([O-])[O-].[Cs+].[Cs+]',)"
3702,6,"('O.CC#N',)","('O=C([O-])O.[Na+]',)"
3702,7,"('Cc1ccccc1.O',)","('[K+].[F-]',)"
3702,8,"('C1COCCO1',)","('[Cs+].[F-]',)"
3702,9,"('CCO.Cc1ccccc1.O',)","('[OH-].[Na+]',)"
3702,10,"('O.CCOC(C)=O.C1COCCO1',)","('CCN(CC)CC',)"
4485,1,"('O.COCCOC',)","('O=C([O-])[O-].[Na+].[Na+]',)"
4485,2,"('CCO.Cc1ccccc1',)","('O=C([O-])[O-].[K+].[K+]',)"
4485,3,"('COCCOC',)","('O=C([O-])O.[Na+],O=C([O-])[O-].[Na+].[Na+]',)"
4485,4,"('O.CCOC(C)=O.C1COCCO1',)","('O=P([O-])([O-])[O-].[K+].[K+].[K+]',)"
4485,5,"('CN(C)C=O',)","('No Base',)"
4485,6,"('O.C1COCCO1',)","('O=C([O-])O.[Na+]',)"
4485,7,"('Cc1ccccc1',)","('O=C([O-])[O-].[Cs+].[Cs+]',)"
4485,8,"('Cc1ccccc1.O',)","('[OH-].[Na+]',)"
4485,9,"('C1CCOC1',)","('[Cs+].[F-]',)"
4485,10,"('O.CCOC(C)=O.COCCOC',)","('CC(=O)[O-].[K+]',)"
5182,1,"('O.C1COCCO1',)","('O=C([O-])[O-].[Cs+].[Cs+]',)"
5182,2,"('O.CCOC(C)=O.C1COCCO1',)","('O=C([O-])[O-].[Na+].[Na+]',)"
5182,3,"('CN(C)C=O',)","('O=C([O-])[O-].[K+].[K+]',)"
5182,4,"('O.C1COCCO1.ClCCl',)","('O=P([O-])([O-])[O-].[K+].[K+].[K+]',)"
5182,5,"('CN(C)C=O.O',)","('O=C([O-])O.[Na+]',)"
5182,6,"('CCO.Cc1ccccc1.O',)","('No Base',)"
5182,7,"('CCO.Cc1ccccc1',)","('[Cs+].[F-]',)"
5182,8,"('COCCOC',)","('[K+].[F-]',)"
5182,9,"('O.CC#N',)","('CCN(CC)CC',)"
5182,10,"('O.COCCOC',)","('[OH-].[Na+]',)"
22,1,"('CCO.Cc1ccccc1.O',)","('O=C([O-])[O-].[Na+].[Na+]',)"
22,2,"('No Solvent',)","('O=C([O-])[O-].[K+].[K+]',)"
22,3,"('O.COCCOC',)","('O=C([O-])[O-].[Cs+].[Cs+]',)"
22,4,"('COCCOC',)","('No Base',)"
22,5,"('c1ccccc1.CCO.O.ClCCl',)","('O=P([O-])([O-])[O-].[K+].[K+].[K+]',)"
22,6,"('CC#N',)","('[K+].[F-]',)"
22,7,"('O.C1CCOC1',)","('O=C([O-])O.[Na+]',)"
22,8,"('C1COCCO1',)","('O=C([O-])O.[Na+],O=C([O-])[O-].[Na+].[Na+]',)"
22,9,"('CCO.Cc1ccccc1',)","('CC(=O)[O-].[K+]',)"
22,10,"('O.CC#N',)","('CCN(CC)CC',)"
2899,1,"('O.COCCOC',)","('O=C([O-])[O-].[Na+].[Na+]',)"
2899,2,"('No Solvent',)","('O=C([O-])[O-].[K+].[K+]',)"
2899,3,"('O.C1COCCO1',)","('O=P([O-])([O-])[O-].[K+].[K+].[K+]',)"
2899,4,"('CN(C)C=O.O',)","('O=C([O-])O.[Na+]',)"
2899,5,"('C1COCCO1',)","('O=C([O-])[O-].[Cs+].[Cs+]',)"
2899,6,"('O.CCOC(C)=O.C1COCCO1',)","('No Base',)"
2899,7,"('COCCOC',)","('[K+].[F-]',)"
2899,8,"('Cc1ccccc1',)","('[Cs+].[F-]',)"
2899,9,"('CN(C)C=O',)","('CCN(CC)CC',)"
2899,10,"('COCCOC.ClCCl',)","('CC(=O)[O-].[K+]',)"
288,1,"('COCCOC',)","('O=C([O-])[O-].[Na+].[Na+]',)"
288,2,"('O.C1COCCO1',)","('O=C([O-])[O-].[K+].[K+]',)"
288,3,"('Cc1ccccc1.O',)","('O=C([O-])[O-].[Cs+].[Cs+]',)"
288,4,"('O.COCCOC',)","('O=P([O-])([O-])[O-].[K+].[K+].[K+]',)"
288,5,"('COCCOC.CCOC(C)=O',)","('O=C([O-])O.[Na+]',)"
288,6,"('Cc1ccccc1.O.CCOC(C)=O',)","('No Base',)"
288,7,"('CN(C)C=O.O',)","('[OH-].[Na+]',)"
288,8,"('COCCOC.ClCCl',)","('[Cs+].[F-]',)"
288,9,"('CN(C)C=O',)","('CC(=O)[O-].[K+]',)"
288,10,"('CCO.Cc1ccccc1.O',)","('O=C([O-])O.[Na+],O=C([O-])[O-].[Na+].[Na+]',)"
4317,1,"('CN(C)C=O',)","('[Cs+].[F-]',)"
4317,2,"('No Solvent',)","('O=C([O-])[O-].[K+].[K+]',)"
4317,3,"('COCCOC',)","('O=P([O-])([O-])[O-].[K+].[K+].[K+]',)"
4317,4,"('C1COCCO1',)","('O=C([O-])[O-].[Na+].[Na+]',)"
4317,5,"('O.COCCOC',)","('O=C([O-])O.[Na+]',)"
4317,6,"('CCO.Cc1ccccc1.O',)","('No Base',)"
4317,7,"('O.C1CCOC1',)","('O=C([O-])[O-].[Cs+].[Cs+]',)"
4317,8,"('CCO.O.COCCOC',)","('[K+].[F-]',)"
4317,9,"('CN(C)C=O.CCOC(C)=O',)","('CC(=O)[O-].[K+]',)"
4317,10,"('CCOC(C)=O.C1COCCO1',)","('O=C([O-])O.[Na+],O=C([O-])[O-].[Na+].[Na+]',)"
1329,1,"('O.C1COCCO1',)","('O=C([O-])[O-].[K+].[K+]',)"
1329,2,"('C1COCCO1',)","('O=C([O-])[O-].[Na+].[Na+]',)"
1329,3,"('COCCOC',)","('O=P([O-])([O-])[O-].[K+].[K+].[K+]',)"
1329,4,"('O.COCCOC',)","('No Base',)"
1329,5,"('No Solvent',)","('O=C([O-])O.[Na+]',)"
1329,6,"('CCO.Cc1ccccc1.O',)","('O=C([O-])[O-].[Cs+].[Cs+]',)"
1329,7,"('CN(C)C=O.O',)","('[K+].[F-]',)"
1329,8,"('COCCOC.CCOC(C)=O',)","('[OH-].[Na+]',)"
1329,9,"('Cc1ccccc1',)","('O=C([O-])O.[Na+],O=C([O-])[O-].[Na+].[Na+]',)"
1329,10,"('O.CCOC(C)=O.C1COCCO1',)","('CCN(CC)CC',)"
4633,1,"('O.C1COCCO1',)","('O=C([O-])[O-].[K+].[K+]',)"
4633,2,"('O.COCCOC',)","('O=C([O-])[O-].[Na+].[Na+]',)"
4633,3,"('CCO.Cc1ccccc1.O',)","('O=P([O-])([O-])[O-].[K+].[K+].[K+]',)"
4633,4,"('CN(C)C=O',)","('O=C([O-])[O-].[Cs+].[Cs+]',)"
4633,5,"('C1COCCO1',)","('O=C([O-])O.[Na+]',)"
4633,6,"('O.CCOC(C)=O.C1COCCO1',)","('[Cs+].[F-]',)"
4633,7,"('COCCOC',)","('No Base',)"
4633,8,"('CCO.Cc1ccccc1',)","('CCN(CC)CC',)"
4633,9,"('Cc1ccccc1.O',)","('O=C([O-])O.[Na+],O=C([O-])[O-].[Na+].[Na+]',)"
4633,10,"('CCO.O.COCCOC',)","('[K+].[F-]',)"
4203,1,"('O.C1COCCO1',)","('O=C([O-])[O-].[Na+].[Na+]',)"
4203,2,"('O.C1COCCO1.ClCCl',)","('O=C([O-])[O-].[K+].[K+]',)"
4203,3,"('O.CCOC(C)=O.C1COCCO1',)","('O=C([O-])[O-].[Cs+].[Cs+]',)"
4203,4,"('O.COCCOC',)","('O=C([O-])O.[Na+]',)"
4203,5,"('Cc1ccccc1',)","('O=P([O-])([O-])[O-].[K+].[K+].[K+]',)"
4203,6,"('No Solvent',)","('[K+].[F-]',)"
4203,7,"('C1COCCO1',)","('No Base',)"
4203,8,"('Cc1ccccc1.O',)","('[OH-].[Na+]',)"
4203,9,"('O.CC#N',)","('CC(=O)[O-].[K+]',)"
4203,10,"('COCCOC.ClCCl',)","('[Cs+].[F-]',)"
4530,1,"('No Solvent',)","('No Base',)"
4530,2,"('CCO.Cc1ccccc1',)","('O=C([O-])[O-].[K+].[K+]',)"
4530,3,"('O.C1COCCO1',)","('O=C([O-])[O-].[Na+].[Na+]',)"
4530,4,"('O.C1CCOC1',)","('O=C([O-])[O-].[Cs+].[Cs+]',)"
4530,5,"('COCCOC',)","('O=C([O-])O.[Na+]',)"
4530,6,"('O.COCCOC',)","('O=P([O-])([O-])[O-].[K+].[K+].[K+]',)"
4530,7,"('CN(C)C=O.O',)","('[K+].[F-]',)"
4530,8,"('CCO.Cc1ccccc1.O',)","('[Cs+].[F-]',)"
4530,9,"('C1COCCO1',)","('O=C([O-])O.[Na+],O=C([O-])[O-].[Na+].[Na+]',)"
4530,10,"('Cc1ccccc1.O',)","('[OH-].[Na+]',)"
178,1,"('O.COCCOC',)","('O=C([O-])[O-].[Na+].[Na+]',)"
178,2,"('C1COCCO1',)","('O=P([O-])([O-])[O-].[K+].[K+].[K+]',)"
178,3,"('CCO.Cc1ccccc1.O',)","('O=C([O-])[O-].[K+].[K+]',)"
178,4,"('COCCOC',)","('No Base',)"
178,5,"('O.C1CCOC1',)","('O=C([O-])O.[Na+]',)"
178,6,"('O.C1COCCO1',)","('O=C([O-])[O-].[Cs+].[Cs+]',)"
178,7,"('Cc1ccccc1',)","('O=C([O-])O.[Na+],O=C([O-])[O-].[Na+].[Na+]',)"
178,8,"('O.COCCOC.ClCCl',)","('[Cs+].[F-]',)"
178,9,"('CCO.O.COCCOC',)","('[OH-].[Na+]',)"
178,10,"('CN(C)C=O.O.CCOC(C)=O',)","('[K+].[F-]',)"
2282,1,"('O.C1COCCO1',)","('O=C([O-])[O-].[K+].[K+]',)"
2282,2,"('CN(C)C=O',)","('O=C([O-])[O-].[Na+].[Na+]',)"
2282,3,"('Cc1ccccc1.O',)","('O=C([O-])[O-].[Cs+].[Cs+]',)"
2282,4,"('O.CCOC(C)=O.C1COCCO1',)","('O=P([O-])([O-])[O-].[K+].[K+].[K+]',)"
2282,5,"('CCO.Cc1ccccc1',)","('O=C([O-])O.[Na+]',)"
2282,6,"('C1COCCO1',)","('No Base',)"
2282,7,"('No Solvent',)","('[Cs+].[F-]',)"
2282,8,"('CN(C)C=O.O',)","('CCN(CC)CC',)"
2282,9,"('Cc1ccccc1',)","('[K+].[F-]',)"
2282,10,"('CCO.Cc1ccccc1.O',)","('O=C([O-])O.[Na+],O=C([O-])[O-].[Na+].[Na+]',)"
1223,1,"('COCCOC',)","('O=C([O-])[O-].[Na+].[Na+]',)"
1223,2,"('Cc1ccccc1.O',)","('O=C([O-])[O-].[K+].[K+]',)"
1223,3,"('O.C1COCCO1',)","('O=P([O-])([O-])[O-].[K+].[K+].[K+]',)"
1223,4,"('Cc1ccccc1.O.CCOC(C)=O',)","('O=C([O-])[O-].[Cs+].[Cs+]',)"
1223,5,"('O.COCCOC',)","('O=C([O-])O.[Na+]',)"
1223,6,"('CN(C)C=O.O',)","('No Base',)"
1223,7,"('COCCOC.CCOC(C)=O',)","('[Cs+].[F-]',)"
1223,8,"('C1COCCO1',)","('[OH-].[Na+]',)"
1223,9,"('CN(C)C=O',)","('O=C([O-])O.[Na+],O=C([O-])[O-].[Na+].[Na+]',)"
1223,10,"('COCCOC.ClCCl',)","('[K+].[F-]',)"
839,1,"('O.C1COCCO1',)","('O=C([O-])[O-].[Na+].[Na+]',)"
839,2,"('CN(C)C=O',)","('No Base',)"
839,3,"('CCO',)","('O=C([O-])[O-].[K+].[K+]',)"
839,4,"('C1CCOC1',)","('O=P([O-])([O-])[O-].[K+].[K+].[K+]',)"
839,5,"('O.COCCOC',)","('O=C([O-])[O-].[Cs+].[Cs+]',)"
839,6,"('CCO.Cc1ccccc1.O',)","('[OH-].[Na+]',)"
839,7,"('COCCOC.ClCCl',)","('O=C([O-])O.[Na+]',)"
839,8,"('CCO.O.COCCOC',)","('O=C([O-])O.[Na+],O=C([O-])[O-].[Na+].[Na+]',)"
839,9,"('C1COCCO1',)","('[Cs+].[F-]',)"
839,10,"('No Solvent',)","('CCN(CC)CC',)"
1167,1,"('ClCCl.C1COCCO1.CCOC(C)=O',)","('O=C([O-])[O-].[Cs+].[Cs+]',)"
1167,2,"('CCOC(C)=O.C1COCCO1',)","('O=C([O-])[O-].[Na+].[Na+]',)"
1167,3,"('O.C1COCCO1',)","('O=C([O-])[O-].[K+].[K+]',)"
1167,4,"('CCO.Cc1ccccc1.O',)","('O=P([O-])([O-])[O-].[K+].[K+].[K+]',)"
1167,5,"('CN(C)C=O',)","('O=C([O-])O.[Na+]',)"
1167,6,"('CCO.O.COCCOC',)","('No Base',)"
1167,7,"('O.COCCOC',)","('[Cs+].[F-]',)"
1167,8,"('O.CCOC(C)=O.C1COCCO1',)","('O=C([O-])O.[Na+],O=C([O-])[O-].[Na+].[Na+]',)"
1167,9,"('C1COCCO1',)","('CCN(CC)CC',)"
1167,10,"('COCCOC',)","('CC(=O)[O-].[K+]',)"
2195,1,"('CN(C)C=O',)","('O=C([O-])[O-].[Cs+].[Cs+]',)"
2195,2,"('O.C1COCCO1',)","('O=C([O-])[O-].[Na+].[Na+]',)"
2195,3,"('O.CCOC(C)=O.C1COCCO1',)","('O=C([O-])[O-].[K+].[K+]',)"
2195,4,"('COCCOC',)","('O=C([O-])O.[Na+]',)"
2195,5,"('No Solvent',)","('O=P([O-])([O-])[O-].[K+].[K+].[K+]',)"
2195,6,"('O.CC#N',)","('No Base',)"
2195,7,"('O.COCCOC',)","('O=C([O-])O.[Na+],O=C([O-])[O-].[Na+].[Na+]',)"
2195,8,"('CCO.Cc1ccccc1.O',)","('[K+].[F-]',)"
2195,9,"('CCO.O.COCCOC',)","('[Cs+].[F-]',)"
2195,10,"('O.CCOC(C)=O.COCCOC',)","('CC(=O)[O-].[K+]',)"
3068,1,"('O.CCOC(C)=O.C1COCCO1',)","('O=C([O-])[O-].[Na+].[Na+]',)"
3068,2,"('O.C1COCCO1',)","('O=C([O-])[O-].[K+].[K+]',)"
3068,3,"('O.C1COCCO1.ClCCl',)","('O=P([O-])([O-])[O-].[K+].[K+].[K+]',)"
3068,4,"('C1COCCO1',)","('O=C([O-])[O-].[Cs+].[Cs+]',)"
3068,5,"('O.CC#N',)","('O=C([O-])O.[Na+]',)"
3068,6,"('CN(C)C=O',)","('No Base',)"
3068,7,"('CN(C)C=O.O',)","('[Cs+].[F-]',)"
3068,8,"('C1CCOC1',)","('O=C([O-])O.[Na+],O=C([O-])[O-].[Na+].[Na+]',)"
3068,9,"('No Solvent',)","('[K+].[F-]',)"
3068,10,"('COCCOC.CCOC(C)=O',)","('[OH-].[Na+]',)"
3898,1,"('CCOC(C)=O.C1COCCO1',)","('O=P([O-])([O-])[O-].[K+].[K+].[K+]',)"
3898,2,"('O.C1COCCO1',)","('O=C([O-])[O-].[Na+].[Na+]',)"
3898,3,"('O.COCCOC',)","('O=C([O-])[O-].[K+].[K+]',)"
3898,4,"('CN(C)C=O',)","('O=C([O-])[O-].[Cs+].[Cs+]',)"
3898,5,"('O.ClCCl.CC#N',)","('No Base',)"
3898,6,"('No Solvent',)","('O=C([O-])O.[Na+]',)"
3898,7,"('O.CCOC(C)=O.C1COCCO1',)","('[Cs+].[F-]',)"
3898,8,"('COCCOC',)","('O=C([O-])O.[Na+],O=C([O-])[O-].[Na+].[Na+]',)"
3898,9,"('CN(C)C=O.O',)","('[K+].[F-]',)"
3898,10,"('CCO.Cc1ccccc1',)","('[OH-].[Na+]',)"
508,1,"('O.COCCOC',)","('O=C([O-])[O-].[K+].[K+]',)"
508,2,"('COCCOC',)","('O=C([O-])[O-].[Na+].[Na+]',)"
508,3,"('O.CCOC(C)=O.COCCOC',)","('O=C([O-])[O-].[Cs+].[Cs+]',)"
508,4,"('No Solvent',)","('O=P([O-])([O-])[O-].[K+].[K+].[K+]',)"
508,5,"('O.C1COCCO1',)","('No Base',)"
508,6,"('CN(C)C=O.O',)","('O=C([O-])O.[Na+]',)"
508,7,"('O.C1CCOC1',)","('O=C([O-])O.[Na+],O=C([O-])[O-].[Na+].[Na+]',)"
508,8,"('Cc1ccccc1',)","('[K+].[F-]',)"
508,9,"('CCO.Cc1ccccc1',)","('[Cs+].[F-]',)"
508,10,"('C1CCOC1',)","('[OH-].[Na+]',)"
133,1,"('C1COCCO1',)","('O=C([O-])[O-].[Cs+].[Cs+]',)"
133,2,"('CN(C)C=O',)","('O=P([O-])([O-])[O-].[K+].[K+].[K+]',)"
133,3,"('No Solvent',)","('No Base',)"
133,4,"('CN(C)C=O.O',)","('O=C([O-])[O-].[Na+].[Na+]',)"
133,5,"('O.COCCOC',)","('O=C([O-])O.[Na+]',)"
133,6,"('O.C1CCOC1',)","('O=C([O-])[O-].[K+].[K+]',)"
133,7,"('CCO.O.COCCOC',)","('[Cs+].[F-]',)"
133,8,"('COCCOC',)","('CC(=O)[O-].[K+]',)"
133,9,"('CCOC(C)=O.C1COCCO1',)","('O=C([O-])O.[Na+],O=C([O-])[O-].[Na+].[Na+]',)"
133,10,"('CN(C)C=O.O.CCOC(C)=O',)","('[K+].[F-]',)"
4953,1,"('O.C1COCCO1',)","('O=C([O-])[O-].[Cs+].[Cs+]',)"
4953,2,"('C1COCCO1',)","('O=C([O-])[O-].[K+].[K+]',)"
4953,3,"('COCCOC',)","('O=C([O-])[O-].[Na+].[Na+]',)"
4953,4,"('C1COCCO1.ClCCl',)","('O=P([O-])([O-])[O-].[K+].[K+].[K+]',)"
4953,5,"('O.CCOC(C)=O.C1COCCO1',)","('No Base',)"
4953,6,"('CN(C)C=O',)","('O=C([O-])O.[Na+]',)"
4953,7,"('CCO.Cc1ccccc1',)","('O=C([O-])O.[Na+],O=C([O-])[O-].[Na+].[Na+]',)"
4953,8,"('ClCCl.O.C1COCCO1.CCOC(C)=O',)","('[Cs+].[F-]',)"
4953,9,"('O.C1COCCO1.ClCCl',)","('[OH-].[Na+]',)"
4953,10,"('No Solvent',)","('[K+].[F-]',)"
3230,1,"('O.C1COCCO1.ClCCl',)","('O=C([O-])[O-].[Na+].[Na+]',)"
3230,2,"('COCCOC',)","('O=P([O-])([O-])[O-].[K+].[K+].[K+]',)"
3230,3,"('CN(C)C=O.O',)","('O=C([O-])O.[Na+]',)"
3230,4,"('O.COCCOC',)","('O=C([O-])[O-].[Cs+].[Cs+]',)"
3230,5,"('CCO.Cc1ccccc1.O',)","('[K+].[F-]',)"
3230,6,"('O.C1COCCO1',)","('O=C([O-])[O-].[K+].[K+]',)"
3230,7,"('No Solvent',)","('[Cs+].[F-]',)"
3230,8,"('CN(C)C=O',)","('O=C([O-])O.[Na+],O=C([O-])[O-].[Na+].[Na+]',)"
3230,9,"('O.CC#N',)","('No Base',)"
3230,10,"('O.CCOC(C)=O.C1COCCO1',)","('CCN(CC)CC',)"
341,1,"('O.C1COCCO1',)","('O=C([O-])[O-].[Na+].[Na+]',)"
341,2,"('O.CCOC(C)=O.C1COCCO1',)","('O=C([O-])[O-].[K+].[K+]',)"
341,3,"('C1COCCO1',)","('O=C([O-])[O-].[Cs+].[Cs+]',)"
341,4,"('O.C1COCCO1.ClCCl',)","('No Base',)"
341,5,"('CCO.Cc1ccccc1.O',)","('O=C([O-])O.[Na+]',)"
341,6,"('O.COCCOC',)","('O=P([O-])([O-])[O-].[K+].[K+].[K+]',)"
341,7,"('No Solvent',)","('[Cs+].[F-]',)"
341,8,"('COCCOC',)","('CC(=O)[O-].[K+]',)"
341,9,"('CC#N',)","('O=C([O-])O.[Na+],O=C([O-])[O-].[Na+].[Na+]',)"
341,10,"('O.COCCOC.ClCCl',)","('[K+].[F-]',)"
2488,1,"('O.COCCOC',)","('O=C([O-])[O-].[Na+].[Na+]',)"
2488,2,"('CCO.Cc1ccccc1',)","('O=C([O-])[O-].[K+].[K+]',)"
2488,3,"('COCCOC',)","('O=C([O-])[O-].[Cs+].[Cs+]',)"
2488,4,"('O.C1COCCO1',)","('No Base',)"
2488,5,"('CCO.Cc1ccccc1.O',)","('O=P([O-])([O-])[O-].[K+].[K+].[K+]',)"
2488,6,"('C1CCOC1',)","('O=C([O-])O.[Na+]',)"
2488,7,"('COCCOC.CCOC(C)=O',)","('O=C([O-])O.[Na+],O=C([O-])[O-].[Na+].[Na+]',)"
2488,8,"('O.CCOC(C)=O.C1COCCO1',)","('[Cs+].[F-]',)"
2488,9,"('CN(C)C=O',)","('[K+].[F-]',)"
2488,10,"('O.C1COCCO1.ClCCl',)","('[OH-].[Na+]',)"
5086,1,"('COCCOC',)","('O=C([O-])[O-].[Na+].[Na+]',)"
5086,2,"('O.COCCOC',)","('O=C([O-])[O-].[Cs+].[Cs+]',)"
5086,3,"('O.C1COCCO1',)","('O=C([O-])O.[Na+]',)"
5086,4,"('CCO.Cc1ccccc1.O',)","('O=C([O-])[O-].[K+].[K+]',)"
5086,5,"('O.CCOC(C)=O.C1COCCO1',)","('O=C([O-])O.[Na+],O=C([O-])[O-].[Na+].[Na+]',)"
5086,6,"('CN(C)C=O.O',)","('CCN(CC)CC',)"
5086,7,"('C1CCOC1',)","('No Base',)"
5086,8,"('CCO.Cc1ccccc1',)","('O=P([O-])([O-])[O-].[K+].[K+].[K+]',)"
5086,9,"('C1COCCO1',)","('CC(=O)[O-].[K+]',)"
5086,10,"('CC#N',)","('[K+].[F-]',)"
3336,1,"('CCO.O',)","('O=C([O-])[O-].[Na+].[Na+]',)"
3336,2,"('O.C1COCCO1',)","('O=C([O-])[O-].[K+].[K+]',)"
3336,3,"('CN(C)C=O.O',)","('O=P([O-])([O-])[O-].[K+].[K+].[K+]',)"
3336,4,"('O.CC#N',)","('O=C([O-])[O-].[Cs+].[Cs+]',)"
3336,5,"('O.COCCOC',)","('[Cs+].[F-]',)"
3336,6,"('O.C1COCCO1.ClCCl',)","('No Base',)"
3336,7,"('C1COCCO1',)","('O=C([O-])O.[Na+]',)"
3336,8,"('No Solvent',)","('[K+].[F-]',)"
3336,9,"('CCO.Cc1ccccc1.O',)","('O=C([O-])O.[Na+],O=C([O-])[O-].[Na+].[Na+]',)"
3336,10,"('O.C1CCOC1',)","('[OH-].[Na+]',)"
4879,1,"('O.C1COCCO1',)","('O=C([O-])[O-].[Cs+].[Cs+]',)"
4879,2,"('CN(C)C=O',)","('O=C([O-])[O-].[Na+].[Na+]',)"
4879,3,"('No Solvent',)","('O=C([O-])[O-].[K+].[K+]',)"
4879,4,"('CCO.Cc1ccccc1.O',)","('No Base',)"
4879,5,"('COCCOC',)","('O=P([O-])([O-])[O-].[K+].[K+].[K+]',)"
4879,6,"('O.CCOC(C)=O.C1COCCO1',)","('O=C([O-])O.[Na+]',)"
4879,7,"('CN(C)C=O.O',)","('[K+].[F-]',)"
4879,8,"('C1COCCO1.ClCCl',)","('CCN(CC)CC',)"
4879,9,"('CCOC(C)=O.C1COCCO1',)","('[Cs+].[F-]',)"
4879,10,"('CCO.Cc1ccccc1',)","('O=C([O-])O.[Na+],O=C([O-])[O-].[Na+].[Na+]',)"
801,1,"('CCO.COCCOC',)","('O=C([O-])[O-].[Na+].[Na+]',)"
801,2,"('O.C1COCCO1',)","('O=C([O-])[O-].[K+].[K+]',)"
801,3,"('O.COCCOC',)","('O=P([O-])([O-])[O-].[K+].[K+].[K+]',)"
801,4,"('C1COCCO1',)","('No Base',)"
801,5,"('O.CC#N',)","('O=C([O-])O.[Na+]',)"
801,6,"('No Solvent',)","('[Cs+].[F-]',)"
801,7,"('COCCOC.ClCCl',)","('O=C([O-])[O-].[Cs+].[Cs+]',)"
801,8,"('CCO.Cc1ccccc1.O',)","('[K+].[F-]',)"
801,9,"('COCCOC',)","('[OH-].[Na+]',)"
801,10,"('CCO.O.COCCOC',)","('O=C([O-])O.[Na+],O=C([O-])[O-].[Na+].[Na+]',)"
1578,1,"('COCCOC',)","('O=C([O-])[O-].[Na+].[Na+]',)"
1578,2,"('O.COCCOC',)","('O=C([O-])[O-].[K+].[K+]',)"
1578,3,"('O.CCOC(C)=O.C1COCCO1',)","('No Base',)"
1578,4,"('No Solvent',)","('O=P([O-])([O-])[O-].[K+].[K+].[K+]',)"
1578,5,"('Cc1ccccc1',)","('O=C([O-])[O-].[Cs+].[Cs+]',)"
1578,6,"('Cc1ccccc1.O',)","('O=C([O-])O.[Na+]',)"
1578,7,"('CN(C)C=O.O',)","('[Cs+].[F-]',)"
1578,8,"('O.CC#N',)","('O=C([O-])O.[Na+],O=C([O-])[O-].[Na+].[Na+]',)"
1578,9,"('O.C1COCCO1',)","('CCN(CC)CC',)"
1578,10,"('C1COCCO1',)","('[K+].[F-]',)"
4247,1,"('O.CCOC(C)=O.C1COCCO1',)","('O=C([O-])[O-].[K+].[K+]',)"
4247,2,"('O.C1COCCO1',)","('O=C([O-])[O-].[Cs+].[Cs+]',)"
4247,3,"('CN(C)C=O',)","('O=C([O-])[O-].[Na+].[Na+]',)"
4247,4,"('O.COCCOC',)","('O=P([O-])([O-])[O-].[K+].[K+].[K+]',)"
4247,5,"('CN(C)C=O.O',)","('O=C([O-])O.[Na+]',)"
4247,6,"('No Solvent',)","('No Base',)"
4247,7,"('O.C1CCOC1',)","('[K+].[F-]',)"
4247,8,"('O.CC#N',)","('O=C([O-])O.[Na+],O=C([O-])[O-].[Na+].[Na+]',)"
4247,9,"('COCCOC',)","('[Cs+].[F-]',)"
4247,10,"('CCO.Cc1ccccc1',)","('CC(=O)[O-].[K+]',)"
3967,1,"('O.COCCOC',)","('O=C([O-])[O-].[Na+].[Na+]',)"
3967,2,"('O.CC#N',)","('O=C([O-])[O-].[K+].[K+]',)"
3967,3,"('COCCOC.CCOC(C)=O',)","('O=P([O-])([O-])[O-].[K+].[K+].[K+]',)"
3967,4,"('O.C1COCCO1',)","('O=C([O-])[O-].[Cs+].[Cs+]',)"
3967,5,"('COCCOC',)","('O=C([O-])O.[Na+]',)"
3967,6,"('Cc1ccccc1',)","('No Base',)"
3967,7,"('CN(C)C=O',)","('[OH-].[Na+]',)"
3967,8,"('Cc1ccccc1.O',)","('O=C([O-])O.[Na+],O=C([O-])[O-].[Na+].[Na+]',)"
3967,9,"('CCO.Cc1ccccc1.O',)","('CCN(CC)CC',)"
3967,10,"('O.CCOC(C)=O.C1COCCO1',)","('[Cs+].[F-]',)"
652,1,"('O.C1COCCO1',)","('O=C([O-])O.[Na+]',)"
652,2,"('CN(C)C=O.O',)","('O=C([O-])[O-].[Cs+].[Cs+]',)"
652,3,"('CCO.Cc1ccccc1',)","('O=C([O-])[O-].[K+].[K+]',)"
652,4,"('CN(C)C=O',)","('O=C([O-])[O-].[Na+].[Na+]',)"
652,5,"('COCCOC.ClCCl',)","('O=P([O-])([O-])[O-].[K+].[K+].[K+]',)"
652,6,"('C1COCCO1',)","('No Base',)"
652,7,"('COCCOC',)","('[Cs+].[F-]',)"
652,8,"('O.CCOC(C)=O.C1COCCO1',)","('O=C([O-])O.[Na+],O=C([O-])[O-].[Na+].[Na+]',)"
652,9,"('No Solvent',)","('[K+].[F-]',)"
652,10,"('CCO.O.COCCOC',)","('CCN(CC)CC',)"
1456,1,"('O.COCCOC',)","('O=C([O-])[O-].[Na+].[Na+]',)"
1456,2,"('No Solvent',)","('O=C([O-])O.[Na+],O=C([O-])[O-].[Na+].[Na+]',)"
1456,3,"('COCCOC',)","('O=C([O-])O.[Na+]',)"
1456,4,"('CN(C)C=O',)","('O=C([O-])[O-].[K+].[K+]',)"
1456,5,"('C1COCCO1',)","('O=P([O-])([O-])[O-].[K+].[K+].[K+]',)"
1456,6,"('O.CC#N',)","('No Base',)"
1456,7,"('O.C1COCCO1',)","('O=C([O-])[O-].[Cs+].[Cs+]',)"
1456,8,"('CN(C)C=O.O',)","('CCN(CC)CC',)"
1456,9,"('CCO.Cc1ccccc1',)","('[K+].[F-]',)"
1456,10,"('O.CCOC(C)=O.C1COCCO1',)","('[Cs+].[F-]',)"
55,1,"('COCCOC',)","('O=C([O-])[O-].[Na+].[Na+]',)"
55,2,"('Cc1ccccc1.O',)","('O=C([O-])[O-].[K+].[K+]',)"
55,3,"('No Solvent',)","('No Base',)"
55,4,"('O.COCCOC',)","('O=P([O-])([O-])[O-].[K+].[K+].[K+]',)"
55,5,"('COCCOC.ClCCl',)","('O=C([O-])[O-].[Cs+].[Cs+]',)"
55,6,"('C1COCCO1',)","('O=C([O-])O.[Na+]',)"
55,7,"('O.CCOC(C)=O.C1COCCO1',)","('O=C([O-])O.[Na+],O=C([O-])[O-].[Na+].[Na+]',)"
55,8,"('O.C1COCCO1',)","('CC(=O)[O-].[K+]',)"
55,9,"('CN(C)C=O',)","('[Cs+].[F-]',)"
55,10,"('CCO.Cc1ccccc1.O',)","('[K+].[F-]',)"
5129,1,"('C1COCCO1',)","('O=C([O-])[O-].[K+].[K+]',)"
5129,2,"('No Solvent',)","('O=C([O-])[O-].[Na+].[Na+]',)"
5129,3,"('COCCOC',)","('O=C([O-])[O-].[Cs+].[Cs+]',)"
5129,4,"('O.C1COCCO1',)","('O=P([O-])([O-])[O-].[K+].[K+].[K+]',)"
5129,5,"('CCO.Cc1ccccc1',)","('[Cs+].[F-]',)"
5129,6,"('CN(C)C=O',)","('No Base',)"
5129,7,"('O.CCOC(C)=O.COCCOC',)","('O=C([O-])O.[Na+],O=C([O-])[O-].[Na+].[Na+]',)"
5129,8,"('O.COCCOC',)","('O=C([O-])O.[Na+]',)"
5129,9,"('CCO.Cc1ccccc1.O',)","('[K+].[F-]',)"
5129,10,"('O.CC#N',)","('CCN(CC)CC',)"
1082,1,"('O.C1COCCO1',)","('O=C([O-])[O-].[K+].[K+]',)"
1082,2,"('CN(C)C=O',)","('O=C([O-])[O-].[Na+].[Na+]',)"
1082,3,"('O.COCCOC',)","('O=P([O-])([O-])[O-].[K+].[K+].[K+]',)"
1082,4,"('CCO.Cc1ccccc1',)","('O=C([O-])O.[Na+]',)"
1082,5,"('CCO.O.COCCOC',)","('O=C([O-])[O-].[Cs+].[Cs+]',)"
1082,6,"('COCCOC',)","('[K+].[F-]',)"
1082,7,"('No Solvent',)","('No Base',)"
1082,8,"('O.C1CCOC1',)","('[OH-].[Na+]',)"
1082,9,"('CC#N',)","('[Cs+].[F-]',)"
1082,10,"('O.CC(C)O',)","('CC(=O)[O-].[K+]',)"
1128,1,"('O.C1COCCO1',)","('O=C([O-])[O-].[Na+].[Na+]',)"
1128,2,"('COCCOC',)","('O=C([O-])[O-].[Cs+].[Cs+]',)"
1128,3,"('CN(C)C=O.O',)","('O=C([O-])[O-].[K+].[K+]',)"
1128,4,"('C1COCCO1',)","('O=P([O-])([O-])[O-].[K+].[K+].[K+]',)"
1128,5,"('CCOC(C)=O.C1COCCO1',)","('O=C([O-])O.[Na+]',)"
1128,6,"('CN(C)C=O',)","('No Base',)"
1128,7,"('No Solvent',)","('[K+].[F-]',)"
1128,8,"('O.COCCOC.CCOC(C)=O',)","('[Cs+].[F-]',)"
1128,9,"('CCO.Cc1ccccc1.O',)","('O=C([O-])O.[Na+],O=C([O-])[O-].[Na+].[Na+]',)"
1128,10,"('O.CCOC(C)=O.C1COCCO1',)","('CCN(CC)CC',)"
4512,1,"('No Solvent',)","('No Base',)"
4512,2,"('O.C1COCCO1',)","('O=C([O-])[O-].[Na+].[Na+]',)"
4512,3,"('O.C1COCCO1.ClCCl',)","('O=C([O-])[O-].[Cs+].[Cs+]',)"
4512,4,"('O.COCCOC',)","('O=C([O-])[O-].[K+].[K+]',)"
4512,5,"('COCCOC',)","('[Cs+].[F-]',)"
4512,6,"('Cc1ccccc1.O',)","('O=P([O-])([O-])[O-].[K+].[K+].[K+]',)"
4512,7,"('CCO.Cc1ccccc1',)","('O=C([O-])O.[Na+]',)"
4512,8,"('C1COCCO1',)","('O=C([O-])O.[Na+],O=C([O-])[O-].[Na+].[Na+]',)"
4512,9,"('O.C1CCOC1',)","('[K+].[F-]',)"
4512,10,"('CCO.Cc1ccccc1.O',)","('[OH-].[Na+]',)"
3465,1,"('O.C1COCCO1',)","('O=C([O-])[O-].[Na+].[Na+]',)"
3465,2,"('C1COCCO1',)","('O=C([O-])[O-].[K+].[K+]',)"
3465,3,"('COCCOC',)","('O=C([O-])[O-].[Cs+].[Cs+]',)"
3465,4,"('CCO.Cc1ccccc1',)","('No Base',)"
3465,5,"('No Solvent',)","('O=C([O-])O.[Na+]',)"
3465,6,"('O.COCCOC',)","('O=P([O-])([O-])[O-].[K+].[K+].[K+]',)"
3465,7,"('O.CCOC(C)=O.C1COCCO1',)","('CC(=O)[O-].[K+]',)"
3465,8,"('CN(C)C=O.O',)","('[K+].[F-]',)"
3465,9,"('CN(C)C=O',)","('[OH-].[Na+]',)"
3465,10,"('COCCOC.ClCCl',)","('O=C([O-])O.[Na+],O=C([O-])[O-].[Na+].[Na+]',)"
1808,1,"('O.COCCOC',)","('O=C([O-])[O-].[Cs+].[Cs+]',)"
1808,2,"('CN(C)C=O',)","('O=C([O-])[O-].[Na+].[Na+]',)"
1808,3,"('CCO.O.COCCOC',)","('O=C([O-])[O-].[K+].[K+]',)"
1808,4,"('No Solvent',)","('No Base',)"
1808,5,"('CCO.O.COCCOC.CCOC(C)=O',)","('O=P([O-])([O-])[O-].[K+].[K+].[K+]',)"
1808,6,"('O.C1COCCO1',)","('O=C([O-])O.[Na+]',)"
1808,7,"('COCCOC',)","('CC(=O)[O-].[K+]',)"
1808,8,"('O.CCOC(C)=O.C1COCCO1',)","('[Cs+].[F-]',)"
1808,9,"('O.C1COCCO1.ClCCl',)","('[K+].[F-]',)"
1808,10,"('CCO.Cc1ccccc1.O',)","('O=C([O-])O.[Na+],O=C([O-])[O-].[Na+].[Na+]',)"
811,1,"('O.COCCOC',)","('O=C([O-])[O-].[Na+].[Na+]',)"
811,2,"('COCCOC',)","('No Base',)"
811,3,"('No Solvent',)","('O=C([O-])[O-].[K+].[K+]',)"
811,4,"('CN(C)C=O.O',)","('O=C([O-])[O-].[Cs+].[Cs+]',)"
811,5,"('C1COCCO1',)","('O=P([O-])([O-])[O-].[K+].[K+].[K+]',)"
811,6,"('O.C1CCOC1',)","('O=C([O-])O.[Na+]',)"
811,7,"('O.C1COCCO1',)","('O=C([O-])O.[Na+],O=C([O-])[O-].[Na+].[Na+]',)"
811,8,"('COCCOC.CCOC(C)=O',)","('[K+].[F-]',)"
811,9,"('CN(C)C=O',)","('CCN(CC)CC',)"
811,10,"('O.CCOC(C)=O.C1COCCO1',)","('[OH-].[Na+]',)"
2386,1,"('O.COCCOC.ClCCl',)","('O=P([O-])([O-])[O-].[K+].[K+].[K+]',)"
2386,2,"('COCCOC.CCOC(C)=O',)","('O=C([O-])[O-].[Na+].[Na+]',)"
2386,3,"('COCCOC',)","('O=C([O-])[O-].[K+].[K+]',)"
2386,4,"('CN(C)C=O.O',)","('O=C([O-])O.[Na+]',)"
2386,5,"('O.C1COCCO1',)","('O=C([O-])[O-].[Cs+].[Cs+]',)"
2386,6,"('No Solvent',)","('No Base',)"
2386,7,"('CN(C)C=O',)","('[K+].[F-]',)"
2386,8,"('C1COCCO1',)","('[Cs+].[F-]',)"
2386,9,"('O.COCCOC',)","('[OH-].[Na+]',)"
2386,10,"('O.CCOC(C)=O.C1COCCO1',)","('O=C([O-])O.[Na+],O=C([O-])[O-].[Na+].[Na+]',)"
2645,1,"('O.C1COCCO1',)","('O=C([O-])[O-].[K+].[K+]',)"
2645,2,"('No Solvent',)","('O=C([O-])[O-].[Na+].[Na+]',)"
2645,3,"('COCCOC',)","('O=C([O-])[O-].[Cs+].[Cs+]',)"
2645,4,"('O.COCCOC',)","('No Base',)"
2645,5,"('Cc1ccccc1.O',)","('O=P([O-])([O-])[O-].[K+].[K+].[K+]',)"
2645,6,"('C1COCCO1',)","('O=C([O-])O.[Na+]',)"
2645,7,"('CN(C)C=O',)","('[K+].[F-]',)"
2645,8,"('C1CCOC1',)","('[Cs+].[F-]',)"
2645,9,"('O.CCOC(C)=O.C1COCCO1',)","('O=C([O-])O.[Na+],O=C([O-])[O-].[Na+].[Na+]',)"
2645,10,"('Cc1ccccc1',)","('CCN(CC)CC',)"
4156,1,"('COCCOC.CCOC(C)=O.ClCCl',)","('O=C([O-])[O-].[Na+].[Na+]',)"
4156,2,"('CO.COCCOC.CCOC(C)=O.ClCCl',)","('O=C([O-])O.[Na+],O=C([O-])[O-].[Na+].[Na+]',)"
4156,3,"('COCCOC.ClCCl',)","('O=C([O-])[O-].[K+].[K+]',)"
4156,4,"('O.COCCOC',)","('No Base',)"
4156,5,"('C1COCCO1',)","('O=C([O-])[O-].[Cs+].[Cs+]',)"
4156,6,"('O.COCCOC.ClCCl',)","('O=C([O-])O.[Na+]',)"
4156,7,"('O.CC#N',)","('O=P([O-])([O-])[O-].[K+].[K+].[K+]',)"
4156,8,"('COCCOC',)","('[K+].[F-]',)"
4156,9,"('CCO.Cc1ccccc1',)","('[OH-].[Na+]',)"
4156,10,"('O.C1COCCO1',)","('[Cs+].[F-]',)"
1814,1,"('C1COCCO1',)","('O=C([O-])[O-].[Na+].[Na+]',)"
1814,2,"('CN(C)C=O',)","('O=C([O-])[O-].[Cs+].[Cs+]',)"
1814,3,"('O.CCOC(C)=O.C1COCCO1',)","('O=P([O-])([O-])[O-].[K+].[K+].[K+]',)"
1814,4,"('O.C1CCOC1',)","('No Base',)"
1814,5,"('CCO.Cc1ccccc1',)","('O=C([O-])O.[Na+]',)"
1814,6,"('O.COCCOC.CCOC(C)=O',)","('[Cs+].[F-]',)"
1814,7,"('COCCOC',)","('O=C([O-])[O-].[K+].[K+]',)"
1814,8,"('CCO.O.COCCOC',)","('[K+].[F-]',)"
1814,9,"('O.C1COCCO1',)","('[OH-].[Na+]',)"
1814,10,"('O.COCCOC.ClCCl',)","('O=C([O-])O.[Na+],O=C([O-])[O-].[Na+].[Na+]',)"
3349,1,"('O.CCOC(C)=O.C1COCCO1',)","('O=C([O-])O.[Na+]',)"
3349,2,"('CCO.Cc1ccccc1',)","('O=C([O-])[O-].[Na+].[Na+]',)"
3349,3,"('O.C1COCCO1',)","('O=P([O-])([O-])[O-].[K+].[K+].[K+]',)"
3349,4,"('CN(C)C=O.O',)","('O=C([O-])[O-].[Cs+].[Cs+]',)"
3349,5,"('COCCOC',)","('O=C([O-])[O-].[K+].[K+]',)"
3349,6,"('O.COCCOC',)","('No Base',)"
3349,7,"('O.C1COCCO1.ClCCl',)","('[Cs+].[F-]',)"
3349,8,"('CCO.O.COCCOC',)","('[K+].[F-]',)"
3349,9,"('C1COCCO1',)","('O=C([O-])O.[Na+],O=C([O-])[O-].[Na+].[Na+]',)"
3349,10,"('CCOC(C)=O.C1COCCO1',)","('[OH-].[Na+]',)"
212,1,"('Cc1ccccc1',)","('O=C([O-])[O-].[Na+].[Na+]',)"
212,2,"('CCO.O.COCCOC',)","('O=C([O-])[O-].[K+].[K+]',)"
212,3,"('O.C1COCCO1.ClCCl',)","('O=P([O-])([O-])[O-].[K+].[K+].[K+]',)"
212,4,"('C1COCCO1',)","('O=C([O-])[O-].[Cs+].[Cs+]',)"
212,5,"('CN(C)C=O.O',)","('O=C([O-])O.[Na+]',)"
212,6,"('O.COCCOC',)","('No Base',)"
212,7,"('CN(C)C=O',)","('[Cs+].[F-]',)"
212,8,"('CCO.Cc1ccccc1.O',)","('[K+].[F-]',)"
212,9,"('COCCOC',)","('[OH-].[Na+]',)"
212,10,"('CCO.Cc1ccccc1',)","('O=C([O-])O.[Na+],O=C([O-])[O-].[Na+].[Na+]',)"
3486,1,"('C1COCCO1',)","('O=C([O-])[O-].[Na+].[Na+]',)"
3486,2,"('CCO.Cc1ccccc1',)","('O=P([O-])([O-])[O-].[K+].[K+].[K+]',)"
3486,3,"('O.C1COCCO1',)","('O=C([O-])[O-].[K+].[K+]',)"
3486,4,"('No Solvent',)","('No Base',)"
3486,5,"('O.CCOC(C)=O.C1COCCO1',)","('O=C([O-])[O-].[Cs+].[Cs+]',)"
3486,6,"('CCO.Cc1ccccc1.O',)","('[Cs+].[F-]',)"
3486,7,"('O.CC#N',)","('O=C([O-])O.[Na+]',)"
3486,8,"('C1CCOC1',)","('[K+].[F-]',)"
3486,9,"('O.COCCOC',)","('O=C([O-])O.[Na+],O=C([O-])[O-].[Na+].[Na+]',)"
3486,10,"('O.C1CCOC1',)","('[OH-].[Na+]',)"
524,1,"('O.C1COCCO1',)","('O=C([O-])[O-].[Na+].[Na+]',)"
524,2,"('O.COCCOC',)","('O=C([O-])[O-].[K+].[K+]',)"
524,3,"('CCO.Cc1ccccc1.O',)","('O=C([O-])[O-].[Cs+].[Cs+]',)"
524,4,"('O.CCOC(C)=O.C1COCCO1',)","('O=P([O-])([O-])[O-].[K+].[K+].[K+]',)"
524,5,"('COCCOC',)","('No Base',)"
524,6,"('Cc1ccccc1.O',)","('O=C([O-])O.[Na+]',)"
524,7,"('C1COCCO1',)","('O=C([O-])O.[Na+],O=C([O-])[O-].[Na+].[Na+]',)"
524,8,"('O.CC#N',)","('[K+].[F-]',)"
524,9,"('CCO.Cc1ccccc1.CCOC(C)=O',)","('CCN(CC)CC',)"
524,10,"('COCCOC.ClCCl',)","('CC(=O)[O-].[K+]',)"
3407,1,"('CCO.Cc1ccccc1',)","('O=C([O-])[O-].[K+].[K+]',)"
3407,2,"('C1COCCO1',)","('O=C([O-])[O-].[Na+].[Na+]',)"
3407,3,"('O.COCCOC',)","('O=C([O-])O.[Na+]',)"
3407,4,"('COCCOC',)","('No Base',)"
3407,5,"('O.C1COCCO1',)","('O=C([O-])[O-].[Cs+].[Cs+]',)"
3407,6,"('No Solvent',)","('[K+].[F-]',)"
3407,7,"('COCCOC.ClCCl',)","('O=P([O-])([O-])[O-].[K+].[K+].[K+]',)"
3407,8,"('CCO.Cc1ccccc1.O',)","('O=C([O-])O.[Na+],O=C([O-])[O-].[Na+].[Na+]',)"
3407,9,"('O.C1CCOC1',)","('[Cs+].[F-]',)"
3407,10,"('O.C1COCCO1.ClCCl',)","('[OH-].[Na+]',)"
2376,1,"('O.CCOC(C)=O.C1COCCO1',)","('O=C([O-])[O-].[Na+].[Na+]',)"
2376,2,"('C1COCCO1',)","('O=C([O-])[O-].[K+].[K+]',)"
2376,3,"('No Solvent',)","('No Base',)"
2376,4,"('O.C1COCCO1',)","('O=C([O-])[O-].[Cs+].[Cs+]',)"
2376,5,"('O.COCCOC',)","('O=P([O-])([O-])[O-].[K+].[K+].[K+]',)"
2376,6,"('CN(C)C=O',)","('O=C([O-])O.[Na+]',)"
2376,7,"('CCO.Cc1ccccc1.O',)","('O=C([O-])O.[Na+],O=C([O-])[O-].[Na+].[Na+]',)"
2376,8,"('CCO.O.COCCOC',)","('[OH-].[Na+]',)"
2376,9,"('Cc1ccccc1.O',)","('[Cs+].[F-]',)"
2376,10,"('Cc1ccccc1',)","('[K+].[F-]',)"
4989,1,"('CCO.O.COCCOC',)","('O=C([O-])[O-].[Cs+].[Cs+]',)"
4989,2,"('O.C1COCCO1',)","('O=C([O-])[O-].[K+].[K+]',)"
4989,3,"('CCO.O.COCCOC.CCOC(C)=O',)","('O=C([O-])[O-].[Na+].[Na+]',)"
4989,4,"('COCCOC',)","('O=P([O-])([O-])[O-].[K+].[K+].[K+]',)"
4989,5,"('CN(C)C=O',)","('O=C([O-])O.[Na+]',)"
4989,6,"('No Solvent',)","('No Base',)"
4989,7,"('O.CCOC(C)=O.C1COCCO1',)","('O=C([O-])O.[Na+],O=C([O-])[O-].[Na+].[Na+]',)"
4989,8,"('O.C1COCCO1.ClCCl',)","('[Cs+].[F-]',)"
4989,9,"('O.COCCOC',)","('CC(=O)[O-].[K+]',)"
4989,10,"('CCOC(C)=O.C1COCCO1',)","('[OH-].[Na+]',)"
2907,1,"('O.CCOC(C)=O.C1COCCO1',)","('O=C([O-])[O-].[Cs+].[Cs+]',)"
2907,2,"('O.C1COCCO1',)","('O=C([O-])[O-].[K+].[K+]',)"
2907,3,"('Cc1ccccc1.O.ClCCl',)","('O=C([O-])[O-].[Na+].[Na+]',)"
2907,4,"('CCO.O.COCCOC',)","('O=C([O-])O.[Na+],O=C([O-])[O-].[Na+].[Na+]',)"
2907,5,"('O.CC#N',)","('O=P([O-])([O-])[O-].[K+].[K+].[K+]',)"
2907,6,"('O.COCCOC',)","('No Base',)"
2907,7,"('CN(C)C=O.O',)","('O=C([O-])O.[Na+]',)"
2907,8,"('CN(C)C=O',)","('[K+].[F-]',)"
2907,9,"('CCO.Cc1ccccc1',)","('[OH-].[Na+]',)"
2907,10,"('C1CCOC1',)","('[Cs+].[F-]',)"
2617,1,"('COCCOC',)","('O=C([O-])O.[Na+],O=C([O-])[O-].[Na+].[Na+]',)"
2617,2,"('O.COCCOC',)","('O=C([O-])[O-].[Na+].[Na+]',)"
2617,3,"('O.CCOC(C)=O.C1COCCO1',)","('O=C([O-])[O-].[K+].[K+]',)"
2617,4,"('O.C1COCCO1',)","('O=C([O-])[O-].[Cs+].[Cs+]',)"
2617,5,"('CCO.Cc1ccccc1',)","('O=C([O-])O.[Na+]',)"
2617,6,"('CN(C)C=O',)","('O=P([O-])([O-])[O-].[K+].[K+].[K+]',)"
2617,7,"('CCO.Cc1ccccc1.O',)","('No Base',)"
2617,8,"('No Solvent',)","('[OH-].[Na+]',)"
2617,9,"('O.C1CCOC1',)","('[K+].[F-]',)"
2617,10,"('CN(C)C=O.O.CCOC(C)=O',)","('[Cs+].[F-]',)"
4090,1,"('COCCOC',)","('O=C([O-])O.[Na+]',)"
4090,2,"('O.CCOC(C)=O.C1COCCO1',)","('O=C([O-])[O-].[Na+].[Na+]',)"
4090,3,"('O.COCCOC',)","('O=C([O-])[O-].[Cs+].[Cs+]',)"
4090,4,"('CN(C)C=O',)","('O=C([O-])[O-].[K+].[K+]',)"
4090,5,"('O.C1COCCO1',)","('O=P([O-])([O-])[O-].[K+].[K+].[K+]',)"
4090,6,"('CN(C)C=O.O',)","('No Base',)"
4090,7,"('No Solvent',)","('O=C([O-])O.[Na+],O=C([O-])[O-].[Na+].[Na+]',)"
4090,8,"('O.COCCOC.CCOC(C)=O',)","('[K+].[F-]',)"
4090,9,"('COCCOC.CCOC(C)=O',)","('CC(=O)[O-].[K+]',)"
4090,10,"('O.CC#N',)","('[Cs+].[F-]',)"
3890,1,"('O.C1COCCO1',)","('[Cs+].[F-]',)"
3890,2,"('C1COCCO1',)","('O=C([O-])[O-].[Na+].[Na+]',)"
3890,3,"('CN(C)C=O',)","('O=C([O-])[O-].[K+].[K+]',)"
3890,4,"('C1COCCO1.ClCCl',)","('O=C([O-])[O-].[Cs+].[Cs+]',)"
3890,5,"('O.COCCOC',)","('O=P([O-])([O-])[O-].[K+].[K+].[K+]',)"
3890,6,"('O.C1COCCO1.ClCCl',)","('O=C([O-])O.[Na+]',)"
3890,7,"('O.CC#N',)","('No Base',)"
3890,8,"('No Solvent',)","('[K+].[F-]',)"
3890,9,"('O.COCCOC.ClCCl',)","('CCN(CC)CC',)"
3890,10,"('CCO.Cc1ccccc1.O.CCOC(C)=O',)","('[OH-].[Na+]',)"
1667,1,"('O.C1COCCO1',)","('O=C([O-])[O-].[Na+].[Na+]',)"
1667,2,"('C1COCCO1',)","('O=C([O-])O.[Na+]',)"
1667,3,"('CN(C)C=O',)","('O=P([O-])([O-])[O-].[K+].[K+].[K+]',)"
1667,4,"('No Solvent',)","('O=C([O-])[O-].[Cs+].[Cs+]',)"
1667,5,"('O.C1COCCO1.ClCCl',)","('O=C([O-])[O-].[K+].[K+]',)"
1667,6,"('CCO.Cc1ccccc1.O',)","('No Base',)"
1667,7,"('COCCOC',)","('[Cs+].[F-]',)"
1667,8,"('CC#N',)","('CC(=O)[O-].[K+]',)"
1667,9,"('O.COCCOC.ClCCl',)","('[K+].[F-]',)"
1667,10,"('O.C1CCOC1',)","('O=C([O-])O.[Na+],O=C([O-])[O-].[Na+].[Na+]',)"
1255,1,"('No Solvent',)","('O=C([O-])[O-].[K+].[K+]',)"
1255,2,"('COCCOC',)","('O=C([O-])[O-].[Na+].[Na+]',)"
1255,3,"('C1COCCO1',)","('O=C([O-])[O-].[Cs+].[Cs+]',)"
1255,4,"('CCO.Cc1ccccc1.O',)","('O=C([O-])O.[Na+]',)"
1255,5,"('CN(C)C=O',)","('O=P([O-])([O-])[O-].[K+].[K+].[K+]',)"
1255,6,"('CCO.Cc1ccccc1',)","('No Base',)"
1255,7,"('COCCOC.CCOC(C)=O',)","('[K+].[F-]',)"
1255,8,"('O.C1COCCO1.ClCCl',)","('[Cs+].[F-]',)"
1255,9,"('O.C1COCCO1',)","('O=C([O-])O.[Na+],O=C([O-])[O-].[Na+].[Na+]',)"
1255,10,"('O.COCCOC',)","('[OH-].[Na+]',)"
1177,1,"('CCO.Cc1ccccc1',)","('O=C([O-])[O-].[Cs+].[Cs+]',)"
1177,2,"('O.CC#N',)","('O=C([O-])[O-].[Na+].[Na+]',)"
1177,3,"('C1COCCO1',)","('O=C([O-])[O-].[K+].[K+]',)"
1177,4,"('No Solvent',)","('O=C([O-])O.[Na+]',)"
1177,5,"('O.C1COCCO1',)","('O=P([O-])([O-])[O-].[K+].[K+].[K+]',)"
1177,6,"('CN(C)C=O',)","('[K+].[F-]',)"
1177,7,"('CN(C)C=O.O',)","('O=C([O-])O.[Na+],O=C([O-])[O-].[Na+].[Na+]',)"
1177,8,"('CCO.O.COCCOC',)","('No Base',)"
1177,9,"('O.COCCOC',)","('[Cs+].[F-]',)"
1177,10,"('CCO.Cc1ccccc1.O',)","('CC(=O)[O-].[K+]',)"
4982,1,"('Cc1ccccc1.O.CCOC(C)=O',)","('O=C([O-])[O-].[Na+].[Na+]',)"
4982,2,"('COCCOC',)","('O=C([O-])[O-].[K+].[K+]',)"
4982,3,"('CN(C)C=O.O',)","('O=P([O-])([O-])[O-].[K+].[K+].[K+]',)"
4982,4,"('O.COCCOC',)","('No Base',)"
4982,5,"('O.C1COCCO1',)","('O=C([O-])[O-].[Cs+].[Cs+]',)"
4982,6,"('CCO.Cc1ccccc1.O',)","('O=C([O-])O.[Na+]',)"
4982,7,"('CN(C)C=O',)","('CCN(CC)CC',)"
4982,8,"('O.CCOC(C)=O.C1COCCO1',)","('[OH-].[Na+]',)"
4982,9,"('COCCOC.ClCCl',)","('[K+].[F-]',)"
4982,10,"('No Solvent',)","('[Cs+].[F-]',)"
4537,1,"('No Solvent',)","('No Base',)"
4537,2,"('O.COCCOC',)","('O=C([O-])[O-].[K+].[K+]',)"
4537,3,"('COCCOC',)","('O=C([O-])[O-].[Cs+].[Cs+]',)"
4537,4,"('O.C1COCCO1',)","('O=C([O-])[O-].[Na+].[Na+]',)"
4537,5,"('O.CCOC(C)=O.C1COCCO1',)","('O=C([O-])O.[Na+]',)"
4537,6,"('O.C1CCOC1',)","('[K+].[F-]',)"
4537,7,"('CN(C)C=O.O',)","('O=P([O-])([O-])[O-].[K+].[K+].[K+]',)"
4537,8,"('C1CCOC1',)","('O=C([O-])O.[Na+],O=C([O-])[O-].[Na+].[Na+]',)"
4537,9,"('CCO.Cc1ccccc1',)","('[Cs+].[F-]',)"
4537,10,"('C1COCCO1',)","('[OH-].[Na+]',)"
2761,1,"('O.COCCOC',)","('O=C([O-])[O-].[Na+].[Na+]',)"
2761,2,"('No Solvent',)","('O=C([O-])[O-].[Cs+].[Cs+]',)"
2761,3,"('COCCOC.ClCCl',)","('No Base',)"
2761,4,"('CCO.Cc1ccccc1',)","('O=C([O-])[O-].[K+].[K+]',)"
2761,5,"('COCCOC',)","('O=P([O-])([O-])[O-].[K+].[K+].[K+]',)"
2761,6,"('O.C1COCCO1',)","('O=C([O-])O.[Na+]',)"
2761,7,"('CN(C)C=O',)","('[K+].[F-]',)"
2761,8,"('Cc1ccccc1',)","('O=C([O-])O.[Na+],O=C([O-])[O-].[Na+].[Na+]',)"
2761,9,"('C1COCCO1.ClCCl',)","('CCN(CC)CC',)"
2761,10,"('CN(C)C=O.O',)","('[OH-].[Na+]',)"
440,1,"('COCCOC',)","('O=C([O-])[O-].[Na+].[Na+]',)"
440,2,"('O.COCCOC',)","('O=C([O-])[O-].[K+].[K+]',)"
440,3,"('Cc1ccccc1',)","('O=C([O-])[O-].[Cs+].[Cs+]',)"
440,4,"('CN(C)C=O',)","('O=P([O-])([O-])[O-].[K+].[K+].[K+]',)"
440,5,"('O.C1COCCO1',)","('No Base',)"
440,6,"('CC#N',)","('O=C([O-])O.[Na+]',)"
440,7,"('CCO.Cc1ccccc1.O',)","('O=C([O-])O.[Na+],O=C([O-])[O-].[Na+].[Na+]',)"
440,8,"('O.CCOC(C)=O.C1COCCO1',)","('[Cs+].[F-]',)"
440,9,"('Cc1ccccc1.O',)","('CC(=O)[O-].[K+]',)"
440,10,"('No Solvent',)","('[OH-].[Na+]',)"
90,1,"('O.C1COCCO1',)","('O=C([O-])[O-].[Na+].[Na+]',)"
90,2,"('O.COCCOC',)","('O=P([O-])([O-])[O-].[K+].[K+].[K+]',)"
90,3,"('CCO.O.COCCOC',)","('O=C([O-])[O-].[K+].[K+]',)"
90,4,"('Cc1ccccc1.O',)","('O=C([O-])[O-].[Cs+].[Cs+]',)"
90,5,"('O.CC#N',)","('No Base',)"
90,6,"('O.CCOC(C)=O.C1COCCO1',)","('O=C([O-])O.[Na+]',)"
90,7,"('CC#N',)","('[Cs+].[F-]',)"
90,8,"('CN(C)C=O.O',)","('O=C([O-])O.[Na+],O=C([O-])[O-].[Na+].[Na+]',)"
90,9,"('CN(C)C=O',)","('[OH-].[Na+]',)"
90,10,"('COCCOC.ClCCl',)","('[K+].[F-]',)"
2552,1,"('O.C1COCCO1',)","('O=C([O-])[O-].[Na+].[Na+]',)"
2552,2,"('C1COCCO1',)","('O=C([O-])[O-].[K+].[K+]',)"
2552,3,"('C1COCCO1.ClCCl',)","('O=C([O-])[O-].[Cs+].[Cs+]',)"
2552,4,"('COCCOC.ClCCl',)","('O=P([O-])([O-])[O-].[K+].[K+].[K+]',)"
2552,5,"('COCCOC',)","('O=C([O-])O.[Na+]',)"
2552,6,"('O.COCCOC',)","('No Base',)"
2552,7,"('CCO.Cc1ccccc1',)","('O=C([O-])O.[Na+],O=C([O-])[O-].[Na+].[Na+]',)"
2552,8,"('C1CCOC1',)","('[Cs+].[F-]',)"
2552,9,"('No Solvent',)","('CCN(CC)CC',)"
2552,10,"('Cc1ccccc1.O',)","('[OH-].[Na+]',)"
2774,1,"('O.CC#N',)","('O=C([O-])[O-].[K+].[K+]',)"
2774,2,"('O.C1COCCO1',)","('O=C([O-])[O-].[Na+].[Na+]',)"
2774,3,"('CN(C)C=O.O',)","('O=C([O-])O.[Na+]',)"
2774,4,"('O.COCCOC',)","('O=P([O-])([O-])[O-].[K+].[K+].[K+]',)"
2774,5,"('CC#N',)","('O=C([O-])[O-].[Cs+].[Cs+]',)"
2774,6,"('COCCOC',)","('No Base',)"
2774,7,"('CCO.Cc1ccccc1.O',)","('O=C([O-])O.[Na+],O=C([O-])[O-].[Na+].[Na+]',)"
2774,8,"('CN(C)C=O',)","('[K+].[F-]',)"
2774,9,"('O.COCCOC.ClCCl',)","('[Cs+].[F-]',)"
2774,10,"('CCO.Cc1ccccc1',)","('CCN(CC)CC',)"
907,1,"('CC#N',)","('CCN(CC)CC',)"
907,2,"('O.C1COCCO1',)","('O=C([O-])[O-].[K+].[K+]',)"
907,3,"('COCCOC',)","('O=C([O-])[O-].[Na+].[Na+]',)"
907,4,"('C1COCCO1',)","('O=P([O-])([O-])[O-].[K+].[K+].[K+]',)"
907,5,"('O.COCCOC',)","('O=C([O-])[O-].[Cs+].[Cs+]',)"
907,6,"('CN(C)C=O.O',)","('No Base',)"
907,7,"('CN(C)C=O',)","('O=C([O-])O.[Na+]',)"
907,8,"('O.CC#N',)","('[Cs+].[F-]',)"
907,9,"('COCCOC.CCOC(C)=O.ClCCl',)","('O=C([O-])O.[Na+],O=C([O-])[O-].[Na+].[Na+]',)"
907,10,"('CCO.Cc1ccccc1',)","('CC(=O)[O-].[K+]',)"
4954,1,"('O.C1COCCO1',)","('O=C([O-])[O-].[Na+].[Na+]',)"
4954,2,"('COCCOC',)","('O=C([O-])[O-].[K+].[K+]',)"
4954,3,"('CN(C)C=O',)","('O=P([O-])([O-])[O-].[K+].[K+].[K+]',)"
4954,4,"('C1COCCO1',)","('O=C([O-])[O-].[Cs+].[Cs+]',)"
4954,5,"('O.CCOC(C)=O.C1COCCO1',)","('O=C([O-])O.[Na+]',)"
4954,6,"('O.COCCOC.CCOC(C)=O',)","('No Base',)"
4954,7,"('CCO.Cc1ccccc1.O',)","('O=C([O-])O.[Na+],O=C([O-])[O-].[Na+].[Na+]',)"
4954,8,"('CCO.Cc1ccccc1',)","('[OH-].[Na+]',)"
4954,9,"('CCOC(C)=O.C1COCCO1',)","('CCN(CC)CC',)"
4954,10,"('CCO.O.COCCOC',)","('[Cs+].[F-]',)"
1760,1,"('CCO.Cc1ccccc1.O',)","('O=C([O-])[O-].[Na+].[Na+]',)"
1760,2,"('O.COCCOC',)","('O=C([O-])[O-].[K+].[K+]',)"
1760,3,"('O.C1COCCO1',)","('O=C([O-])[O-].[Cs+].[Cs+]',)"
1760,4,"('C1COCCO1',)","('O=P([O-])([O-])[O-].[K+].[K+].[K+]',)"
1760,5,"('COCCOC',)","('No Base',)"
1760,6,"('O.C1COCCO1.ClCCl',)","('O=C([O-])O.[Na+]',)"
1760,7,"('CN(C)C=O',)","('O=C([O-])O.[Na+],O=C([O-])[O-].[Na+].[Na+]',)"
1760,8,"('No Solvent',)","('CCN(CC)CC',)"
1760,9,"('CN(C)C=O.O',)","('CC(=O)[O-].[K+]',)"
1760,10,"('COCCOC.ClCCl',)","('[K+].[F-]',)"
621,1,"('CN(C)C=O',)","('O=C([O-])[O-].[Na+].[Na+]',)"
621,2,"('O.CCOC(C)=O.C1COCCO1',)","('O=C([O-])[O-].[K+].[K+]',)"
621,3,"('CCO.Cc1ccccc1.O',)","('O=C([O-])[O-].[Cs+].[Cs+]',)"
621,4,"('O.C1COCCO1',)","('O=P([O-])([O-])[O-].[K+].[K+].[K+]',)"
621,5,"('Cc1ccccc1.O',)","('No Base',)"
621,6,"('C1COCCO1',)","('O=C([O-])O.[Na+]',)"
621,7,"('No Solvent',)","('[K+].[F-]',)"
621,8,"('CN(C)C=O.O',)","('CCN(CC)CC',)"
621,9,"('O.COCCOC',)","('O=C([O-])O.[Na+],O=C([O-])[O-].[Na+].[Na+]',)"
621,10,"('Cc1ccccc1',)","('[Cs+].[F-]',)"
3837,1,"('O.CC#N',)","('O=C([O-])[O-].[K+].[K+]',)"
3837,2,"('No Solvent',)","('O=C([O-])[O-].[Na+].[Na+]',)"
3837,3,"('O.C1COCCO1',)","('O=P([O-])([O-])[O-].[K+].[K+].[K+]',)"
3837,4,"('CCO.Cc1ccccc1',)","('O=C([O-])O.[Na+]',)"
3837,5,"('O.COCCOC',)","('O=C([O-])[O-].[Cs+].[Cs+]',)"
3837,6,"('CN(C)C=O',)","('No Base',)"
3837,7,"('CCO.Cc1ccccc1.CCOC(C)=O',)","('[K+].[F-]',)"
3837,8,"('C1COCCO1',)","('O=C([O-])O.[Na+],O=C([O-])[O-].[Na+].[Na+]',)"
3837,9,"('COCCOC.ClCCl',)","('[Cs+].[F-]',)"
3837,10,"('O.CCOC(C)=O.C1COCCO1',)","('[OH-].[Na+]',)"
4369,1,"('CCO.Cc1ccccc1',)","('O=C([O-])[O-].[Na+].[Na+]',)"
4369,2,"('O.COCCOC',)","('O=C([O-])[O-].[K+].[K+]',)"
4369,3,"('C1COCCO1',)","('No Base',)"
4369,4,"('COCCOC',)","('O=C([O-])O.[Na+]',)"
4369,5,"('CCOC(C)=O.CC#N',)","('O=C([O-])[O-].[Cs+].[Cs+]',)"
4369,6,"('O.C1COCCO1.ClCCl',)","('O=P([O-])([O-])[O-].[K+].[K+].[K+]',)"
4369,7,"('Cc1ccccc1',)","('O=C([O-])O.[Na+],O=C([O-])[O-].[Na+].[Na+]',)"
4369,8,"('O.C1COCCO1',)","('[K+].[F-]',)"
4369,9,"('No Solvent',)","('[OH-].[Na+]',)"
4369,10,"('CN(C)C=O.O',)","('CCN(CC)CC',)"
235,1,"('CCO.O.C1COCCO1',)","('O=C([O-])[O-].[K+].[K+]',)"
235,2,"('COCCOC',)","('O=C([O-])[O-].[Na+].[Na+]',)"
235,3,"('CCO.Cc1ccccc1.O',)","('O=C([O-])[O-].[Cs+].[Cs+]',)"
235,4,"('O.C1COCCO1',)","('O=C([O-])O.[Na+]',)"
235,5,"('No Solvent',)","('O=P([O-])([O-])[O-].[K+].[K+].[K+]',)"
235,6,"('O.COCCOC',)","('No Base',)"
235,7,"('CN(C)C=O.O',)","('[Cs+].[F-]',)"
235,8,"('C1COCCO1',)","('[K+].[F-]',)"
235,9,"('O.CCOC(C)=O.C1COCCO1',)","('O=C([O-])O.[Na+],O=C([O-])[O-].[Na+].[Na+]',)"
235,10,"('CN(C)C=O',)","('[OH-].[Na+]',)"
3836,1,"('O.CC#N',)","('O=C([O-])[O-].[K+].[K+]',)"
3836,2,"('No Solvent',)","('O=C([O-])[O-].[Na+].[Na+]',)"
3836,3,"('O.C1COCCO1',)","('O=C([O-])[O-].[Cs+].[Cs+]',)"
3836,4,"('O.COCCOC',)","('O=C([O-])O.[Na+]',)"
3836,5,"('CCO.Cc1ccccc1',)","('O=P([O-])([O-])[O-].[K+].[K+].[K+]',)"
3836,6,"('CN(C)C=O',)","('No Base',)"
3836,7,"('C1COCCO1',)","('[K+].[F-]',)"
3836,8,"('CCO.Cc1ccccc1.CCOC(C)=O',)","('O=C([O-])O.[Na+],O=C([O-])[O-].[Na+].[Na+]',)"
3836,9,"('COCCOC.ClCCl',)","('[Cs+].[F-]',)"
3836,10,"('CCO.O.COCCOC',)","('[OH-].[Na+]',)"
251,1,"('O.COCCOC',)","('O=C([O-])[O-].[Na+].[Na+]',)"
251,2,"('CN(C)C=O',)","('O=C([O-])[O-].[K+].[K+]',)"
251,3,"('CCO.COCCOC',)","('O=C([O-])O.[Na+]',)"
251,4,"('O.C1COCCO1',)","('O=P([O-])([O-])[O-].[K+].[K+].[K+]',)"
251,5,"('C1COCCO1',)","('O=C([O-])[O-].[Cs+].[Cs+]',)"
251,6,"('No Solvent',)","('[Cs+].[F-]',)"
251,7,"('CCO.O.COCCOC',)","('O=C([O-])O.[Na+],O=C([O-])[O-].[Na+].[Na+]',)"
251,8,"('COCCOC',)","('[K+].[F-]',)"
251,9,"('CN(C)C=O.O',)","('No Base',)"
251,10,"('C1COCCO1.ClCCl',)","('CCN(CC)CC',)"
2321,1,"('CCO.Cc1ccccc1.O',)","('O=P([O-])([O-])[O-].[K+].[K+].[K+]',)"
2321,2,"('O.C1COCCO1',)","('O=C([O-])[O-].[Na+].[Na+]',)"
2321,3,"('C1COCCO1',)","('O=C([O-])[O-].[K+].[K+]',)"
2321,4,"('COCCOC',)","('O=C([O-])[O-].[Cs+].[Cs+]',)"
2321,5,"('O.COCCOC',)","('O=C([O-])O.[Na+]',)"
2321,6,"('O.CCOC(C)=O.C1COCCO1',)","('No Base',)"
2321,7,"('CN(C)C=O.O',)","('O=C([O-])O.[Na+],O=C([O-])[O-].[Na+].[Na+]',)"
2321,8,"('O.C1CCOC1',)","('[Cs+].[F-]',)"
2321,9,"('No Solvent',)","('CCN(CC)CC',)"
2321,10,"('CN(C)C=O',)","('[K+].[F-]',)"
3894,1,"('O.C1COCCO1',)","('O=P([O-])([O-])[O-].[K+].[K+].[K+]',)"
3894,2,"('CN(C)C=O.O',)","('O=C([O-])[O-].[K+].[K+]',)"
3894,3,"('CCOC(C)=O.C1COCCO1',)","('O=C([O-])O.[Na+]',)"
3894,4,"('No Solvent',)","('O=C([O-])[O-].[Na+].[Na+]',)"
3894,5,"('O.COCCOC',)","('O=C([O-])[O-].[Cs+].[Cs+]',)"
3894,6,"('C1COCCO1',)","('No Base',)"
3894,7,"('CN(C)C=O',)","('[K+].[F-]',)"
3894,8,"('O.C1COCCO1.ClCCl',)","('[Cs+].[F-]',)"
3894,9,"('CCO.Cc1ccccc1.O',)","('CCN(CC)CC',)"
3894,10,"('CCO.O.COCCOC',)","('[OH-].[Na+]',)"
618,1,"('CCO.Cc1ccccc1.CCOC(C)=O',)","('O=C([O-])[O-].[Na+].[Na+]',)"
618,2,"('CCO.Cc1ccccc1.O',)","('O=C([O-])[O-].[K+].[K+]',)"
618,3,"('O.C1COCCO1',)","('O=C([O-])[O-].[Cs+].[Cs+]',)"
618,4,"('C1COCCO1',)","('O=P([O-])([O-])[O-].[K+].[K+].[K+]',)"
618,5,"('Cc1ccccc1.CCO.CCCCCC.CCOC(C)=O',)","('No Base',)"
618,6,"('COCCOC',)","('O=C([O-])O.[Na+]',)"
618,7,"('O.CC#N',)","('[K+].[F-]',)"
618,8,"('O.COCCOC',)","('O=C([O-])O.[Na+],O=C([O-])[O-].[Na+].[Na+]',)"
618,9,"('CCO.Cc1ccccc1',)","('[Cs+].[F-]',)"
618,10,"('O.CCOC(C)=O.C1COCCO1',)","('[OH-].[Na+]',)"
122,1,"('CN(C)C=O',)","('O=C([O-])[O-].[Na+].[Na+]',)"
122,2,"('O.C1COCCO1',)","('O=C([O-])[O-].[K+].[K+]',)"
122,3,"('C1COCCO1',)","('O=P([O-])([O-])[O-].[K+].[K+].[K+]',)"
122,4,"('O.COCCOC',)","('No Base',)"
122,5,"('CCO.Cc1ccccc1.O',)","('O=C([O-])[O-].[Cs+].[Cs+]',)"
122,6,"('C1CCOC1',)","('O=C([O-])O.[Na+]',)"
122,7,"('COCCOC',)","('O=C([O-])O.[Na+],O=C([O-])[O-].[Na+].[Na+]',)"
122,8,"('No Solvent',)","('[K+].[F-]',)"
122,9,"('CCO.Cc1ccccc1.CCOC(C)=O',)","('[Cs+].[F-]',)"
122,10,"('CN(C)C=O.O',)","('[OH-].[Na+]',)"
4544,1,"('No Solvent',)","('No Base',)"
4544,2,"('COCCOC',)","('O=C([O-])[O-].[Cs+].[Cs+]',)"
4544,3,"('CN(C)C=O.O',)","('O=C([O-])[O-].[K+].[K+]',)"
4544,4,"('O.C1COCCO1',)","('O=C([O-])[O-].[Na+].[Na+]',)"
4544,5,"('C1COCCO1',)","('O=P([O-])([O-])[O-].[K+].[K+].[K+]',)"
4544,6,"('O.COCCOC',)","('O=C([O-])O.[Na+]',)"
4544,7,"('CCO.Cc1ccccc1.O',)","('O=C([O-])O.[Na+],O=C([O-])[O-].[Na+].[Na+]',)"
4544,8,"('CCO.Cc1ccccc1',)","('[Cs+].[F-]',)"
4544,9,"('O.C1CCOC1',)","('[K+].[F-]',)"
4544,10,"('O.CCOC(C)=O.C1COCCO1',)","('[OH-].[Na+]',)"
1150,1,"('CCOC(C)=O.C1COCCO1',)","('O=C([O-])[O-].[Cs+].[Cs+]',)"
1150,2,"('C1COCCO1',)","('O=C([O-])[O-].[Na+].[Na+]',)"
1150,3,"('ClCCl.C1COCCO1.CCOC(C)=O',)","('O=C([O-])[O-].[K+].[K+]',)"
1150,4,"('O.COCCOC',)","('O=P([O-])([O-])[O-].[K+].[K+].[K+]',)"
1150,5,"('O.C1COCCO1',)","('O=C([O-])O.[Na+]',)"
1150,6,"('CCO.Cc1ccccc1',)","('No Base',)"
1150,7,"('CN(C)C=O',)","('[K+].[F-]',)"
1150,8,"('CN(C)C=O.O',)","('[Cs+].[F-]',)"
1150,9,"('O.C1COCCO1.ClCCl',)","('O=C([O-])O.[Na+],O=C([O-])[O-].[Na+].[Na+]',)"
1150,10,"('O.CCOC(C)=O.C1COCCO1',)","('CC(=O)[O-].[K+]',)"
4403,1,"('O.C1COCCO1',)","('O=C([O-])[O-].[K+].[K+]',)"
4403,2,"('C1COCCO1',)","('O=P([O-])([O-])[O-].[K+].[K+].[K+]',)"
4403,3,"('COCCOC',)","('O=C([O-])[O-].[Cs+].[Cs+]',)"
4403,4,"('CCO',)","('No Base',)"
4403,5,"('No Solvent',)","('O=C([O-])[O-].[Na+].[Na+]',)"
4403,6,"('CN(C)C=O',)","('O=C([O-])O.[Na+]',)"
4403,7,"('O.COCCOC',)","('[K+].[F-]',)"
4403,8,"('CCOC(C)=O.C1COCCO1',)","('[Cs+].[F-]',)"
4403,9,"('CN(C)C=O.O',)","('CC(=O)[O-].[K+]',)"
4403,10,"('C1COCCO1.ClCCl',)","('[OH-].[Na+]',)"
784,1,"('CCO.COCCOC',)","('O=C([O-])[O-].[Na+].[Na+]',)"
784,2,"('O.C1COCCO1',)","('No Base',)"
784,3,"('O.COCCOC',)","('O=C([O-])[O-].[K+].[K+]',)"
784,4,"('C1COCCO1',)","('O=P([O-])([O-])[O-].[K+].[K+].[K+]',)"
784,5,"('No Solvent',)","('O=C([O-])[O-].[Cs+].[Cs+]',)"
784,6,"('CCO.Cc1ccccc1.O',)","('O=C([O-])O.[Na+]',)"
784,7,"('CCO.O.COCCOC',)","('[Cs+].[F-]',)"
784,8,"('CN(C)C=O.O',)","('[K+].[F-]',)"
784,9,"('Cc1ccccc1.O',)","('CCN(CC)CC',)"
784,10,"('COCCOC',)","('O=C([O-])O.[Na+],O=C([O-])[O-].[Na+].[Na+]',)"
2526,1,"('O.C1COCCO1',)","('O=C([O-])[O-].[Cs+].[Cs+]',)"
2526,2,"('O.COCCOC',)","('O=C([O-])[O-].[Na+].[Na+]',)"
2526,3,"('COCCOC',)","('O=C([O-])[O-].[K+].[K+]',)"
2526,4,"('O.CCOC(C)=O.C1COCCO1',)","('O=C([O-])O.[Na+]',)"
2526,5,"('C1COCCO1',)","('No Base',)"
2526,6,"('C1COCCO1.ClCCl',)","('O=P([O-])([O-])[O-].[K+].[K+].[K+]',)"
2526,7,"('No Solvent',)","('O=C([O-])O.[Na+],O=C([O-])[O-].[Na+].[Na+]',)"
2526,8,"('CN(C)C=O',)","('[Cs+].[F-]',)"
2526,9,"('CCO.Cc1ccccc1.O',)","('[OH-].[Na+]',)"
2526,10,"('O.COCCOC.CCOC(C)=O',)","('[K+].[F-]',)"
2194,1,"('CN(C)C=O',)","('O=C([O-])[O-].[Cs+].[Cs+]',)"
2194,2,"('O.C1COCCO1',)","('O=C([O-])[O-].[Na+].[Na+]',)"
2194,3,"('O.CCOC(C)=O.C1COCCO1',)","('O=C([O-])[O-].[K+].[K+]',)"
2194,4,"('No Solvent',)","('O=C([O-])O.[Na+]',)"
2194,5,"('COCCOC',)","('O=P([O-])([O-])[O-].[K+].[K+].[K+]',)"
2194,6,"('O.COCCOC',)","('No Base',)"
2194,7,"('O.CC#N',)","('O=C([O-])O.[Na+],O=C([O-])[O-].[Na+].[Na+]',)"
2194,8,"('CCO.Cc1ccccc1.O',)","('[K+].[F-]',)"
2194,9,"('CCO.O.COCCOC',)","('[Cs+].[F-]',)"
2194,10,"('O.CCOC(C)=O.COCCOC',)","('CC(=O)[O-].[K+]',)"
5336,1,"('C1COCCO1',)","('O=C([O-])[O-].[Na+].[Na+]',)"
5336,2,"('COCCOC',)","('O=C([O-])[O-].[Cs+].[Cs+]',)"
5336,3,"('No Solvent',)","('No Base',)"
5336,4,"('O.COCCOC',)","('O=C([O-])[O-].[K+].[K+]',)"
5336,5,"('O.CCOC(C)=O.C1COCCO1',)","('O=P([O-])([O-])[O-].[K+].[K+].[K+]',)"
5336,6,"('O.CC#N',)","('O=C([O-])O.[Na+]',)"
5336,7,"('CCO.O.COCCOC',)","('[K+].[F-]',)"
5336,8,"('CN(C)C=O.O',)","('O=C([O-])O.[Na+],O=C([O-])[O-].[Na+].[Na+]',)"
5336,9,"('Cc1ccccc1',)","('[OH-].[Na+]',)"
5336,10,"('CN(C)C=O',)","('[Cs+].[F-]',)"
5356,1,"('O.C1COCCO1',)","('O=C([O-])[O-].[Cs+].[Cs+]',)"
5356,2,"('O.CCOC(C)=O.C1COCCO1',)","('O=C([O-])[O-].[Na+].[Na+]',)"
5356,3,"('CN(C)C=O',)","('O=C([O-])[O-].[K+].[K+]',)"
5356,4,"('CCO.Cc1ccccc1.O',)","('O=P([O-])([O-])[O-].[K+].[K+].[K+]',)"
5356,5,"('O.C1COCCO1.ClCCl',)","('No Base',)"
5356,6,"('COCCOC',)","('O=C([O-])O.[Na+]',)"
5356,7,"('CCO.Cc1ccccc1',)","('CCN(CC)CC',)"
5356,8,"('C1COCCO1',)","('[K+].[F-]',)"
5356,9,"('No Solvent',)","('[Cs+].[F-]',)"
5356,10,"('O.COCCOC',)","('[OH-].[Na+]',)"
5042,1,"('C1COCCO1',)","('O=C([O-])[O-].[Cs+].[Cs+]',)"
5042,2,"('CCOC(C)=O.C1COCCO1',)","('O=P([O-])([O-])[O-].[K+].[K+].[K+]',)"
5042,3,"('O.C1COCCO1',)","('O=C([O-])[O-].[Na+].[Na+]',)"
5042,4,"('CN(C)C=O',)","('O=C([O-])O.[Na+]',)"
5042,5,"('CCO.Cc1ccccc1',)","('O=C([O-])[O-].[K+].[K+]',)"
5042,6,"('COCCOC',)","('[Cs+].[F-]',)"
5042,7,"('O.C1CCOC1.CCOC(C)=O',)","('No Base',)"
5042,8,"('O.CCOC(C)=O.C1COCCO1',)","('O=C([O-])O.[Na+],O=C([O-])[O-].[Na+].[Na+]',)"
5042,9,"('O.COCCOC',)","('CC(=O)[O-].[K+]',)"
5042,10,"('CN(C)C=O.O',)","('[K+].[F-]',)"
5245,1,"('O.C1COCCO1',)","('O=C([O-])[O-].[Na+].[Na+]',)"
5245,2,"('O.COCCOC',)","('O=C([O-])[O-].[K+].[K+]',)"
5245,3,"('COCCOC',)","('O=P([O-])([O-])[O-].[K+].[K+].[K+]',)"
5245,4,"('CCO.Cc1ccccc1.CCOC(C)=O',)","('No Base',)"
5245,5,"('COCCOC.CCOC(C)=O',)","('O=C([O-])[O-].[Cs+].[Cs+]',)"
5245,6,"('O.CC#N',)","('O=C([O-])O.[Na+]',)"
5245,7,"('O.CCOC(C)=O.C1COCCO1',)","('O=C([O-])O.[Na+],O=C([O-])[O-].[Na+].[Na+]',)"
5245,8,"('CN(C)C=O.O',)","('[Cs+].[F-]',)"
5245,9,"('CCO.Cc1ccccc1.O',)","('[OH-].[Na+]',)"
5245,10,"('CCO.COCCOC',)","('CCN(CC)CC',)"
4833,1,"('CN(C)C=O',)","('O=C([O-])[O-].[Na+].[Na+]',)"
4833,2,"('O.C1COCCO1',)","('O=P([O-])([O-])[O-].[K+].[K+].[K+]',)"
4833,3,"('CN(C)C=O.O',)","('O=C([O-])[O-].[K+].[K+]',)"
4833,4,"('O.COCCOC',)","('O=C([O-])[O-].[Cs+].[Cs+]',)"
4833,5,"('C1COCCO1',)","('No Base',)"
4833,6,"('Cc1ccccc1.O',)","('O=C([O-])O.[Na+]',)"
4833,7,"('CCO.Cc1ccccc1',)","('[Cs+].[F-]',)"
4833,8,"('C1COCCO1.ClCCl',)","('O=C([O-])O.[Na+],O=C([O-])[O-].[Na+].[Na+]',)"
4833,9,"('No Solvent',)","('CCN(CC)CC',)"
4833,10,"('CCO.Cc1ccccc1.O',)","('[K+].[F-]',)"
1259,1,"('CCO.Cc1ccccc1',)","('O=C([O-])[O-].[K+].[K+]',)"
1259,2,"('ClCCl',)","('O=C([O-])[O-].[Na+].[Na+]',)"
1259,3,"('COCCOC',)","('No Base',)"
1259,4,"('No Solvent',)","('O=C([O-])[O-].[Cs+].[Cs+]',)"
1259,5,"('CCO.Cc1ccccc1.O',)","('O=C([O-])O.[Na+]',)"
1259,6,"('O.C1COCCO1',)","('[K+].[F-]',)"
1259,7,"('C1COCCO1',)","('[Cs+].[F-]',)"
1259,8,"('O.COCCOC',)","('O=P([O-])([O-])[O-].[K+].[K+].[K+]',)"
1259,9,"('CN(C)C=O',)","('[OH-].[Na+]',)"
1259,10,"('O.C1CCOC1',)","('CCN(CC)CC',)"
3260,1,"('CCO.Cc1ccccc1',)","('O=C([O-])[O-].[Na+].[Na+]',)"
3260,2,"('C1COCCO1',)","('O=C([O-])[O-].[Cs+].[Cs+]',)"
3260,3,"('O.CC#N',)","('O=C([O-])O.[Na+]',)"
3260,4,"('O.C1COCCO1',)","('O=P([O-])([O-])[O-].[K+].[K+].[K+]',)"
3260,5,"('O.COCCOC',)","('O=C([O-])[O-].[K+].[K+]',)"
3260,6,"('Cc1ccccc1',)","('O=C([O-])O.[Na+],O=C([O-])[O-].[Na+].[Na+]',)"
3260,7,"('COCCOC',)","('[K+].[F-]',)"
3260,8,"('CN(C)C=O',)","('No Base',)"
3260,9,"('CN(C)C=O.O',)","('[Cs+].[F-]',)"
3260,10,"('O.COCCOC.ClCCl',)","('CCN(CC)CC',)"
1042,1,"('CN(C)C=O',)","('O=C([O-])[O-].[K+].[K+]',)"
1042,2,"('O.C1COCCO1',)","('O=C([O-])[O-].[Cs+].[Cs+]',)"
1042,3,"('C1CCOC1',)","('[OH-].[Na+]',)"
1042,4,"('No Solvent',)","('O=C([O-])[O-].[Na+].[Na+]',)"
1042,5,"('CCO.Cc1ccccc1',)","('O=C([O-])O.[Na+]',)"
1042,6,"('CCO.Cc1ccccc1.O',)","('O=P([O-])([O-])[O-].[K+].[K+].[K+]',)"
1042,7,"('O.COCCOC',)","('O=C([O-])O.[Na+],O=C([O-])[O-].[Na+].[Na+]',)"
1042,8,"('C1COCCO1',)","('[OH-].[K+]',)"
1042,9,"('O.C1CCOC1',)","('No Base',)"
1042,10,"('CO.O',)","('CCN(CC)CC',)"
2788,1,"('O.COCCOC',)","('O=C([O-])[O-].[Na+].[Na+]',)"
2788,2,"('CCO.Cc1ccccc1.O',)","('O=C([O-])[O-].[K+].[K+]',)"
2788,3,"('O.CC#N',)","('O=C([O-])O.[Na+]',)"
2788,4,"('COCCOC',)","('O=C([O-])[O-].[Cs+].[Cs+]',)"
2788,5,"('CN(C)C=O.O',)","('O=P([O-])([O-])[O-].[K+].[K+].[K+]',)"
2788,6,"('C1CCOC1',)","('O=C([O-])O.[Na+],O=C([O-])[O-].[Na+].[Na+]',)"
2788,7,"('CCCO',)","('No Base',)"
2788,8,"('C1COCCO1.ClCCl',)","('[Cs+].[F-]',)"
2788,9,"('Cc1ccccc1.O',)","('CCN(CC)CC',)"
2788,10,"('Cc1ccccc1',)","('[K+].[F-]',)"
1659,1,"('CCO.COCCOC',)","('O=C([O-])[O-].[Na+].[Na+]',)"
1659,2,"('C1COCCO1',)","('O=C([O-])[O-].[K+].[K+]',)"
1659,3,"('O.C1COCCO1',)","('No Base',)"
1659,4,"('CN(C)C=O.O',)","('O=P([O-])([O-])[O-].[K+].[K+].[K+]',)"
1659,5,"('O.COCCOC',)","('O=C([O-])O.[Na+]',)"
1659,6,"('No Solvent',)","('O=C([O-])[O-].[Cs+].[Cs+]',)"
1659,7,"('COCCOC',)","('[Cs+].[F-]',)"
1659,8,"('CN(C)C=O',)","('CCN(CC)CC',)"
1659,9,"('CCO.O.COCCOC',)","('O=C([O-])O.[Na+],O=C([O-])[O-].[Na+].[Na+]',)"
1659,10,"('O.C1CCOC1',)","('[K+].[F-]',)"
468,1,"('O.C1COCCO1',)","('O=C([O-])[O-].[Na+].[Na+]',)"
468,2,"('O.COCCOC.ClCCl',)","('O=C([O-])[O-].[K+].[K+]',)"
468,3,"('O.COCCOC',)","('O=C([O-])[O-].[Cs+].[Cs+]',)"
468,4,"('No Solvent',)","('No Base',)"
468,5,"('C1COCCO1',)","('O=P([O-])([O-])[O-].[K+].[K+].[K+]',)"
468,6,"('CN(C)C=O',)","('O=C([O-])O.[Na+]',)"
468,7,"('COCCOC.ClCCl',)","('[Cs+].[F-]',)"
468,8,"('CCO.Cc1ccccc1',)","('[OH-].[Na+]',)"
468,9,"('COCCOC',)","('[K+].[F-]',)"
468,10,"('CN(C)C=O.O',)","('CC(=O)[O-].[K+]',)"
2905,1,"('Cc1ccccc1.O.ClCCl',)","('O=C([O-])[O-].[Cs+].[Cs+]',)"
2905,2,"('O.CCOC(C)=O.C1COCCO1',)","('O=C([O-])[O-].[K+].[K+]',)"
2905,3,"('O.C1COCCO1',)","('O=C([O-])[O-].[Na+].[Na+]',)"
2905,4,"('O.COCCOC',)","('O=C([O-])O.[Na+],O=C([O-])[O-].[Na+].[Na+]',)"
2905,5,"('CCO.O.COCCOC',)","('O=P([O-])([O-])[O-].[K+].[K+].[K+]',)"
2905,6,"('O.CC#N',)","('No Base',)"
2905,7,"('CN(C)C=O',)","('O=C([O-])O.[Na+]',)"
2905,8,"('CN(C)C=O.O',)","('[K+].[F-]',)"
2905,9,"('No Solvent',)","('[Cs+].[F-]',)"
2905,10,"('CCO.Cc1ccccc1',)","('[OH-].[Na+]',)"
3558,1,"('O.COCCOC.ClCCl',)","('O=C([O-])[O-].[Na+].[Na+]',)"
3558,2,"('O.C1COCCO1',)","('O=C([O-])[O-].[K+].[K+]',)"
3558,3,"('Cc1ccccc1',)","('O=C([O-])O.[Na+]',)"
3558,4,"('COCCOC',)","('O=P([O-])([O-])[O-].[K+].[K+].[K+]',)"
3558,5,"('CCO.Cc1ccccc1',)","('O=C([O-])[O-].[Cs+].[Cs+]',)"
3558,6,"('O.COCCOC',)","('No Base',)"
3558,7,"('CCO.Cc1ccccc1.O',)","('O=C([O-])O.[Na+],O=C([O-])[O-].[Na+].[Na+]',)"
3558,8,"('CN(C)C=O.O',)","('[Cs+].[F-]',)"
3558,9,"('No Solvent',)","('[K+].[F-]',)"
3558,10,"('O.CCOC(C)=O.C1COCCO1',)","('[OH-].[Na+]',)"
2025,1,"('CN(C)C=O',)","('O=C([O-])[O-].[Na+].[Na+]',)"
2025,2,"('CCO.Cc1ccccc1.O',)","('O=P([O-])([O-])[O-].[K+].[K+].[K+]',)"
2025,3,"('O.COCCOC',)","('O=C([O-])[O-].[K+].[K+]',)"
2025,4,"('O.C1COCCO1',)","('No Base',)"
2025,5,"('COCCOC',)","('O=C([O-])O.[Na+]',)"
2025,6,"('O.CCOC(C)=O.C1COCCO1',)","('O=C([O-])[O-].[Cs+].[Cs+]',)"
2025,7,"('O.C1CCOC1',)","('CCN(CC)CC',)"
2025,8,"('CCO.Cc1ccccc1',)","('O=C([O-])O.[Na+],O=C([O-])[O-].[Na+].[Na+]',)"
2025,9,"('Cc1ccccc1.O',)","('[K+].[F-]',)"
2025,10,"('CN(C)C=O.O',)","('[OH-].[Na+]',)"
3893,1,"('CCOC(C)=O.C1COCCO1',)","('O=C([O-])[O-].[Cs+].[Cs+]',)"
3893,2,"('No Solvent',)","('O=C([O-])[O-].[K+].[K+]',)"
3893,3,"('O.COCCOC',)","('O=C([O-])[O-].[Na+].[Na+]',)"
3893,4,"('O.C1COCCO1.ClCCl',)","('O=P([O-])([O-])[O-].[K+].[K+].[K+]',)"
3893,5,"('O.C1CCOC1',)","('O=C([O-])O.[Na+]',)"
3893,6,"('O.C1COCCO1',)","('No Base',)"
3893,7,"('COCCOC',)","('[K+].[F-]',)"
3893,8,"('CN(C)C=O.O',)","('[Cs+].[F-]',)"
3893,9,"('C1COCCO1',)","('CCN(CC)CC',)"
3893,10,"('O.C1CCOC1.CCOC(C)=O',)","('[OH-].[Na+]',)"
2789,1,"('O.CCOC(C)=O.C1COCCO1',)","('O=C([O-])[O-].[Na+].[Na+]',)"
2789,2,"('O.COCCOC.ClCCl',)","('O=C([O-])O.[Na+]',)"
2789,3,"('O.C1COCCO1',)","('O=C([O-])[O-].[K+].[K+]',)"
2789,4,"('No Solvent',)","('O=C([O-])[O-].[Cs+].[Cs+]',)"
2789,5,"('CN(C)C=O',)","('O=P([O-])([O-])[O-].[K+].[K+].[K+]',)"
2789,6,"('C1COCCO1',)","('No Base',)"
2789,7,"('Cc1ccccc1',)","('[Cs+].[F-]',)"
2789,8,"('O.COCCOC',)","('CCN(CC)CC',)"
2789,9,"('CN(C)C=O.O',)","('O=C([O-])O.[Na+],O=C([O-])[O-].[Na+].[Na+]',)"
2789,10,"('COCCOC',)","('[K+].[F-]',)"
4643,1,"('Cc1ccccc1.O',)","('O=C([O-])[O-].[Na+].[Na+]',)"
4643,2,"('CCO.Cc1ccccc1',)","('O=C([O-])[O-].[K+].[K+]',)"
4643,3,"('CN(C)C=O.O',)","('O=P([O-])([O-])[O-].[K+].[K+].[K+]',)"
4643,4,"('O.COCCOC',)","('O=C([O-])[O-].[Cs+].[Cs+]',)"
4643,5,"('C1COCCO1',)","('[OH-].[Na+]',)"
4643,6,"('O.CCOC(C)=O.C1COCCO1',)","('O=C([O-])O.[Na+]',)"
4643,7,"('CCO.Cc1ccccc1.O',)","('CCN(CC)CC',)"
4643,8,"('O.CC#N',)","('No Base',)"
4643,9,"('C1CCOC1',)","('[K+].[F-]',)"
4643,10,"('C1CCOC1.CCOC(C)=O',)","('O=C([O-])O.[Na+],O=C([O-])[O-].[Na+].[Na+]',)"
716,1,"('O.C1COCCO1',)","('O=C([O-])[O-].[Na+].[Na+]',)"
716,2,"('COCCOC',)","('O=C([O-])[O-].[K+].[K+]',)"
716,3,"('COCCOC.CCOC(C)=O',)","('O=C([O-])[O-].[Cs+].[Cs+]',)"
716,4,"('CCO.Cc1ccccc1',)","('O=P([O-])([O-])[O-].[K+].[K+].[K+]',)"
716,5,"('O.COCCOC',)","('No Base',)"
716,6,"('O.CCOC(C)=O.C1COCCO1',)","('O=C([O-])O.[Na+]',)"
716,7,"('CCO.Cc1ccccc1.O',)","('O=C([O-])O.[Na+],O=C([O-])[O-].[Na+].[Na+]',)"
716,8,"('CN(C)C=O',)","('[Cs+].[F-]',)"
716,9,"('C1CCOC1',)","('CCN(CC)CC',)"
716,10,"('O.C1COCCO1.ClCCl',)","('[OH-].[Na+]',)"
4992,1,"('COCCOC',)","('O=C([O-])[O-].[Na+].[Na+]',)"
4992,2,"('CN(C)C=O.O',)","('O=C([O-])[O-].[K+].[K+]',)"
4992,3,"('O.C1COCCO1',)","('O=C([O-])[O-].[Cs+].[Cs+]',)"
4992,4,"('C1COCCO1',)","('O=C([O-])O.[Na+]',)"
4992,5,"('No Solvent',)","('No Base',)"
4992,6,"('CCO.Cc1ccccc1.O',)","('O=P([O-])([O-])[O-].[K+].[K+].[K+]',)"
4992,7,"('CN(C)C=O',)","('CCN(CC)CC',)"
4992,8,"('CCO.O.COCCOC',)","('[Cs+].[F-]',)"
4992,9,"('O.COCCOC.CCOC(C)=O',)","('[K+].[F-]',)"
4992,10,"('O.CC#N',)","('[OH-].[Na+]',)"
3180,1,"('CN(C)C=O',)","('O=C([O-])[O-].[Cs+].[Cs+]',)"
3180,2,"('O.C1COCCO1',)","('O=C([O-])[O-].[Na+].[Na+]',)"
3180,3,"('O.C1COCCO1.ClCCl',)","('O=C([O-])[O-].[K+].[K+]',)"
3180,4,"('No Solvent',)","('No Base',)"
3180,5,"('C1CCOC1',)","('O=P([O-])([O-])[O-].[K+].[K+].[K+]',)"
3180,6,"('C1COCCO1.ClCCl',)","('[OH-].[Na+]',)"
3180,7,"('C1COCCO1',)","('CCN(CC)CC',)"
3180,8,"('CCO.Cc1ccccc1.O',)","('O=C([O-])O.[Na+]',)"
3180,9,"('COCCOC',)","('[Cs+].[F-]',)"
3180,10,"('COCCOC.CCOC(C)=O',)","('O=C([O-])O.[Na+],O=C([O-])[O-].[Na+].[Na+]',)"
4880,1,"('O.C1COCCO1',)","('O=C([O-])[O-].[Cs+].[Cs+]',)"
4880,2,"('CN(C)C=O',)","('O=C([O-])[O-].[Na+].[Na+]',)"
4880,3,"('CCO.Cc1ccccc1.O',)","('O=C([O-])[O-].[K+].[K+]',)"
4880,4,"('No Solvent',)","('O=P([O-])([O-])[O-].[K+].[K+].[K+]',)"
4880,5,"('C1COCCO1',)","('No Base',)"
4880,6,"('COCCOC',)","('O=C([O-])O.[Na+]',)"
4880,7,"('O.CCOC(C)=O.C1COCCO1',)","('[K+].[F-]',)"
4880,8,"('O.C1COCCO1.ClCCl',)","('[Cs+].[F-]',)"
4880,9,"('CCO.Cc1ccccc1',)","('CCN(CC)CC',)"
4880,10,"('CN(C)C=O.O',)","('O=C([O-])O.[Na+],O=C([O-])[O-].[Na+].[Na+]',)"
1465,1,"('CC#N',)","('O=C([O-])[O-].[Na+].[Na+]',)"
1465,2,"('O.C1COCCO1',)","('O=C([O-])[O-].[K+].[K+]',)"
1465,3,"('O.COCCOC',)","('O=C([O-])[O-].[Cs+].[Cs+]',)"
1465,4,"('CN(C)C=O.O.CC#N',)","('O=P([O-])([O-])[O-].[K+].[K+].[K+]',)"
1465,5,"('Cc1ccccc1.O',)","('No Base',)"
1465,6,"('Cc1ccccc1',)","('O=C([O-])O.[Na+]',)"
1465,7,"('CN(C)C=O',)","('CCN(CC)CC',)"
1465,8,"('COCCOC.ClCCl',)","('[Cs+].[F-]',)"
1465,9,"('O.CC#N',)","('O=C([O-])O.[Na+],O=C([O-])[O-].[Na+].[Na+]',)"
1465,10,"('COCCOC',)","('CC(=O)[O-].[K+]',)"
5195,1,"('No Solvent',)","('O=C([O-])[O-].[K+].[K+]',)"
5195,2,"('CCO.Cc1ccccc1.O',)","('No Base',)"
5195,3,"('COCCOC',)","('O=C([O-])[O-].[Na+].[Na+]',)"
5195,4,"('O.COCCOC.CCOC(C)=O',)","('O=C([O-])O.[Na+]',)"
5195,5,"('O.C1COCCO1',)","('O=C([O-])[O-].[Cs+].[Cs+]',)"
5195,6,"('O.COCCOC',)","('[K+].[F-]',)"
5195,7,"('CN(C)C=O',)","('O=P([O-])([O-])[O-].[K+].[K+].[K+]',)"
5195,8,"('CN(C)C=O.O',)","('O=C([O-])O.[Na+],O=C([O-])[O-].[Na+].[Na+]',)"
5195,9,"('CCO.Cc1ccccc1',)","('CCN(CC)CC',)"
5195,10,"('O.C1CCOC1',)","('[Cs+].[F-]',)"
4925,1,"('O.C1COCCO1',)","('O=C([O-])[O-].[Cs+].[Cs+]',)"
4925,2,"('CN(C)C=O',)","('O=C([O-])[O-].[Na+].[Na+]',)"
4925,3,"('O.C1COCCO1.ClCCl',)","('O=C([O-])[O-].[K+].[K+]',)"
4925,4,"('O.CCOC(C)=O.C1COCCO1',)","('O=C([O-])O.[Na+]',)"
4925,5,"('CCO.Cc1ccccc1.O',)","('O=P([O-])([O-])[O-].[K+].[K+].[K+]',)"
4925,6,"('No Solvent',)","('No Base',)"
4925,7,"('O.COCCOC',)","('[K+].[F-]',)"
4925,8,"('C1COCCO1',)","('[Cs+].[F-]',)"
4925,9,"('CN(C)C=O.O',)","('O=P([O-])([O-])[O-].[Na+].[Na+].[Na+],CC(=O)[O-].[Na+],CC(=O)[O-].[K+],O=P([O-])([O-])[O-].[K+].[K+].[K+]',)"
4925,10,"('COCCOC',)","('CCN(CC)CC',)"
968,1,"('No Solvent',)","('O=C([O-])[O-].[Cs+].[Cs+]',)"
968,2,"('CN(C)C=O.O',)","('O=C([O-])[O-].[Na+].[Na+]',)"
968,3,"('COCCOC',)","('O=C([O-])[O-].[K+].[K+]',)"
968,4,"('O.C1COCCO1',)","('O=P([O-])([O-])[O-].[K+].[K+].[K+]',)"
968,5,"('CN(C)C=O',)","('O=C([O-])O.[Na+]',)"
968,6,"('O.CC#N',)","('[K+].[F-]',)"
968,7,"('CCO.Cc1ccccc1.O',)","('No Base',)"
968,8,"('C1COCCO1',)","('CCN(CC)CC',)"
968,9,"('CC#N',)","('[Cs+].[F-]',)"
968,10,"('CN(C)C=O.ClCCl',)","('O=C([O-])O.[Na+],O=C([O-])[O-].[Na+].[Na+]',)"
885,1,"('O.COCCOC',)","('O=C([O-])[O-].[Na+].[Na+]',)"
885,2,"('COCCOC',)","('O=C([O-])[O-].[K+].[K+]',)"
885,3,"('O.C1COCCO1',)","('O=P([O-])([O-])[O-].[K+].[K+].[K+]',)"
885,4,"('C1COCCO1',)","('No Base',)"
885,5,"('Cc1ccccc1',)","('O=C([O-])[O-].[Cs+].[Cs+]',)"
885,6,"('No Solvent',)","('O=C([O-])O.[Na+]',)"
885,7,"('CCO.Cc1ccccc1.O',)","('[OH-].[Na+]',)"
885,8,"('CCO.Cc1ccccc1',)","('[Cs+].[F-]',)"
885,9,"('O.CCOC(C)=O.C1COCCO1',)","('O=C([O-])O.[Na+],O=C([O-])[O-].[Na+].[Na+]',)"
885,10,"('CN(C)C=O',)","('[K+].[F-]',)"
4281,1,"('CN(C)C=O.O',)","('O=C([O-])O.[Na+]',)"
4281,2,"('C1COCCO1',)","('O=C([O-])[O-].[K+].[K+]',)"
4281,3,"('C1COCCO1.ClCCl',)","('O=P([O-])([O-])[O-].[K+].[K+].[K+]',)"
4281,4,"('COCCOC',)","('O=C([O-])[O-].[Na+].[Na+]',)"
4281,5,"('CN(C)C=O',)","('No Base',)"
4281,6,"('CN(C)C=O.CCOC(C)=O',)","('[Cs+].[F-]',)"
4281,7,"('O.C1COCCO1',)","('O=C([O-])[O-].[Cs+].[Cs+]',)"
4281,8,"('O.COCCOC',)","('[K+].[F-]',)"
4281,9,"('No Solvent',)","('CCN(CC)CC',)"
4281,10,"('CCOC(C)=O.C1COCCO1',)","('CC(=O)[O-].[K+]',)"
2353,1,"('CCO.O.COCCOC',)","('O=C([O-])[O-].[Na+].[Na+]',)"
2353,2,"('O.COCCOC',)","('O=C([O-])[O-].[K+].[K+]',)"
2353,3,"('C1COCCO1',)","('No Base',)"
2353,4,"('O.CC#N',)","('O=P([O-])([O-])[O-].[K+].[K+].[K+]',)"
2353,5,"('CC#N',)","('O=C([O-])O.[Na+]',)"
2353,6,"('COCCOC',)","('O=C([O-])[O-].[Cs+].[Cs+]',)"
2353,7,"('CCO.Cc1ccccc1',)","('[Cs+].[F-]',)"
2353,8,"('O.C1COCCO1',)","('O=C([O-])O.[Na+],O=C([O-])[O-].[Na+].[Na+]',)"
2353,9,"('O.CCOC(C)=O.C1COCCO1',)","('CC(=O)[O-].[K+]',)"
2353,10,"('O.C1CCOC1',)","('CCN(CC)CC',)"
1207,1,"('O.COCCOC',)","('O=C([O-])[O-].[K+].[K+]',)"
1207,2,"('COCCOC',)","('O=C([O-])[O-].[Na+].[Na+]',)"
1207,3,"('CCO.Cc1ccccc1',)","('No Base',)"
1207,4,"('O.C1COCCO1',)","('O=P([O-])([O-])[O-].[K+].[K+].[K+]',)"
1207,5,"('Cc1ccccc1',)","('O=C([O-])O.[Na+]',)"
1207,6,"('O.CCOC(C)=O.COCCOC',)","('O=C([O-])[O-].[Cs+].[Cs+]',)"
1207,7,"('Cc1ccccc1.O',)","('O=C([O-])O.[Na+],O=C([O-])[O-].[Na+].[Na+]',)"
1207,8,"('C1CCOC1',)","('[OH-].[Na+]',)"
1207,9,"('C1COCCO1',)","('CCN(CC)CC',)"
1207,10,"('CCO.Cc1ccccc1.O',)","('[Cs+].[F-]',)"
4671,1,"('O.C1COCCO1',)","('O=P([O-])([O-])[O-].[K+].[K+].[K+]',)"
4671,2,"('Cc1ccccc1.O',)","('O=C([O-])O.[Na+]',)"
4671,3,"('C1COCCO1',)","('O=C([O-])[O-].[Na+].[Na+]',)"
4671,4,"('O.CC#N',)","('O=C([O-])[O-].[Cs+].[Cs+]',)"
4671,5,"('O.COCCOC',)","('O=C([O-])[O-].[K+].[K+]',)"
4671,6,"('CN(C)C=O',)","('No Base',)"
4671,7,"('O.COCCOC.ClCCl',)","('[K+].[F-]',)"
4671,8,"('COCCOC.CCOC(C)=O',)","('[Cs+].[F-]',)"
4671,9,"('O.COCCOC.CCOC(C)=O',)","('[OH-].[Na+]',)"
4671,10,"('CN(C)C=O.O',)","('O=C([O-])O.[Na+],O=C([O-])[O-].[Na+].[Na+]',)"
1438,1,"('O.C1COCCO1',)","('O=C([O-])[O-].[Na+].[Na+]',)"
1438,2,"('CCO.Cc1ccccc1.O',)","('O=C([O-])[O-].[K+].[K+]',)"
1438,3,"('O.C1COCCO1.ClCCl',)","('O=C([O-])[O-].[Cs+].[Cs+]',)"
1438,4,"('No Solvent',)","('O=P([O-])([O-])[O-].[K+].[K+].[K+]',)"
1438,5,"('O.COCCOC',)","('No Base',)"
1438,6,"('CN(C)C=O.O',)","('O=C([O-])O.[Na+]',)"
1438,7,"('COCCOC',)","('CCN(CC)CC',)"
1438,8,"('O.CCOC(C)=O.C1COCCO1',)","('[K+].[F-]',)"
1438,9,"('CCO.O.COCCOC',)","('[Cs+].[F-]',)"
1438,10,"('O.C1CCOC1',)","('O=C([O-])O.[Na+],O=C([O-])[O-].[Na+].[Na+]',)"
2622,1,"('CC#N',)","('O=C([O-])[O-].[Na+].[Na+]',)"
2622,2,"('O.C1COCCO1',)","('O=C([O-])[O-].[K+].[K+]',)"
2622,3,"('COCCOC',)","('O=C([O-])[O-].[Cs+].[Cs+]',)"
2622,4,"('No Solvent',)","('O=P([O-])([O-])[O-].[K+].[K+].[K+]',)"
2622,5,"('CN(C)C=O',)","('O=C([O-])O.[Na+]',)"
2622,6,"('CCO.Cc1ccccc1.O',)","('[K+].[F-]',)"
2622,7,"('Cc1ccccc1',)","('No Base',)"
2622,8,"('O.CCOC(C)=O.C1COCCO1',)","('O=C([O-])O.[Na+],O=C([O-])[O-].[Na+].[Na+]',)"
2622,9,"('O.C1CCOC1',)","('[OH-].[Na+]',)"
2622,10,"('C1COCCO1',)","('CCN(CC)CC',)"
1587,1,"('O.COCCOC',)","('O=C([O-])[O-].[Na+].[Na+]',)"
1587,2,"('O.C1COCCO1',)","('O=C([O-])[O-].[K+].[K+]',)"
1587,3,"('CCO.Cc1ccccc1.O',)","('O=P([O-])([O-])[O-].[K+].[K+].[K+]',)"
1587,4,"('O.CCOC(C)=O.C1COCCO1',)","('O=C([O-])[O-].[Cs+].[Cs+]',)"
1587,5,"('Cc1ccccc1.O',)","('No Base',)"
1587,6,"('COCCOC',)","('O=C([O-])O.[Na+],O=C([O-])[O-].[Na+].[Na+]',)"
1587,7,"('CN(C)C=O.O',)","('[K+].[F-]',)"
1587,8,"('No Solvent',)","('O=C([O-])O.[Na+]',)"
1587,9,"('C1COCCO1',)","('CCN(CC)CC',)"
1587,10,"('CN(C)C=O',)","('[Cs+].[F-]',)"
1663,1,"('O.C1COCCO1',)","('O=C([O-])[O-].[Na+].[Na+]',)"
1663,2,"('No Solvent',)","('O=C([O-])[O-].[K+].[K+]',)"
1663,3,"('CN(C)C=O',)","('O=C([O-])[O-].[Cs+].[Cs+]',)"
1663,4,"('O.COCCOC',)","('No Base',)"
1663,5,"('C1COCCO1.ClCCl',)","('O=P([O-])([O-])[O-].[K+].[K+].[K+]',)"
1663,6,"('O.CCOC(C)=O.C1COCCO1',)","('O=C([O-])O.[Na+]',)"
1663,7,"('CCO.Cc1ccccc1',)","('[K+].[F-]',)"
1663,8,"('O.C1COCCO1.ClCCl',)","('CCN(CC)CC',)"
1663,9,"('C1COCCO1',)","('[Cs+].[F-]',)"
1663,10,"('CC#N',)","('[OH-].[Na+]',)"
1974,1,"('C1COCCO1.ClCCl',)","('O=C([O-])[O-].[Na+].[Na+]',)"
1974,2,"('C1COCCO1',)","('O=C([O-])[O-].[Cs+].[Cs+]',)"
1974,3,"('O.C1COCCO1',)","('No Base',)"
1974,4,"('COCCOC',)","('O=C([O-])O.[Na+]',)"
1974,5,"('O.C1COCCO1.ClCCl',)","('O=P([O-])([O-])[O-].[K+].[K+].[K+]',)"
1974,6,"('CN(C)C=O',)","('O=C([O-])[O-].[K+].[K+]',)"
1974,7,"('O.CCOC(C)=O.C1COCCO1',)","('[Cs+].[F-]',)"
1974,8,"('O.COCCOC.ClCCl',)","('[K+].[F-]',)"
1974,9,"('O.CC#N',)","('CCN(CC)CC',)"
1974,10,"('No Solvent',)","('O=C([O-])O.[Na+],O=C([O-])[O-].[Na+].[Na+]',)"
4157,1,"('COCCOC.CCOC(C)=O.ClCCl',)","('O=C([O-])[O-].[Na+].[Na+]',)"
4157,2,"('CO.COCCOC.CCOC(C)=O.ClCCl',)","('O=C([O-])O.[Na+],O=C([O-])[O-].[Na+].[Na+]',)"
4157,3,"('COCCOC.ClCCl',)","('O=C([O-])[O-].[K+].[K+]',)"
4157,4,"('O.COCCOC',)","('No Base',)"
4157,5,"('O.COCCOC.ClCCl',)","('O=C([O-])[O-].[Cs+].[Cs+]',)"
4157,6,"('C1COCCO1',)","('O=C([O-])O.[Na+]',)"
4157,7,"('O.CC#N',)","('O=P([O-])([O-])[O-].[K+].[K+].[K+]',)"
4157,8,"('COCCOC',)","('[K+].[F-]',)"
4157,9,"('CCO.Cc1ccccc1',)","('[OH-].[Na+]',)"
4157,10,"('O.C1COCCO1',)","('[Cs+].[F-]',)"
936,1,"('COCCOC',)","('O=C([O-])[O-].[Na+].[Na+]',)"
936,2,"('O.C1COCCO1',)","('O=C([O-])[O-].[Cs+].[Cs+]',)"
936,3,"('O.CCOC(C)=O.C1COCCO1',)","('O=P([O-])([O-])[O-].[K+].[K+].[K+]',)"
936,4,"('C1COCCO1',)","('O=C([O-])[O-].[K+].[K+]',)"
936,5,"('CN(C)C=O',)","('No Base',)"
936,6,"('COCCOC.ClCCl',)","('[K+].[F-]',)"
936,7,"('No Solvent',)","('O=C([O-])O.[Na+]',)"
936,8,"('CCO.Cc1ccccc1.O',)","('CCN(CC)CC',)"
936,9,"('CN(C)C=O.O',)","('[Cs+].[F-]',)"
936,10,"('C1CCOC1',)","('CC(=O)[O-].[K+]',)"
1436,1,"('No Solvent',)","('O=C([O-])[O-].[K+].[K+]',)"
1436,2,"('CN(C)C=O',)","('O=C([O-])[O-].[Na+].[Na+]',)"
1436,3,"('O.C1COCCO1',)","('O=P([O-])([O-])[O-].[K+].[K+].[K+]',)"
1436,4,"('CN(C)C=O.O',)","('O=C([O-])O.[Na+]',)"
1436,5,"('C1COCCO1',)","('No Base',)"
1436,6,"('Cc1ccccc1.O',)","('O=C([O-])[O-].[Cs+].[Cs+]',)"
1436,7,"('CCO.O.COCCOC',)","('O=C([O-])O.[Na+],O=C([O-])[O-].[Na+].[Na+]',)"
1436,8,"('COCCOC',)","('[K+].[F-]',)"
1436,9,"('O.COCCOC',)","('[Cs+].[F-]',)"
1436,10,"('CCO.Cc1ccccc1',)","('[OH-].[Na+]',)"
5230,1,"('CCO.Cc1ccccc1.O',)","('O=C([O-])[O-].[K+].[K+]',)"
5230,2,"('CCO.Cc1ccccc1',)","('O=C([O-])[O-].[Na+].[Na+]',)"
5230,3,"('O.COCCOC',)","('O=C([O-])O.[Na+]',)"
5230,4,"('O.CCOC(C)=O.C1COCCO1',)","('O=C([O-])[O-].[Cs+].[Cs+]',)"
5230,5,"('O.CCOC(C)=O',)","('No Base',)"
5230,6,"('O.C1COCCO1',)","('O=P([O-])([O-])[O-].[K+].[K+].[K+]',)"
5230,7,"('CC#N',)","('O=C([O-])O.[Na+],O=C([O-])[O-].[Na+].[Na+]',)"
5230,8,"('No Solvent',)","('CCN(CC)CC',)"
5230,9,"('O.C1CCOC1',)","('[Cs+].[F-]',)"
5230,10,"('C1CCOC1',)","('CCN(C(C)C)C(C)C',)"
1339,1,"('O.COCCOC',)","('O=C([O-])[O-].[Na+].[Na+]',)"
1339,2,"('O.C1COCCO1',)","('O=C([O-])[O-].[K+].[K+]',)"
1339,3,"('CN(C)C=O',)","('O=C([O-])[O-].[Cs+].[Cs+]',)"
1339,4,"('C1COCCO1',)","('O=P([O-])([O-])[O-].[K+].[K+].[K+]',)"
1339,5,"('COCCOC',)","('No Base',)"
1339,6,"('CCO.Cc1ccccc1.O',)","('O=C([O-])O.[Na+]',)"
1339,7,"('CCO.Cc1ccccc1',)","('[Cs+].[F-]',)"
1339,8,"('No Solvent',)","('O=C([O-])O.[Na+],O=C([O-])[O-].[Na+].[Na+]',)"
1339,9,"('CCO.O.COCCOC',)","('[K+].[F-]',)"
1339,10,"('O.CC#N',)","('[OH-].[Na+]',)"
2428,1,"('O.C1COCCO1',)","('O=C([O-])[O-].[Na+].[Na+]',)"
2428,2,"('O.COCCOC',)","('O=C([O-])[O-].[K+].[K+]',)"
2428,3,"('COCCOC',)","('O=C([O-])[O-].[Cs+].[Cs+]',)"
2428,4,"('O.CCOC(C)=O.C1COCCO1',)","('O=P([O-])([O-])[O-].[K+].[K+].[K+]',)"
2428,5,"('No Solvent',)","('No Base',)"
2428,6,"('CN(C)C=O',)","('O=C([O-])O.[Na+]',)"
2428,7,"('CCO.Cc1ccccc1.O',)","('[Cs+].[F-]',)"
2428,8,"('O.CC#N',)","('O=C([O-])O.[Na+],O=C([O-])[O-].[Na+].[Na+]',)"
2428,9,"('COCCOC.ClCCl',)","('[K+].[F-]',)"
2428,10,"('CCO.O.COCCOC',)","('[OH-].[Na+]',)"
881,1,"('O.COCCOC',)","('O=C([O-])[O-].[Cs+].[Cs+]',)"
881,2,"('CCO.O.COCCOC',)","('O=C([O-])[O-].[Na+].[Na+]',)"
881,3,"('No Solvent',)","('O=C([O-])[O-].[K+].[K+]',)"
881,4,"('COCCOC',)","('No Base',)"
881,5,"('O.C1COCCO1',)","('O=P([O-])([O-])[O-].[K+].[K+].[K+]',)"
881,6,"('CN(C)C=O',)","('O=C([O-])O.[Na+]',)"
881,7,"('CCO.O.COCCOC.CCOC(C)=O',)","('CC(=O)[O-].[K+]',)"
881,8,"('O.CCOC(C)=O.C1COCCO1',)","('[Cs+].[F-]',)"
881,9,"('C1CCOC1',)","('[K+].[F-]',)"
881,10,"('O.C1COCCO1.ClCCl',)","('O=C([O-])O.[Na+],O=C([O-])[O-].[Na+].[Na+]',)"
1263,1,"('O.C1COCCO1',)","('O=C([O-])[O-].[Na+].[Na+]',)"
1263,2,"('O.CCOC(C)=O.C1COCCO1',)","('O=C([O-])[O-].[K+].[K+]',)"
1263,3,"('CCO.O.COCCOC',)","('O=C([O-])[O-].[Cs+].[Cs+]',)"
1263,4,"('CN(C)C=O',)","('O=P([O-])([O-])[O-].[K+].[K+].[K+]',)"
1263,5,"('O.COCCOC',)","('No Base',)"
1263,6,"('C1CCOC1',)","('O=C([O-])O.[Na+]',)"
1263,7,"('O.C1COCCO1.ClCCl',)","('O=C([O-])O.[Na+],O=C([O-])[O-].[Na+].[Na+]',)"
1263,8,"('CCO.Cc1ccccc1.O',)","('CCN(CC)CC',)"
1263,9,"('Cc1ccccc1.O',)","('[Cs+].[F-]',)"
1263,10,"('CN(C)C=O.O',)","('[OH-].[Na+]',)"
2216,1,"('O.COCCOC',)","('O=C([O-])[O-].[Na+].[Na+]',)"
2216,2,"('O.C1COCCO1',)","('O=C([O-])[O-].[K+].[K+]',)"
2216,3,"('O.C1CCOC1',)","('No Base',)"
2216,4,"('CCO.Cc1ccccc1',)","('O=P([O-])([O-])[O-].[K+].[K+].[K+]',)"
2216,5,"('CCO.Cc1ccccc1.O',)","('O=C([O-])[O-].[Cs+].[Cs+]',)"
2216,6,"('O.COCCOC.CCOC(C)=O',)","('O=C([O-])O.[Na+]',)"
2216,7,"('COCCOC',)","('O=C([O-])O.[Na+],O=C([O-])[O-].[Na+].[Na+]',)"
2216,8,"('C1COCCO1',)","('[K+].[F-]',)"
2216,9,"('No Solvent',)","('[Cs+].[F-]',)"
2216,10,"('CN(C)C=O',)","('[OH-].[Na+]',)"
3494,1,"('No Solvent',)","('No Base',)"
3494,2,"('CCO.O',)","('O=C([O-])[O-].[Na+].[Na+]',)"
3494,3,"('O.COCCOC',)","('O=C([O-])[O-].[K+].[K+]',)"
3494,4,"('CCO.Cc1ccccc1',)","('O=C([O-])O.[Na+]',)"
3494,5,"('CN(C)C=O',)","('O=C([O-])[O-].[Cs+].[Cs+]',)"
3494,6,"('CCO.Cc1ccccc1.O',)","('O=P([O-])([O-])[O-].[K+].[K+].[K+]',)"
3494,7,"('COCCOC',)","('O=C([O-])O.[Na+],O=C([O-])[O-].[Na+].[Na+]',)"
3494,8,"('C1CCOC1',)","('CCN(CC)CC',)"
3494,9,"('CN(C)C=O.O',)","('[Cs+].[F-]',)"
3494,10,"('Cc1ccccc1.O',)","('[OH-].[Na+]',)"
4610,1,"('O.COCCOC',)","('O=C([O-])[O-].[K+].[K+]',)"
4610,2,"('COCCOC',)","('O=C([O-])O.[Na+]',)"
4610,3,"('No Solvent',)","('O=C([O-])[O-].[Na+].[Na+]',)"
4610,4,"('CCO.Cc1ccccc1',)","('No Base',)"
4610,5,"('O.C1COCCO1',)","('O=C([O-])[O-].[Cs+].[Cs+]',)"
4610,6,"('CCO.Cc1ccccc1.O',)","('O=P([O-])([O-])[O-].[K+].[K+].[K+]',)"
4610,7,"('CN(C)C=O.O',)","('[Cs+].[F-]',)"
4610,8,"('CN(C)C=O',)","('O=C([O-])O.[Na+],O=C([O-])[O-].[Na+].[Na+]',)"
4610,9,"('C1COCCO1.ClCCl',)","('[OH-].[Na+]',)"
4610,10,"('Cc1ccccc1.O',)","('[K+].[F-]',)"
1762,1,"('CCO.Cc1ccccc1.O',)","('O=C([O-])[O-].[Na+].[Na+]',)"
1762,2,"('C1COCCO1',)","('O=C([O-])[O-].[K+].[K+]',)"
1762,3,"('CN(C)C=O',)","('O=P([O-])([O-])[O-].[K+].[K+].[K+]',)"
1762,4,"('O.COCCOC',)","('O=C([O-])[O-].[Cs+].[Cs+]',)"
1762,5,"('O.C1COCCO1.ClCCl',)","('No Base',)"
1762,6,"('COCCOC',)","('O=C([O-])O.[Na+]',)"
1762,7,"('No Solvent',)","('O=C([O-])O.[Na+],O=C([O-])[O-].[Na+].[Na+]',)"
1762,8,"('O.CCOC(C)=O.C1COCCO1',)","('CCN(CC)CC',)"
1762,9,"('O.C1CCOC1',)","('[OH-].[Na+]',)"
1762,10,"('O.C1COCCO1',)","('[Cs+].[F-]',)"
4387,1,"('No Solvent',)","('O=C([O-])[O-].[Cs+].[Cs+]',)"
4387,2,"('CN(C)C=O',)","('O=C([O-])[O-].[K+].[K+]',)"
4387,3,"('O.COCCOC',)","('O=C([O-])[O-].[Na+].[Na+]',)"
4387,4,"('O.C1COCCO1',)","('No Base',)"
4387,5,"('C1COCCO1',)","('O=C([O-])O.[Na+]',)"
4387,6,"('CCO.Cc1ccccc1.O',)","('O=P([O-])([O-])[O-].[K+].[K+].[K+]',)"
4387,7,"('CCO.Cc1ccccc1',)","('[K+].[F-]',)"
4387,8,"('C1COCCO1.ClCCl',)","('[Cs+].[F-]',)"
4387,9,"('COCCOC',)","('O=C([O-])O.[Na+],O=C([O-])[O-].[Na+].[Na+]',)"
4387,10,"('CCOC(C)=O.C1COCCO1',)","('[OH-].[Na+]',)"
3753,1,"('C1COCCO1',)","('O=C([O-])[O-].[Na+].[Na+]',)"
3753,2,"('O.C1COCCO1',)","('O=C([O-])[O-].[Cs+].[Cs+]',)"
3753,3,"('O.C1CCOC1',)","('O=C([O-])[O-].[K+].[K+]',)"
3753,4,"('CN(C)C=O',)","('O=P([O-])([O-])[O-].[K+].[K+].[K+]',)"
3753,5,"('O.COCCOC',)","('No Base',)"
3753,6,"('No Solvent',)","('O=C([O-])O.[Na+]',)"
3753,7,"('COCCOC',)","('[Cs+].[F-]',)"
3753,8,"('CN(C)C=O.O',)","('O=C([O-])[O-].[Na+].[Na+],[OH-].[Na+]',)"
3753,9,"('CCO.Cc1ccccc1',)","('O=C([O-])O.[Na+],O=C([O-])[O-].[Na+].[Na+]',)"
3753,10,"('CN(C)C=O.O.CCOC(C)=O',)","('[K+].[F-]',)"
3606,1,"('O.COCCOC',)","('O=C([O-])[O-].[Na+].[Na+]',)"
3606,2,"('No Solvent',)","('O=C([O-])[O-].[K+].[K+]',)"
3606,3,"('CN(C)C=O',)","('[K+].[F-]',)"
3606,4,"('O.CC#N',)","('O=P([O-])([O-])[O-].[K+].[K+].[K+]',)"
3606,5,"('O.C1COCCO1',)","('No Base',)"
3606,6,"('CN(C)C=O.O',)","('O=C([O-])O.[Na+]',)"
3606,7,"('O.CCOC(C)=O.C1COCCO1',)","('O=C([O-])[O-].[Cs+].[Cs+]',)"
3606,8,"('O.COCCOC.ClCCl',)","('CCN(CC)CC',)"
3606,9,"('C1COCCO1',)","('[OH-].[Na+]',)"
3606,10,"('COCCOC',)","('O=C([O-])O.[Na+],O=C([O-])[O-].[Na+].[Na+]',)"
1428,1,"('C1CCOC1',)","('O=C([O-])[O-].[Cs+].[Cs+]',)"
1428,2,"('CCO.O.COCCOC',)","('O=C([O-])[O-].[K+].[K+]',)"
1428,3,"('CN(C)C=O',)","('O=C([O-])[O-].[Na+].[Na+]',)"
1428,4,"('ClCCl',)","('O=P([O-])([O-])[O-].[K+].[K+].[K+]',)"
1428,5,"('CN(C)C=O.O',)","('No Base',)"
1428,6,"('O.C1COCCO1',)","('[K+].[F-]',)"
1428,7,"('CCO.COCCOC.ClCCl.CCOC(C)=O.O',)","('[Cs+].[F-]',)"
1428,8,"('O.C1CCOC1',)","('O=C([O-])O.[Na+]',)"
1428,9,"('O.COCCOC',)","('CC(=O)[O-].[K+]',)"
1428,10,"('C1COCCO1',)","('CCN(CC)CC',)"
4566,1,"('No Solvent',)","('O=C([O-])[O-].[Na+].[Na+]',)"
4566,2,"('CCO.Cc1ccccc1.O',)","('O=C([O-])[O-].[K+].[K+]',)"
4566,3,"('CCO.Cc1ccccc1.O.CCOC(C)=O',)","('O=P([O-])([O-])[O-].[K+].[K+].[K+]',)"
4566,4,"('O.C1COCCO1',)","('O=C([O-])[O-].[Cs+].[Cs+]',)"
4566,5,"('CN(C)C=O',)","('No Base',)"
4566,6,"('C1COCCO1',)","('O=C([O-])O.[Na+]',)"
4566,7,"('Cc1ccccc1',)","('O=C([O-])O.[Na+],O=C([O-])[O-].[Na+].[Na+]',)"
4566,8,"('O.COCCOC',)","('[K+].[F-]',)"
4566,9,"('O.CCOC(C)=O.C1COCCO1',)","('CCN(CC)CC',)"
4566,10,"('O.CC#N',)","('[Cs+].[F-]',)"
4778,1,"('O.C1COCCO1',)","('O=C([O-])[O-].[Na+].[Na+]',)"
4778,2,"('O.COCCOC',)","('O=C([O-])[O-].[K+].[K+]',)"
4778,3,"('C1COCCO1',)","('O=P([O-])([O-])[O-].[K+].[K+].[K+]',)"
4778,4,"('COCCOC',)","('O=C([O-])[O-].[Cs+].[Cs+]',)"
4778,5,"('CN(C)C=O',)","('No Base',)"
4778,6,"('O.CCOC(C)=O.C1COCCO1',)","('O=C([O-])O.[Na+]',)"
4778,7,"('CN(C)C=O.O',)","('[K+].[F-]',)"
4778,8,"('COCCOC.ClCCl',)","('[Cs+].[F-]',)"
4778,9,"('No Solvent',)","('O=C([O-])O.[Na+],O=C([O-])[O-].[Na+].[Na+]',)"
4778,10,"('CCO.Cc1ccccc1.O',)","('CC(=O)[O-].[K+]',)"
61,1,"('Cc1ccccc1',)","('O=C([O-])[O-].[K+].[K+]',)"
61,2,"('O.COCCOC',)","('O=C([O-])[O-].[Na+].[Na+]',)"
61,3,"('CCO.Cc1ccccc1',)","('No Base',)"
61,4,"('COCCOC',)","('O=C([O-])[O-].[Cs+].[Cs+]',)"
61,5,"('O.C1COCCO1',)","('O=C([O-])O.[Na+]',)"
61,6,"('C1COCCO1',)","('O=P([O-])([O-])[O-].[K+].[K+].[K+]',)"
61,7,"('CN(C)C=O',)","('O=C([O-])O.[Na+],O=C([O-])[O-].[Na+].[Na+]',)"
61,8,"('O.C1CCOC1',)","('CCN(CC)CC',)"
61,9,"('No Solvent',)","('[Cs+].[F-]',)"
61,10,"('O.CC#N',)","('CC(=O)[O-].[K+]',)"
3243,1,"('CCO.Cc1ccccc1.O',)","('O=C([O-])[O-].[Na+].[Na+]',)"
3243,2,"('COCCOC',)","('O=C([O-])[O-].[K+].[K+]',)"
3243,3,"('No Solvent',)","('O=P([O-])([O-])[O-].[K+].[K+].[K+]',)"
3243,4,"('O.C1COCCO1',)","('No Base',)"
3243,5,"('O.CCOC(C)=O.C1COCCO1',)","('O=C([O-])O.[Na+]',)"
3243,6,"('O.C1CCOC1',)","('O=C([O-])[O-].[Cs+].[Cs+]',)"
3243,7,"('C1COCCO1',)","('O=C([O-])O.[Na+],O=C([O-])[O-].[Na+].[Na+]',)"
3243,8,"('CN(C)C=O',)","('[Cs+].[F-]',)"
3243,9,"('CCO.Cc1ccccc1',)","('[OH-].[Na+]',)"
3243,10,"('Cc1ccccc1',)","('CCN(CC)CC',)"
3847,1,"('CN(C)C=O',)","('O=C([O-])[O-].[K+].[K+]',)"
3847,2,"('O.C1COCCO1',)","('O=C([O-])[O-].[Na+].[Na+]',)"
3847,3,"('CCO.Cc1ccccc1.O',)","('O=C([O-])[O-].[Cs+].[Cs+]',)"
3847,4,"('O.COCCOC',)","('O=C([O-])O.[Na+]',)"
3847,5,"('C1COCCO1.ClCCl',)","('O=P([O-])([O-])[O-].[K+].[K+].[K+]',)"
3847,6,"('O.C1CCOC1',)","('CCN(CC)CC',)"
3847,7,"('CCO',)","('No Base',)"
3847,8,"('O.C1COCCO1.ClCCl',)","('O=C([O-])O.[Na+],O=C([O-])[O-].[Na+].[Na+]',)"
3847,9,"('CN(C)C=O.O',)","('[K+].[F-]',)"
3847,10,"('COCCOC',)","('[Cs+].[F-]',)"
3924,1,"('CN(C)C=O',)","('O=C([O-])[O-].[Cs+].[Cs+]',)"
3924,2,"('O.COCCOC',)","('O=C([O-])[O-].[Na+].[Na+]',)"
3924,3,"('CCO.Cc1ccccc1.O',)","('O=C([O-])[O-].[K+].[K+]',)"
3924,4,"('O.C1COCCO1',)","('O=P([O-])([O-])[O-].[K+].[K+].[K+]',)"
3924,5,"('O.C1COCCO1.ClCCl',)","('O=C([O-])O.[Na+]',)"
3924,6,"('COCCOC',)","('No Base',)"
3924,7,"('C1COCCO1',)","('O=C([O-])O.[Na+],O=C([O-])[O-].[Na+].[Na+]',)"
3924,8,"('O.CCOC(C)=O.C1COCCO1',)","('[Cs+].[F-]',)"
3924,9,"('Cc1ccccc1.O',)","('CC(=O)[O-].[K+]',)"
3924,10,"('CCO.O.COCCOC',)","('[K+].[F-]',)"
1200,1,"('O.COCCOC',)","('O=C([O-])[O-].[K+].[K+]',)"
1200,2,"('COCCOC',)","('O=C([O-])[O-].[Na+].[Na+]',)"
1200,3,"('O.C1COCCO1',)","('O=P([O-])([O-])[O-].[K+].[K+].[K+]',)"
1200,4,"('Cc1ccccc1',)","('No Base',)"
1200,5,"('O.CCOC(C)=O.C1COCCO1',)","('O=C([O-])[O-].[Cs+].[Cs+]',)"
1200,6,"('CN(C)C=O',)","('O=C([O-])O.[Na+]',)"
1200,7,"('C1COCCO1',)","('[K+].[F-]',)"
1200,8,"('CCO.Cc1ccccc1',)","('[Cs+].[F-]',)"
1200,9,"('CCO.Cc1ccccc1.O',)","('O=C([O-])O.[Na+],O=C([O-])[O-].[Na+].[Na+]',)"
1200,10,"('O.CC#N',)","('CC(=O)[O-].[K+]',)"
4935,1,"('O.COCCOC',)","('O=C([O-])[O-].[K+].[K+]',)"
4935,2,"('O.C1COCCO1',)","('O=C([O-])[O-].[Na+].[Na+]',)"
4935,3,"('O.CCOC(C)=O.C1COCCO1',)","('O=P([O-])([O-])[O-].[K+].[K+].[K+]',)"
4935,4,"('CN(C)C=O',)","('O=C([O-])[O-].[Cs+].[Cs+]',)"
4935,5,"('C1COCCO1',)","('O=C([O-])O.[Na+]',)"
4935,6,"('CCO.Cc1ccccc1.CCOC(C)=O',)","('No Base',)"
4935,7,"('CCO.Cc1ccccc1',)","('O=C([O-])O.[Na+],O=C([O-])[O-].[Na+].[Na+]',)"
4935,8,"('COCCOC',)","('[OH-].[Na+]',)"
4935,9,"('CCO.Cc1ccccc1.O',)","('[Cs+].[F-]',)"
4935,10,"('O.C1CCOC1',)","('[K+].[F-]',)"
1270,1,"('COCCOC',)","('O=C([O-])[O-].[K+].[K+]',)"
1270,2,"('C1COCCO1',)","('O=C([O-])[O-].[Na+].[Na+]',)"
1270,3,"('O.COCCOC',)","('O=P([O-])([O-])[O-].[K+].[K+].[K+]',)"
1270,4,"('CN(C)C=O.O',)","('[Cs+].[F-]',)"
1270,5,"('O.C1COCCO1',)","('O=C([O-])O.[Na+]',)"
1270,6,"('CCO.Cc1ccccc1',)","('No Base',)"
1270,7,"('O.CC#N',)","('O=C([O-])[O-].[Cs+].[Cs+]',)"
1270,8,"('No Solvent',)","('O=C([O-])O.[Na+],O=C([O-])[O-].[Na+].[Na+]',)"
1270,9,"('CN(C)C=O',)","('[OH-].[Na+]',)"
1270,10,"('O',)","('[K+].[F-]',)"
921,1,"('COCCOC',)","('O=C([O-])[O-].[Na+].[Na+]',)"
921,2,"('CN(C)C=O',)","('O=C([O-])[O-].[K+].[K+]',)"
921,3,"('CN(C)C=O.O',)","('O=C([O-])O.[Na+]',)"
921,4,"('CCO.Cc1ccccc1.O',)","('O=C([O-])[O-].[Cs+].[Cs+]',)"
921,5,"('O.COCCOC',)","('No Base',)"
921,6,"('CCO.Cc1ccccc1',)","('O=P([O-])([O-])[O-].[K+].[K+].[K+]',)"
921,7,"('No Solvent',)","('[Cs+].[F-]',)"
921,8,"('O.C1CCOC1',)","('[K+].[F-]',)"
921,9,"('Cc1ccccc1.O',)","('O=C([O-])O.[Na+],O=C([O-])[O-].[Na+].[Na+]',)"
921,10,"('CCO.O.COCCOC',)","('[OH-].[Na+]',)"
2283,1,"('O.CC#N',)","('O=C([O-])[O-].[Na+].[Na+]',)"
2283,2,"('CN(C)C=O.O',)","('O=P([O-])([O-])[O-].[K+].[K+].[K+]',)"
2283,3,"('C1CCOC1',)","('No Base',)"
2283,4,"('O.COCCOC',)","('CCN(CC)CC',)"
2283,5,"('No Solvent',)","('O=C([O-])[O-].[K+].[K+]',)"
2283,6,"('O.C1CCOC1',)","('[K+].[F-]',)"
2283,7,"('COCCOC',)","('O=C([O-])[O-].[Cs+].[Cs+]',)"
2283,8,"('O.CCOC(C)=O.C1COCCO1',)","('O=C([O-])O.[Na+]',)"
2283,9,"('CCO.Cc1ccccc1.CCOC(C)=O',)","('O=P([O-])([O-])[O-].[Na+].[Na+].[Na+],CC(=O)[O-].[Na+],CC(=O)[O-].[K+],O=P([O-])([O-])[O-].[K+].[K+].[K+]',)"
2283,10,"('O.C1COCCO1',)","('O=P([O-])([O-])[O-].[K+].[K+].[K+],CC(=O)[O-].[K+]',)"
2102,1,"('No Solvent',)","('O=P([O-])([O-])[O-].[K+].[K+].[K+]',)"
2102,2,"('O.C1COCCO1',)","('O=C([O-])[O-].[K+].[K+]',)"
2102,3,"('CN(C)C=O.O',)","('O=C([O-])[O-].[Na+].[Na+]',)"
2102,4,"('CCO.O.COCCOC',)","('O=C([O-])[O-].[Cs+].[Cs+]',)"
2102,5,"('C1COCCO1',)","('No Base',)"
2102,6,"('COCCOC',)","('O=C([O-])O.[Na+]',)"
2102,7,"('O.COCCOC',)","('[Cs+].[F-]',)"
2102,8,"('O.CCOC(C)=O.C1COCCO1',)","('[K+].[F-]',)"
2102,9,"('O.CC#N',)","('O=C([O-])O.[Na+],O=C([O-])[O-].[Na+].[Na+]',)"
2102,10,"('C1COCCO1.ClCCl',)","('CC(=O)[O-].[K+]',)"
2445,1,"('CN(C)C=O',)","('O=C([O-])[O-].[Na+].[Na+]',)"
2445,2,"('O.COCCOC',)","('O=P([O-])([O-])[O-].[K+].[K+].[K+]',)"
2445,3,"('O.C1COCCO1',)","('O=C([O-])[O-].[K+].[K+]',)"
2445,4,"('COCCOC',)","('O=C([O-])[O-].[Cs+].[Cs+]',)"
2445,5,"('C1COCCO1',)","('O=C([O-])O.[Na+]',)"
2445,6,"('CN(C)C=O.O',)","('[K+].[F-]',)"
2445,7,"('O.COCCOC.ClCCl',)","('[Cs+].[F-]',)"
2445,8,"('O.C1CCOC1',)","('No Base',)"
2445,9,"('CCO.Cc1ccccc1.O',)","('O=C([O-])O.[Na+],O=C([O-])[O-].[Na+].[Na+]',)"
2445,10,"('O.CC#N',)","('[OH-].[Na+]',)"
636,1,"('O.CCOC(C)=O.C1COCCO1',)","('O=C([O-])[O-].[K+].[K+]',)"
636,2,"('CCO.Cc1ccccc1.O',)","('O=C([O-])[O-].[Na+].[Na+]',)"
636,3,"('O.COCCOC',)","('O=C([O-])O.[Na+]',)"
636,4,"('CN(C)C=O.O',)","('O=P([O-])([O-])[O-].[K+].[K+].[K+]',)"
636,5,"('No Solvent',)","('No Base',)"
636,6,"('O.CC#N',)","('O=C([O-])[O-].[Cs+].[Cs+]',)"
636,7,"('CCO.Cc1ccccc1',)","('O=C([O-])O.[Na+],O=C([O-])[O-].[Na+].[Na+]',)"
636,8,"('O.C1COCCO1',)","('[K+].[F-]',)"
636,9,"('COCCOC',)","('[Cs+].[F-]',)"
636,10,"('CN(C)C=O',)","('[OH-].[Na+]',)"
2413,1,"('O.CC#N',)","('O=P([O-])([O-])[O-].[Na+].[Na+].[Na+],CC(=O)[O-].[Na+],CC(=O)[O-].[K+],O=P([O-])([O-])[O-].[K+].[K+].[K+]',)"
2413,2,"('O.COCCOC',)","('O=P([O-])([O-])[O-].[K+].[K+].[K+]',)"
2413,3,"('CN(C)C=O.O',)","('O=C([O-])[O-].[Na+].[Na+]',)"
2413,4,"('O.C1CCOC1',)","('O=C([O-])[O-].[Cs+].[Cs+]',)"
2413,5,"('O.CCOC(C)=O.C1COCCO1',)","('O=P([O-])([O-])[O-].[K+].[K+].[K+],CC(=O)[O-].[K+]',)"
2413,6,"('O.C1COCCO1',)","('[K+].[F-]',)"
2413,7,"('CCO.O.COCCOC',)","('O=C([O-])[O-].[K+].[K+]',)"
2413,8,"('C1CCOC1',)","('O=C([O-])O.[Na+]',)"
2413,9,"('CC#N',)","('No Base',)"
2413,10,"('CN(C)C=O',)","('[Cs+].[F-]',)"
2033,1,"('CN(C)C=O.O',)","('O=C([O-])[O-].[Na+].[Na+]',)"
2033,2,"('CCO.Cc1ccccc1.O',)","('O=C([O-])[O-].[K+].[K+]',)"
2033,3,"('C1COCCO1',)","('O=C([O-])[O-].[Cs+].[Cs+]',)"
2033,4,"('O.C1COCCO1',)","('No Base',)"
2033,5,"('O.CCOC(C)=O.C1COCCO1',)","('O=C([O-])O.[Na+]',)"
2033,6,"('O.CC#N',)","('O=P([O-])([O-])[O-].[K+].[K+].[K+]',)"
2033,7,"('C1CCOC1',)","('[K+].[F-]',)"
2033,8,"('COCCOC',)","('CCN(CC)CC',)"
2033,9,"('O.C1COCCO1.ClCCl',)","('[Cs+].[F-]',)"
2033,10,"('COCCOC.CCOC(C)=O',)","('O=P([O-])([O-])[O-].[Na+].[Na+].[Na+],CC(=O)[O-].[Na+],CC(=O)[O-].[K+],O=P([O-])([O-])[O-].[K+].[K+].[K+]',)"
3059,1,"('O.C1COCCO1',)","('O=C([O-])[O-].[Cs+].[Cs+]',)"
3059,2,"('O.C1COCCO1.ClCCl',)","('O=C([O-])[O-].[K+].[K+]',)"
3059,3,"('COCCOC',)","('O=C([O-])[O-].[Na+].[Na+]',)"
3059,4,"('CCO.Cc1ccccc1',)","('O=P([O-])([O-])[O-].[K+].[K+].[K+]',)"
3059,5,"('CN(C)C=O.O',)","('No Base',)"
3059,6,"('No Solvent',)","('O=C([O-])O.[Na+]',)"
3059,7,"('O.CCOC(C)=O.C1COCCO1',)","('[Cs+].[F-]',)"
3059,8,"('C1COCCO1',)","('[K+].[F-]',)"
3059,9,"('CCO.COCCOC',)","('[OH-].[Na+]',)"
3059,10,"('C1CCOC1',)","('O=C([O-])O.[Na+],O=C([O-])[O-].[Na+].[Na+]',)"
3552,1,"('C1COCCO1',)","('O=C([O-])[O-].[Na+].[Na+]',)"
3552,2,"('CCO.Cc1ccccc1',)","('O=C([O-])[O-].[Cs+].[Cs+]',)"
3552,3,"('No Solvent',)","('O=C([O-])[O-].[K+].[K+]',)"
3552,4,"('O.COCCOC',)","('No Base',)"
3552,5,"('COCCOC',)","('[K+].[F-]',)"
3552,6,"('O.CCOC(C)=O.C1COCCO1',)","('O=P([O-])([O-])[O-].[K+].[K+].[K+]',)"
3552,7,"('CCO.Cc1ccccc1.O',)","('O=C([O-])O.[Na+]',)"
3552,8,"('Cc1ccccc1',)","('O=C([O-])O.[Na+],O=C([O-])[O-].[Na+].[Na+]',)"
3552,9,"('CN(C)C=O',)","('[Cs+].[F-]',)"
3552,10,"('O.C1CCOC1',)","('CCN(CC)CC',)"
642,1,"('CCO.Cc1ccccc1',)","('O=C([O-])[O-].[Na+].[Na+]',)"
642,2,"('O.C1COCCO1',)","('O=C([O-])[O-].[K+].[K+]',)"
642,3,"('COCCOC',)","('O=P([O-])([O-])[O-].[K+].[K+].[K+]',)"
642,4,"('O.CCOC(C)=O.C1COCCO1',)","('O=C([O-])[O-].[Cs+].[Cs+]',)"
642,5,"('C1COCCO1',)","('No Base',)"
642,6,"('O.COCCOC',)","('O=C([O-])O.[Na+],O=C([O-])[O-].[Na+].[Na+]',)"
642,7,"('No Solvent',)","('[OH-].[Na+]',)"
642,8,"('O.CC#N',)","('[Cs+].[F-]',)"
642,9,"('O.COCCOC.CCOC(C)=O',)","('O=C([O-])O.[Na+]',)"
642,10,"('CCO.Cc1ccccc1.CCOC(C)=O',)","('[K+].[F-]',)"
1396,1,"('O.COCCOC',)","('O=C([O-])[O-].[Na+].[Na+]',)"
1396,2,"('CN(C)C=O',)","('O=C([O-])[O-].[K+].[K+]',)"
1396,3,"('O.C1CCOC1',)","('O=P([O-])([O-])[O-].[K+].[K+].[K+]',)"
1396,4,"('O.COCCOC.CCOC(C)=O',)","('O=C([O-])[O-].[Cs+].[Cs+]',)"
1396,5,"('COCCOC',)","('O=C([O-])O.[Na+]',)"
1396,6,"('O.C1COCCO1',)","('No Base',)"
1396,7,"('C1COCCO1',)","('CC(=O)[O-].[K+]',)"
1396,8,"('Cc1ccccc1.O',)","('O=C([O-])O.[Na+],O=C([O-])[O-].[Na+].[Na+]',)"
1396,9,"('No Solvent',)","('[K+].[F-]',)"
1396,10,"('CN(C)C=O.O',)","('[Cs+].[F-]',)"
1679,1,"('CN(C)C=O.O',)","('O=C([O-])[O-].[Na+].[Na+]',)"
1679,2,"('O.COCCOC',)","('O=C([O-])[O-].[K+].[K+]',)"
1679,3,"('Cc1ccccc1',)","('O=P([O-])([O-])[O-].[K+].[K+].[K+]',)"
1679,4,"('C1COCCO1',)","('O=C([O-])O.[Na+]',)"
1679,5,"('COCCOC',)","('O=C([O-])[O-].[Cs+].[Cs+]',)"
1679,6,"('CN(C)C=O',)","('No Base',)"
1679,7,"('O.CC#N',)","('[K+].[F-]',)"
1679,8,"('O.C1COCCO1',)","('O=C([O-])O.[Na+],O=C([O-])[O-].[Na+].[Na+]',)"
1679,9,"('CCO.Cc1ccccc1',)","('[Cs+].[F-]',)"
1679,10,"('CCO.O.COCCOC',)","('O=C([O-])[O-].[K+].[K+],O=C([O-])[O-].[Na+].[Na+]',)"
2589,1,"('No Solvent',)","('O=P([O-])([O-])[O-].[K+].[K+].[K+]',)"
2589,2,"('O.COCCOC',)","('O=C([O-])[O-].[K+].[K+]',)"
2589,3,"('C1COCCO1',)","('O=C([O-])[O-].[Na+].[Na+]',)"
2589,4,"('O.C1COCCO1',)","('No Base',)"
2589,5,"('CN(C)C=O',)","('[K+].[F-]',)"
2589,6,"('O.CC#N',)","('O=C([O-])[O-].[Cs+].[Cs+]',)"
2589,7,"('Cc1ccccc1',)","('O=C([O-])O.[Na+]',)"
2589,8,"('COCCOC',)","('[Cs+].[F-]',)"
2589,9,"('CN(C)C=O.O',)","('O=C([O-])O.[Na+],O=C([O-])[O-].[Na+].[Na+]',)"
2589,10,"('O.C1CCOC1',)","('CCN(CC)CC',)"
1000,1,"('No Solvent',)","('[K+].[F-]',)"
1000,2,"('O.C1COCCO1',)","('O=C([O-])[O-].[K+].[K+]',)"
1000,3,"('O.COCCOC',)","('O=C([O-])[O-].[Na+].[Na+]',)"
1000,4,"('CN(C)C=O',)","('O=C([O-])[O-].[Cs+].[Cs+]',)"
1000,5,"('CN(C)C=O.O',)","('O=P([O-])([O-])[O-].[K+].[K+].[K+]',)"
1000,6,"('CCO.Cc1ccccc1',)","('O=C([O-])O.[Na+]',)"
1000,7,"('C1CCOC1',)","('No Base',)"
1000,8,"('O.CC#N',)","('[OH-].[Na+]',)"
1000,9,"('CCO.Cc1ccccc1.O',)","('[Cs+].[F-]',)"
1000,10,"('C1COCCO1',)","('O=C([O-])O.[Na+],O=C([O-])[O-].[Na+].[Na+]',)"
2064,1,"('CCO.Cc1ccccc1.O',)","('O=C([O-])[O-].[Na+].[Na+]',)"
2064,2,"('O.COCCOC',)","('O=C([O-])[O-].[K+].[K+]',)"
2064,3,"('O.CCOC(C)=O.C1COCCO1',)","('O=C([O-])[O-].[Cs+].[Cs+]',)"
2064,4,"('CN(C)C=O.O',)","('No Base',)"
2064,5,"('CN(C)C=O',)","('[K+].[F-]',)"
2064,6,"('O.CC#N',)","('O=C([O-])O.[Na+]',)"
2064,7,"('Cc1ccccc1',)","('[Cs+].[F-]',)"
2064,8,"('CCO.Cc1ccccc1',)","('O=P([O-])([O-])[O-].[K+].[K+].[K+]',)"
2064,9,"('COCCOC',)","('CCN(CC)CC',)"
2064,10,"('O.COCCOC.CCOC(C)=O',)","('[OH-].[Na+]',)"
171,1,"('O.COCCOC',)","('O=C([O-])[O-].[Na+].[Na+]',)"
171,2,"('COCCOC',)","('O=C([O-])[O-].[K+].[K+]',)"
171,3,"('CN(C)C=O',)","('O=C([O-])[O-].[Cs+].[Cs+]',)"
171,4,"('CN(C)C=O.O',)","('O=P([O-])([O-])[O-].[K+].[K+].[K+]',)"
171,5,"('O.CCOC(C)=O.C1COCCO1',)","('O=C([O-])O.[Na+]',)"
171,6,"('COCCOC.ClCCl',)","('No Base',)"
171,7,"('COCCOC.CCOC(C)=O',)","('CCN(CC)CC',)"
171,8,"('O.C1COCCO1.ClCCl',)","('O=C([O-])O.[Na+],O=C([O-])[O-].[Na+].[Na+]',)"
171,9,"('CCO.Cc1ccccc1',)","('[OH-].[Na+]',)"
171,10,"('O.COCCOC.CCOC(C)=O',)","('[K+].[F-]',)"
3993,1,"('CCO.O.COCCOC',)","('O=C([O-])[O-].[Cs+].[Cs+]',)"
3993,2,"('C1CCOC1',)","('O=C([O-])[O-].[K+].[K+]',)"
3993,3,"('CN(C)C=O.O.CCOC(C)=O',)","('O=C([O-])[O-].[Na+].[Na+]',)"
3993,4,"('O.CCOC(C)=O.C1COCCO1',)","('O=P([O-])([O-])[O-].[K+].[K+].[K+]',)"
3993,5,"('CCO.O.COCCOC.CCOC(C)=O',)","('No Base',)"
3993,6,"('O.C1COCCO1',)","('[Cs+].[F-]',)"
3993,7,"('O.COCCOC',)","('O=C([O-])O.[Na+]',)"
3993,8,"('No Solvent',)","('[K+].[F-]',)"
3993,9,"('O.C1CCOC1',)","('O=C([O-])O.[Na+],O=C([O-])[O-].[Na+].[Na+]',)"
3993,10,"('COCCOC.ClCCl',)","('CC(=O)[O-].[K+]',)"
4292,1,"('O.C1COCCO1.ClCCl',)","('O=C([O-])[O-].[Cs+].[Cs+]',)"
4292,2,"('No Solvent',)","('O=C([O-])[O-].[Na+].[Na+]',)"
4292,3,"('O.C1COCCO1',)","('O=C([O-])[O-].[K+].[K+]',)"
4292,4,"('CN(C)C=O.O',)","('O=P([O-])([O-])[O-].[K+].[K+].[K+]',)"
4292,5,"('CN(C)C=O',)","('O=C([O-])O.[Na+]',)"
4292,6,"('O.CCOC(C)=O.C1COCCO1',)","('No Base',)"
4292,7,"('O.COCCOC',)","('[K+].[F-]',)"
4292,8,"('C1COCCO1',)","('CCN(CC)CC',)"
4292,9,"('CCO.O.COCCOC',)","('[Cs+].[F-]',)"
4292,10,"('COCCOC',)","('CC(=O)[O-].[K+]',)"
1627,1,"('COCCOC.ClCCl',)","('O=C([O-])[O-].[Na+].[Na+]',)"
1627,2,"('O.C1COCCO1',)","('O=C([O-])[O-].[K+].[K+]',)"
1627,3,"('COCCOC',)","('O=C([O-])[O-].[Cs+].[Cs+]',)"
1627,4,"('Cc1ccccc1',)","('No Base',)"
1627,5,"('CCO.Cc1ccccc1.O',)","('O=P([O-])([O-])[O-].[K+].[K+].[K+]',)"
1627,6,"('CN(C)C=O',)","('O=C([O-])O.[Na+]',)"
1627,7,"('CN(C)C=O.O',)","('[K+].[F-]',)"
1627,8,"('O.COCCOC.ClCCl',)","('[Cs+].[F-]',)"
1627,9,"('CCOC(C)=O.C1COCCO1',)","('[OH-].[Na+]',)"
1627,10,"('O.COCCOC',)","('O=C([O-])O.[Na+],O=C([O-])[O-].[Na+].[Na+]',)"
2790,1,"('CN(C)C=O.O',)","('O=C([O-])[O-].[K+].[K+]',)"
2790,2,"('O.COCCOC',)","('O=C([O-])[O-].[Na+].[Na+]',)"
2790,3,"('O.CCOC(C)=O.C1COCCO1',)","('O=C([O-])[O-].[Cs+].[Cs+]',)"
2790,4,"('CN(C)C=O',)","('O=P([O-])([O-])[O-].[K+].[K+].[K+]',)"
2790,5,"('O.C1COCCO1',)","('O=C([O-])O.[Na+]',)"
2790,6,"('C1COCCO1',)","('No Base',)"
2790,7,"('CCO.Cc1ccccc1',)","('O=C([O-])O.[Na+],O=C([O-])[O-].[Na+].[Na+]',)"
2790,8,"('O.CC#N',)","('[Cs+].[F-]',)"
2790,9,"('COCCOC',)","('[K+].[F-]',)"
2790,10,"('C1CCOC1',)","('CCN(CC)CC',)"
4549,1,"('CN(C)C=O.O',)","('O=P([O-])([O-])[O-].[K+].[K+].[K+]',)"
4549,2,"('COCCOC',)","('O=C([O-])[O-].[Na+].[Na+]',)"
4549,3,"('O.C1COCCO1',)","('O=C([O-])[O-].[K+].[K+]',)"
4549,4,"('O.COCCOC',)","('O=C([O-])[O-].[Cs+].[Cs+]',)"
4549,5,"('CCO.O.COCCOC',)","('O=C([O-])O.[Na+]',)"
4549,6,"('CCO.Cc1ccccc1.O',)","('No Base',)"
4549,7,"('No Solvent',)","('[K+].[F-]',)"
4549,8,"('O.CC#N',)","('O=C([O-])O.[Na+],O=C([O-])[O-].[Na+].[Na+]',)"
4549,9,"('O.CCOC(C)=O.C1COCCO1',)","('[Cs+].[F-]',)"
4549,10,"('C1COCCO1',)","('[OH-].[Na+]',)"
386,1,"('O.COCCOC',)","('O=C([O-])[O-].[Na+].[Na+]',)"
386,2,"('Cc1ccccc1',)","('O=C([O-])[O-].[K+].[K+]',)"
386,3,"('COCCOC',)","('O=C([O-])O.[Na+]',)"
386,4,"('CN(C)C=O',)","('No Base',)"
386,5,"('O.C1COCCO1',)","('O=C([O-])[O-].[Cs+].[Cs+]',)"
386,6,"('O.CC#N',)","('O=P([O-])([O-])[O-].[K+].[K+].[K+]',)"
386,7,"('O.COCCOC.CCOC(C)=O',)","('O=C([O-])O.[Na+],O=C([O-])[O-].[Na+].[Na+]',)"
386,8,"('CN(C)C=O.O',)","('CCN(CC)CC',)"
386,9,"('O.C1CCOC1',)","('[OH-].[Na+]',)"
386,10,"('C1COCCO1',)","('[K+].[F-]',)"
4148,1,"('COCCOC.CCOC(C)=O.ClCCl',)","('O=C([O-])[O-].[Na+].[Na+]',)"
4148,2,"('CO.COCCOC.CCOC(C)=O.ClCCl',)","('O=C([O-])O.[Na+],O=C([O-])[O-].[Na+].[Na+]',)"
4148,3,"('COCCOC.ClCCl',)","('O=C([O-])[O-].[K+].[K+]',)"
4148,4,"('COCCOC',)","('O=C([O-])[O-].[Cs+].[Cs+]',)"
4148,5,"('O.COCCOC.ClCCl',)","('O=C([O-])O.[Na+]',)"
4148,6,"('O.COCCOC',)","('No Base',)"
4148,7,"('O.CC#N',)","('O=P([O-])([O-])[O-].[K+].[K+].[K+]',)"
4148,8,"('O.COCCOC.CCOC(C)=O',)","('[Cs+].[F-]',)"
4148,9,"('O.C1COCCO1',)","('[K+].[F-]',)"
4148,10,"('C1COCCO1',)","('[OH-].[Na+]',)"
3512,1,"('O.COCCOC.CCOC(C)=O',)","('O=C([O-])[O-].[K+].[K+]',)"
3512,2,"('COCCOC',)","('O=C([O-])[O-].[Na+].[Na+]',)"
3512,3,"('O.C1COCCO1',)","('No Base',)"
3512,4,"('O.COCCOC',)","('O=P([O-])([O-])[O-].[K+].[K+].[K+]',)"
3512,5,"('No Solvent',)","('O=C([O-])[O-].[Cs+].[Cs+]',)"
3512,6,"('C1COCCO1',)","('O=C([O-])O.[Na+]',)"
3512,7,"('CN(C)C=O',)","('[Cs+].[F-]',)"
3512,8,"('O.COCCOC.ClCCl',)","('O=C([O-])O.[Na+],O=C([O-])[O-].[Na+].[Na+]',)"
3512,9,"('CCO.Cc1ccccc1.O',)","('[OH-].[Na+]',)"
3512,10,"('CN(C)C=O.O',)","('[K+].[F-]',)"
550,1,"('C1COCCO1',)","('O=C([O-])[O-].[Na+].[Na+]',)"
550,2,"('O.C1COCCO1',)","('O=C([O-])[O-].[K+].[K+]',)"
550,3,"('COCCOC',)","('O=C([O-])[O-].[Cs+].[Cs+]',)"
550,4,"('C1CCOC1',)","('O=P([O-])([O-])[O-].[K+].[K+].[K+]',)"
550,5,"('No Solvent',)","('No Base',)"
550,6,"('CN(C)C=O',)","('O=C([O-])O.[Na+]',)"
550,7,"('O.CCOC(C)=O.C1COCCO1',)","('[Cs+].[F-]',)"
550,8,"('CN(C)C=O.O',)","('[OH-].[Na+]',)"
550,9,"('O.C1COCCO1.ClCCl',)","('[K+].[F-]',)"
550,10,"('CCO.Cc1ccccc1.O',)","('O=C([O-])O.[Na+],O=C([O-])[O-].[Na+].[Na+]',)"
3075,1,"('O.COCCOC',)","('O=C([O-])[O-].[Na+].[Na+]',)"
3075,2,"('O.CC#N',)","('O=C([O-])[O-].[K+].[K+]',)"
3075,3,"('O.C1COCCO1',)","('O=C([O-])[O-].[Cs+].[Cs+]',)"
3075,4,"('CN(C)C=O.O',)","('O=P([O-])([O-])[O-].[K+].[K+].[K+]',)"
3075,5,"('No Solvent',)","('No Base',)"
3075,6,"('CN(C)C=O',)","('O=C([O-])O.[Na+]',)"
3075,7,"('O.CCOC(C)=O.C1COCCO1',)","('[Cs+].[F-]',)"
3075,8,"('Cc1ccccc1',)","('O=C([O-])O.[Na+],O=C([O-])[O-].[Na+].[Na+]',)"
3075,9,"('C1COCCO1',)","('[OH-].[Na+]',)"
3075,10,"('CCO.Cc1ccccc1.O',)","('[K+].[F-]',)"
4174,1,"('O.C1COCCO1',)","('O=C([O-])[O-].[K+].[K+]',)"
4174,2,"('CN(C)C=O',)","('O=P([O-])([O-])[O-].[K+].[K+].[K+]',)"
4174,3,"('No Solvent',)","('O=C([O-])[O-].[Cs+].[Cs+]',)"
4174,4,"('CN(C)C=O.O',)","('O=C([O-])[O-].[Na+].[Na+]',)"
4174,5,"('O.C1COCCO1.ClCCl',)","('No Base',)"
4174,6,"('C1COCCO1',)","('O=C([O-])O.[Na+]',)"
4174,7,"('O.COCCOC',)","('[Cs+].[F-]',)"
4174,8,"('CCO.Cc1ccccc1',)","('O=C([O-])O.[Na+],O=C([O-])[O-].[Na+].[Na+]',)"
4174,9,"('COCCOC',)","('[K+].[F-]',)"
4174,10,"('O.CCOC(C)=O.C1COCCO1',)","('[OH-].[Na+]',)"
4999,1,"('O.COCCOC',)","('O=C([O-])[O-].[Na+].[Na+]',)"
4999,2,"('CN(C)C=O',)","('O=P([O-])([O-])[O-].[K+].[K+].[K+]',)"
4999,3,"('COCCOC.CCOC(C)=O',)","('O=C([O-])[O-].[K+].[K+]',)"
4999,4,"('O.C1COCCO1',)","('O=C([O-])O.[Na+]',)"
4999,5,"('No Solvent',)","('O=C([O-])[O-].[Cs+].[Cs+]',)"
4999,6,"('C1COCCO1',)","('No Base',)"
4999,7,"('CC#N',)","('O=C([O-])O.[Na+],O=C([O-])[O-].[Na+].[Na+]',)"
4999,8,"('Cc1ccccc1.O',)","('[Cs+].[F-]',)"
4999,9,"('CCO.Cc1ccccc1.O',)","('[K+].[F-]',)"
4999,10,"('O.COCCOC.CCOC(C)=O',)","('CC(=O)[O-].[K+]',)"
2127,1,"('COCCOC',)","('O=C([O-])[O-].[Na+].[Na+]',)"
2127,2,"('C1COCCO1',)","('O=C([O-])[O-].[K+].[K+]',)"
2127,3,"('CO.ClCCl',)","('O=C([O-])O.[Na+]',)"
2127,4,"('O.COCCOC',)","('O=P([O-])([O-])[O-].[K+].[K+].[K+]',)"
2127,5,"('CCO.Cc1ccccc1.O',)","('[Cs+].[F-]',)"
2127,6,"('No Solvent',)","('O=C([O-])[O-].[Cs+].[Cs+]',)"
2127,7,"('O.COCCOC.CCOC(C)=O',)","('[OH-].[Na+]',)"
2127,8,"('O.C1COCCO1',)","('[K+].[F-]',)"
2127,9,"('CN(C)C=O.O',)","('No Base',)"
2127,10,"('CN(C)C=O',)","('O=C([O-])O.[Na+],O=C([O-])[O-].[Na+].[Na+]',)"
1201,1,"('CCO.O.COCCOC',)","('O=C([O-])[O-].[Na+].[Na+]',)"
1201,2,"('No Solvent',)","('O=C([O-])[O-].[K+].[K+]',)"
1201,3,"('C1COCCO1',)","('O=P([O-])([O-])[O-].[K+].[K+].[K+]',)"
1201,4,"('CC#N',)","('O=C([O-])O.[Na+]',)"
1201,5,"('CN(C)C=O',)","('O=C([O-])[O-].[Cs+].[Cs+]',)"
1201,6,"('C1CCOC1',)","('No Base',)"
1201,7,"('CCO.Cc1ccccc1',)","('O=C([O-])O.[Na+],O=C([O-])[O-].[Na+].[Na+]',)"
1201,8,"('O.COCCOC',)","('[K+].[F-]',)"
1201,9,"('CCO.COCCOC',)","('CCN(CC)CC',)"
1201,10,"('O.CC#N',)","('[Cs+].[F-]',)"
2644,1,"('O.C1COCCO1',)","('O=C([O-])[O-].[Cs+].[Cs+]',)"
2644,2,"('COCCOC',)","('O=C([O-])[O-].[Na+].[Na+]',)"
2644,3,"('No Solvent',)","('O=C([O-])[O-].[K+].[K+]',)"
2644,4,"('O.CCOC(C)=O.C1COCCO1',)","('O=P([O-])([O-])[O-].[K+].[K+].[K+]',)"
2644,5,"('C1COCCO1',)","('[K+].[F-]',)"
2644,6,"('O.COCCOC',)","('No Base',)"
2644,7,"('COCCOC.CCOC(C)=O',)","('O=C([O-])O.[Na+]',)"
2644,8,"('O.CC#N',)","('[Cs+].[F-]',)"
2644,9,"('CCO.Cc1ccccc1',)","('O=C([O-])O.[Na+],O=C([O-])[O-].[Na+].[Na+]',)"
2644,10,"('CN(C)C=O.O',)","('[OH-].[Na+]',)"
714,1,"('COCCOC',)","('O=C([O-])[O-].[Na+].[Na+]',)"
714,2,"('Cc1ccccc1.O',)","('O=P([O-])([O-])[O-].[K+].[K+].[K+]',)"
714,3,"('O.COCCOC',)","('No Base',)"
714,4,"('O.C1COCCO1.ClCCl',)","('O=C([O-])[O-].[Cs+].[Cs+]',)"
714,5,"('CN(C)C=O.O',)","('O=C([O-])[O-].[K+].[K+]',)"
714,6,"('C1CCOC1',)","('O=C([O-])O.[Na+]',)"
714,7,"('CCO.O.COCCOC',)","('[Cs+].[F-]',)"
714,8,"('O.C1CCOC1',)","('[K+].[F-]',)"
714,9,"('C1COCCO1',)","('O=C([O-])O.[Na+],O=C([O-])[O-].[Na+].[Na+]',)"
714,10,"('O.COCCOC.CCOC(C)=O',)","('CCN(CC)CC',)"
3250,1,"('O.C1COCCO1',)","('O=P([O-])([O-])[O-].[K+].[K+].[K+]',)"
3250,2,"('O.C1COCCO1.ClCCl',)","('O=C([O-])[O-].[K+].[K+]',)"
3250,3,"('C1COCCO1.ClCCl',)","('O=C([O-])[O-].[Cs+].[Cs+]',)"
3250,4,"('C1COCCO1',)","('O=C([O-])[O-].[Na+].[Na+]',)"
3250,5,"('CCO.Cc1ccccc1',)","('O=C([O-])O.[Na+]',)"
3250,6,"('O.COCCOC',)","('No Base',)"
3250,7,"('CN(C)C=O',)","('[Cs+].[F-]',)"
3250,8,"('No Solvent',)","('[K+].[F-]',)"
3250,9,"('CCO.COCCOC',)","('[OH-].[Na+]',)"
3250,10,"('O.CCOC(C)=O.C1COCCO1',)","('CCN(CC)CC',)"
5261,1,"('O.COCCOC.CCOC(C)=O',)","('O=C([O-])[O-].[K+].[K+]',)"
5261,2,"('O.C1COCCO1',)","('O=C([O-])[O-].[Na+].[Na+]',)"
5261,3,"('COCCOC',)","('No Base',)"
5261,4,"('O.CCOC(C)=O.C1COCCO1',)","('O=C([O-])O.[Na+]',)"
5261,5,"('CN(C)C=O',)","('O=P([O-])([O-])[O-].[K+].[K+].[K+]',)"
5261,6,"('CCO.Cc1ccccc1.O',)","('O=C([O-])[O-].[Cs+].[Cs+]',)"
5261,7,"('No Solvent',)","('O=C([O-])O.[Na+],O=C([O-])[O-].[Na+].[Na+]',)"
5261,8,"('O.COCCOC',)","('[K+].[F-]',)"
5261,9,"('CN(C)C=O.O',)","('[Cs+].[F-]',)"
5261,10,"('CCO.O.COCCOC',)","('CCN(CC)CC',)"
1007,1,"('No Solvent',)","('[K+].[F-]',)"
1007,2,"('CCO.Cc1ccccc1.O',)","('O=C([O-])[O-].[K+].[K+]',)"
1007,3,"('O.C1COCCO1',)","('O=C([O-])[O-].[Cs+].[Cs+]',)"
1007,4,"('CN(C)C=O',)","('O=P([O-])([O-])[O-].[K+].[K+].[K+]',)"
1007,5,"('O.CC#N',)","('O=C([O-])[O-].[Na+].[Na+]',)"
1007,6,"('CN(C)C=O.O',)","('No Base',)"
1007,7,"('C1COCCO1',)","('O=C([O-])O.[Na+]',)"
1007,8,"('CCO.Cc1ccccc1',)","('[Cs+].[F-]',)"
1007,9,"('COCCOC',)","('[OH-].[Na+]',)"
1007,10,"('ClCCl',)","('O=C([O-])O.[Na+],O=C([O-])[O-].[Na+].[Na+]',)"
4915,1,"('O.C1COCCO1',)","('O=C([O-])[O-].[Cs+].[Cs+]',)"
4915,2,"('O.CCOC(C)=O.C1COCCO1',)","('O=C([O-])[O-].[Na+].[Na+]',)"
4915,3,"('O.C1COCCO1.ClCCl',)","('O=C([O-])[O-].[K+].[K+]',)"
4915,4,"('CN(C)C=O',)","('O=P([O-])([O-])[O-].[K+].[K+].[K+]',)"
4915,5,"('CCO.Cc1ccccc1.O',)","('O=C([O-])O.[Na+]',)"
4915,6,"('CN(C)C=O.O',)","('No Base',)"
4915,7,"('No Solvent',)","('[K+].[F-]',)"
4915,8,"('COCCOC',)","('[Cs+].[F-]',)"
4915,9,"('CCO.Cc1ccccc1',)","('CCN(CC)CC',)"
4915,10,"('CCO.O.COCCOC',)","('[OH-].[Na+]',)"
4354,1,"('COCCOC.CCOC(C)=O',)","('O=C([O-])[O-].[Na+].[Na+]',)"
4354,2,"('COCCOC',)","('O=C([O-])[O-].[K+].[K+]',)"
4354,3,"('O.CC#N',)","('O=C([O-])O.[Na+]',)"
4354,4,"('C1COCCO1',)","('O=P([O-])([O-])[O-].[K+].[K+].[K+]',)"
4354,5,"('O.C1COCCO1',)","('No Base',)"
4354,6,"('CCO.Cc1ccccc1.O',)","('CCN(CC)CC',)"
4354,7,"('CCO.Cc1ccccc1',)","('O=C([O-])[O-].[Cs+].[Cs+]',)"
4354,8,"('No Solvent',)","('[Cs+].[F-]',)"
4354,9,"('Cc1ccccc1',)","('[OH-].[Na+]',)"
4354,10,"('COCCOC.ClCCl',)","('[K+].[F-]',)"
1187,1,"('O.COCCOC',)","('O=C([O-])[O-].[Na+].[Na+]',)"
1187,2,"('O.COCCOC.CCOC(C)=O',)","('O=C([O-])O.[Na+]',)"
1187,3,"('COCCOC',)","('O=P([O-])([O-])[O-].[K+].[K+].[K+]',)"
1187,4,"('O.CCOC(C)=O.C1COCCO1',)","('No Base',)"
1187,5,"('C1COCCO1',)","('O=C([O-])[O-].[K+].[K+]',)"
1187,6,"('O.C1COCCO1',)","('O=C([O-])[O-].[Cs+].[Cs+]',)"
1187,7,"('CN(C)C=O.O',)","('O=C([O-])O.[Na+],O=C([O-])[O-].[Na+].[Na+]',)"
1187,8,"('O.C1COCCO1.ClCCl',)","('[K+].[F-]',)"
1187,9,"('COCCOC.CCOC(C)=O',)","('[Cs+].[F-]',)"
1187,10,"('CCO.Cc1ccccc1.O',)","('[OH-].[Na+]',)"
4873,1,"('O.C1COCCO1',)","('O=C([O-])[O-].[Cs+].[Cs+]',)"
4873,2,"('CN(C)C=O',)","('O=C([O-])[O-].[Na+].[Na+]',)"
4873,3,"('COCCOC',)","('O=C([O-])[O-].[K+].[K+]',)"
4873,4,"('CCO.Cc1ccccc1.O',)","('O=P([O-])([O-])[O-].[K+].[K+].[K+]',)"
4873,5,"('CCO.Cc1ccccc1',)","('No Base',)"
4873,6,"('O.CCOC(C)=O.C1COCCO1',)","('O=C([O-])O.[Na+]',)"
4873,7,"('O.COCCOC',)","('[K+].[F-]',)"
4873,8,"('O.C1COCCO1.ClCCl',)","('[Cs+].[F-]',)"
4873,9,"('No Solvent',)","('CCN(CC)CC',)"
4873,10,"('CCOC(C)=O.C1COCCO1',)","('O=C([O-])O.[Na+],O=C([O-])[O-].[Na+].[Na+]',)"
4076,1,"('O.C1COCCO1',)","('O=C([O-])[O-].[K+].[K+]',)"
4076,2,"('No Solvent',)","('O=C([O-])[O-].[Na+].[Na+]',)"
4076,3,"('C1COCCO1',)","('O=P([O-])([O-])[O-].[K+].[K+].[K+]',)"
4076,4,"('COCCOC',)","('O=C([O-])[O-].[Cs+].[Cs+]',)"
4076,5,"('CN(C)C=O.O',)","('No Base',)"
4076,6,"('CN(C)C=O',)","('O=C([O-])O.[Na+]',)"
4076,7,"('O.COCCOC',)","('[Cs+].[F-]',)"
4076,8,"('C1CCOC1',)","('[OH-].[Na+]',)"
4076,9,"('CCO.O.COCCOC',)","('O=C([O-])O.[Na+],O=C([O-])[O-].[Na+].[Na+]',)"
4076,10,"('O.C1COCCO1.ClCCl',)","('CCN(CC)CC',)"
913,1,"('CN(C)C=O',)","('O=C([O-])[O-].[K+].[K+]',)"
913,2,"('O.C1COCCO1',)","('O=C([O-])[O-].[Na+].[Na+]',)"
913,3,"('CN(C)C=O.O',)","('O=C([O-])O.[Na+]',)"
913,4,"('No Solvent',)","('No Base',)"
913,5,"('CO.Cc1ccccc1',)","('O=P([O-])([O-])[O-].[K+].[K+].[K+]',)"
913,6,"('O.CC#N',)","('O=C([O-])[O-].[Cs+].[Cs+]',)"
913,7,"('C1COCCO1',)","('[Cs+].[F-]',)"
913,8,"('O.COCCOC',)","('[K+].[F-]',)"
913,9,"('O.C1CCOC1',)","('O=C([O-])O.[Na+],O=C([O-])[O-].[Na+].[Na+]',)"
913,10,"('CCO.COCCOC',)","('CCN(C(C)C)C(C)C',)"
4907,1,"('O.C1COCCO1',)","('O=C([O-])[O-].[Cs+].[Cs+]',)"
4907,2,"('CN(C)C=O',)","('O=C([O-])[O-].[Na+].[Na+]',)"
4907,3,"('O.CCOC(C)=O.C1COCCO1',)","('O=C([O-])[O-].[K+].[K+]',)"
4907,4,"('O.C1COCCO1.ClCCl',)","('O=P([O-])([O-])[O-].[K+].[K+].[K+]',)"
4907,5,"('O.COCCOC',)","('O=C([O-])O.[Na+]',)"
4907,6,"('CCO.Cc1ccccc1.O',)","('No Base',)"
4907,7,"('No Solvent',)","('[K+].[F-]',)"
4907,8,"('COCCOC',)","('[Cs+].[F-]',)"
4907,9,"('CN(C)C=O.O',)","('CCN(CC)CC',)"
4907,10,"('CCO.Cc1ccccc1',)","('O=C([O-])O.[Na+],O=C([O-])[O-].[Na+].[Na+]',)"
2054,1,"('O.COCCOC',)","('O=C([O-])[O-].[Na+].[Na+]',)"
2054,2,"('COCCOC',)","('O=C([O-])[O-].[K+].[K+]',)"
2054,3,"('CCO.Cc1ccccc1.O',)","('O=P([O-])([O-])[O-].[K+].[K+].[K+]',)"
2054,4,"('O.CCOC(C)=O.C1COCCO1',)","('O=C([O-])O.[Na+],O=C([O-])[O-].[Na+].[Na+]',)"
2054,5,"('C1COCCO1',)","('No Base',)"
2054,6,"('O.C1COCCO1',)","('O=C([O-])[O-].[Cs+].[Cs+]',)"
2054,7,"('C1CCOC1',)","('O=C([O-])O.[Na+]',)"
2054,8,"('O.COCCOC.ClCCl',)","('[K+].[F-]',)"
2054,9,"('CN(C)C=O',)","('[OH-].[Na+]',)"
2054,10,"('O.C1COCCO1.ClCCl',)","('[Cs+].[F-]',)"
4097,1,"('COCCOC',)","('O=C([O-])[O-].[Na+].[Na+]',)"
4097,2,"('CN(C)C=O',)","('O=C([O-])[O-].[K+].[K+]',)"
4097,3,"('C1COCCO1',)","('O=C([O-])O.[Na+]',)"
4097,4,"('CCO.O.COCCOC',)","('O=P([O-])([O-])[O-].[K+].[K+].[K+]',)"
4097,5,"('O.CCOC(C)=O.C1COCCO1',)","('No Base',)"
4097,6,"('O.C1COCCO1',)","('O=C([O-])[O-].[Cs+].[Cs+]',)"
4097,7,"('CN(C)C=O.O',)","('CCN(CC)CC',)"
4097,8,"('CC#N',)","('[K+].[F-]',)"
4097,9,"('CCO.Cc1ccccc1',)","('[Cs+].[F-]',)"
4097,10,"('CCO.Cc1ccccc1.O',)","('O=C([O-])O.[Na+],O=C([O-])[O-].[Na+].[Na+]',)"
3304,1,"('O.C1COCCO1',)","('O=C([O-])[O-].[Na+].[Na+]',)"
3304,2,"('C1COCCO1',)","('O=C([O-])[O-].[K+].[K+]',)"
3304,3,"('COCCOC',)","('O=C([O-])[O-].[Cs+].[Cs+]',)"
3304,4,"('O.CCOC(C)=O.C1COCCO1',)","('O=C([O-])O.[Na+]',)"
3304,5,"('No Solvent',)","('No Base',)"
3304,6,"('O.CCOC(C)=O.COCCOC',)","('O=P([O-])([O-])[O-].[K+].[K+].[K+]',)"
3304,7,"('CN(C)C=O.O',)","('[Cs+].[F-]',)"
3304,8,"('CN(C)C=O',)","('[K+].[F-]',)"
3304,9,"('O.COCCOC',)","('O=C([O-])O.[Na+],O=C([O-])[O-].[Na+].[Na+]',)"
3304,10,"('O.CC#N',)","('[OH-].[Na+]',)"
3604,1,"('COCCOC',)","('O=C([O-])[O-].[Na+].[Na+]',)"
3604,2,"('O.C1COCCO1',)","('O=C([O-])[O-].[K+].[K+]',)"
3604,3,"('CN(C)C=O.O',)","('O=P([O-])([O-])[O-].[K+].[K+].[K+]',)"
3604,4,"('O.COCCOC',)","('O=C([O-])[O-].[Cs+].[Cs+]',)"
3604,5,"('C1COCCO1',)","('O=C([O-])O.[Na+]',)"
3604,6,"('No Solvent',)","('No Base',)"
3604,7,"('O.CCOC(C)=O.COCCOC',)","('[K+].[F-]',)"
3604,8,"('O.CC#N',)","('O=C([O-])O.[Na+],O=C([O-])[O-].[Na+].[Na+]',)"
3604,9,"('CCO.Cc1ccccc1.O',)","('CCN(CC)CC',)"
3604,10,"('O.C1COCCO1.ClCCl',)","('[Cs+].[F-]',)"
4013,1,"('CCO.Cc1ccccc1',)","('O=C([O-])[O-].[Na+].[Na+]',)"
4013,2,"('O.C1COCCO1.ClCCl',)","('O=C([O-])O.[Na+]',)"
4013,3,"('O.COCCOC',)","('O=C([O-])[O-].[K+].[K+]',)"
4013,4,"('C1CCOC1',)","('O=P([O-])([O-])[O-].[K+].[K+].[K+]',)"
4013,5,"('C1COCCO1.ClCCl',)","('No Base',)"
4013,6,"('CCO.Cc1ccccc1.O',)","('O=C([O-])[O-].[Cs+].[Cs+]',)"
4013,7,"('C1COCCO1',)","('[Cs+].[F-]',)"
4013,8,"('CC#N',)","('CC(=O)[O-].[K+]',)"
4013,9,"('CN(C)C=O',)","('CCN(CC)CC',)"
4013,10,"('Cc1ccccc1',)","('O=C([O-])O.[Na+],O=C([O-])[O-].[Na+].[Na+]',)"
2049,1,"('O.CCOC(C)=O.C1COCCO1',)","('O=C([O-])[O-].[Cs+].[Cs+]',)"
2049,2,"('O.COCCOC',)","('O=C([O-])[O-].[K+].[K+]',)"
2049,3,"('C1COCCO1',)","('O=C([O-])[O-].[Na+].[Na+]',)"
2049,4,"('O.C1COCCO1',)","('O=P([O-])([O-])[O-].[K+].[K+].[K+]',)"
2049,5,"('No Solvent',)","('No Base',)"
2049,6,"('CCO.O.COCCOC',)","('O=C([O-])O.[Na+],O=C([O-])[O-].[Na+].[Na+]',)"
2049,7,"('COCCOC',)","('O=C([O-])O.[Na+]',)"
2049,8,"('O.COCCOC.CCOC(C)=O',)","('[K+].[F-]',)"
2049,9,"('CN(C)C=O.O',)","('CC(=O)[O-].[K+]',)"
2049,10,"('Cc1ccccc1.O',)","('[Cs+].[F-]',)"
346,1,"('CCO.COCCOC',)","('O=C([O-])[O-].[Na+].[Na+]',)"
346,2,"('O.C1COCCO1',)","('O=C([O-])[O-].[K+].[K+]',)"
346,3,"('CCO.O.COCCOC',)","('O=C([O-])O.[Na+]',)"
346,4,"('C1COCCO1',)","('O=C([O-])[O-].[Cs+].[Cs+]',)"
346,5,"('No Solvent',)","('O=P([O-])([O-])[O-].[K+].[K+].[K+]',)"
346,6,"('O.COCCOC.CCOC(C)=O',)","('No Base',)"
346,7,"('O.COCCOC',)","('[K+].[F-]',)"
346,8,"('O.CCOC(C)=O.C1COCCO1',)","('[Cs+].[F-]',)"
346,9,"('COCCOC',)","('[OH-].[Na+]',)"
346,10,"('COCCOC.CCOC(C)=O',)","('CC(=O)[O-].[K+]',)"
4590,1,"('O.COCCOC',)","('O=C([O-])[O-].[Na+].[Na+]',)"
4590,2,"('CN(C)C=O',)","('[K+].[F-]',)"
4590,3,"('COCCOC',)","('O=C([O-])[O-].[K+].[K+]',)"
4590,4,"('CN(C)C=O.O',)","('O=C([O-])[O-].[Cs+].[Cs+]',)"
4590,5,"('O.CC#N',)","('No Base',)"
4590,6,"('Cc1ccccc1.O',)","('O=P([O-])([O-])[O-].[K+].[K+].[K+]',)"
4590,7,"('CCO.O.COCCOC',)","('O=C([O-])O.[Na+]',)"
4590,8,"('COCCOC.CCOC(C)=O',)","('CCN(CC)CC',)"
4590,9,"('CCO.Cc1ccccc1.O',)","('[Cs+].[F-]',)"
4590,10,"('No Solvent',)","('[OH-].[Na+]',)"
1126,1,"('C1COCCO1',)","('O=C([O-])[O-].[Na+].[Na+]',)"
1126,2,"('CN(C)C=O',)","('O=P([O-])([O-])[O-].[K+].[K+].[K+]',)"
1126,3,"('No Solvent',)","('O=C([O-])O.[Na+]',)"
1126,4,"('O.COCCOC',)","('O=C([O-])[O-].[K+].[K+]',)"
1126,5,"('CCOC(C)=O.C1COCCO1',)","('O=C([O-])[O-].[Cs+].[Cs+]',)"
1126,6,"('O.CCOC(C)=O.C1COCCO1',)","('No Base',)"
1126,7,"('CCO.COCCOC',)","('[K+].[F-]',)"
1126,8,"('C1CCOC1',)","('[Cs+].[F-]',)"
1126,9,"('COCCOC.ClCCl',)","('O=C([O-])O.[Na+],O=C([O-])[O-].[Na+].[Na+]',)"
1126,10,"('Cc1ccccc1',)","('CCN(CC)CC',)"
3960,1,"('CN(C)C=O',)","('O=C([O-])[O-].[Na+].[Na+]',)"
3960,2,"('CCO.Cc1ccccc1.CCOC(C)=O',)","('O=C([O-])[O-].[K+].[K+]',)"
3960,3,"('COCCOC',)","('O=C([O-])O.[Na+]',)"
3960,4,"('CN(C)C=O.O',)","('No Base',)"
3960,5,"('O.COCCOC',)","('O=C([O-])[O-].[Cs+].[Cs+]',)"
3960,6,"('O.C1COCCO1',)","('O=P([O-])([O-])[O-].[K+].[K+].[K+]',)"
3960,7,"('CCO.Cc1ccccc1.O',)","('[Cs+].[F-]',)"
3960,8,"('C1COCCO1',)","('[K+].[F-]',)"
3960,9,"('C1COCCO1.ClCCl',)","('[OH-].[Na+]',)"
3960,10,"('No Solvent',)","('CC(=O)[O-].[K+]',)"
1689,1,"('C1COCCO1',)","('O=C([O-])[O-].[K+].[K+]',)"
1689,2,"('No Solvent',)","('O=C([O-])[O-].[Na+].[Na+]',)"
1689,3,"('O.COCCOC',)","('O=P([O-])([O-])[O-].[K+].[K+].[K+]',)"
1689,4,"('O.COCCOC.ClCCl',)","('O=C([O-])[O-].[Cs+].[Cs+]',)"
1689,5,"('CN(C)C=O',)","('No Base',)"
1689,6,"('CCOC(C)=O.C1COCCO1',)","('O=C([O-])O.[Na+]',)"
1689,7,"('CC#N',)","('[K+].[F-]',)"
1689,8,"('CCO.Cc1ccccc1',)","('O=C([O-])O.[Na+],O=C([O-])[O-].[Na+].[Na+]',)"
1689,9,"('O.C1COCCO1',)","('[OH-].[Na+]',)"
1689,10,"('Cc1ccccc1',)","('CCN(CC)CC',)"
2532,1,"('O.C1COCCO1',)","('O=P([O-])([O-])[O-].[K+].[K+].[K+]',)"
2532,2,"('CCO',)","('O=C([O-])[O-].[K+].[K+]',)"
2532,3,"('O.COCCOC',)","('O=C([O-])[O-].[Na+].[Na+]',)"
2532,4,"('COCCOC',)","('O=C([O-])[O-].[Cs+].[Cs+]',)"
2532,5,"('No Solvent',)","('O=C([O-])O.[Na+]',)"
2532,6,"('CCO.Cc1ccccc1',)","('No Base',)"
2532,7,"('CN(C)C=O.O',)","('[K+].[F-]',)"
2532,8,"('CN(C)C=O',)","('[OH-].[Na+]',)"
2532,9,"('O.CCOC(C)=O.C1COCCO1',)","('[Cs+].[F-]',)"
2532,10,"('O.CC#N',)","('O=C([O-])O.[Na+],O=C([O-])[O-].[Na+].[Na+]',)"
2393,1,"('CCO.Cc1ccccc1',)","('O=C([O-])[O-].[Na+].[Na+]',)"
2393,2,"('O.C1COCCO1',)","('O=C([O-])[O-].[K+].[K+]',)"
2393,3,"('CN(C)C=O',)","('O=P([O-])([O-])[O-].[K+].[K+].[K+]',)"
2393,4,"('CN(C)C=O.O',)","('O=C([O-])O.[Na+]',)"
2393,5,"('O',)","('No Base',)"
2393,6,"('O.COCCOC',)","('O=C([O-])[O-].[Cs+].[Cs+]',)"
2393,7,"('CCO.Cc1ccccc1.O',)","('O=C([O-])O.[Na+],O=C([O-])[O-].[Na+].[Na+]',)"
2393,8,"('C1CCOC1',)","('[K+].[F-]',)"
2393,9,"('O.CC#N',)","('[Cs+].[F-]',)"
2393,10,"('O.CCOC(C)=O.C1COCCO1',)","('CCN(CC)CC',)"
4298,1,"('O.C1COCCO1.ClCCl',)","('O=C([O-])[O-].[Cs+].[Cs+]',)"
4298,2,"('CN(C)C=O',)","('O=C([O-])[O-].[Na+].[Na+]',)"
4298,3,"('CCO.O.COCCOC',)","('O=C([O-])[O-].[K+].[K+]',)"
4298,4,"('No Solvent',)","('O=P([O-])([O-])[O-].[K+].[K+].[K+]',)"
4298,5,"('CN(C)C=O.O',)","('O=C([O-])O.[Na+]',)"
4298,6,"('O.C1COCCO1',)","('No Base',)"
4298,7,"('C1COCCO1',)","('[K+].[F-]',)"
4298,8,"('O.CCOC(C)=O.C1COCCO1',)","('[Cs+].[F-]',)"
4298,9,"('O.COCCOC',)","('CCN(CC)CC',)"
4298,10,"('COCCOC',)","('[OH-].[Na+]',)"
262,1,"('C1CCOC1.CCOC(C)=O',)","('O=C([O-])[O-].[K+].[K+]',)"
262,2,"('O.C1COCCO1',)","('[OH-].[Na+]',)"
262,3,"('C1COCCO1',)","('O=C([O-])[O-].[Na+].[Na+]',)"
262,4,"('COCCOC',)","('O=C([O-])[O-].[Cs+].[Cs+]',)"
262,5,"('CCO.Cc1ccccc1.O',)","('O=C([O-])O.[Na+]',)"
262,6,"('CN(C)C=O.O',)","('O=P([O-])([O-])[O-].[K+].[K+].[K+]',)"
262,7,"('O.COCCOC',)","('No Base',)"
262,8,"('O.C1COCCO1.ClCCl',)","('O=C([O-])O.[Na+],O=C([O-])[O-].[Na+].[Na+]',)"
262,9,"('O.CCOC(C)=O.COCCOC',)","('[Cs+].[F-]',)"
262,10,"('CN(C)C=O',)","('CCN(CC)CC',)"
2932,1,"('C1COCCO1',)","('O=P([O-])([O-])[O-].[K+].[K+].[K+]',)"
2932,2,"('O.CCOC(C)=O.C1COCCO1',)","('O=C([O-])[O-].[Na+].[Na+]',)"
2932,3,"('CN(C)C=O',)","('O=C([O-])[O-].[Cs+].[Cs+]',)"
2932,4,"('O.C1COCCO1',)","('O=C([O-])[O-].[K+].[K+]',)"
2932,5,"('No Solvent',)","('No Base',)"
2932,6,"('CN(C)C=O.O',)","('O=C([O-])O.[Na+]',)"
2932,7,"('C1COCCO1.ClCCl',)","('[Cs+].[F-]',)"
2932,8,"('O.COCCOC.ClCCl',)","('CCN(CC)CC',)"
2932,9,"('O.COCCOC.CCOC(C)=O',)","('[K+].[F-]',)"
2932,10,"('O.CC#N',)","('O=C([O-])O.[Na+],O=C([O-])[O-].[Na+].[Na+]',)"
2461,1,"('CCO.Cc1ccccc1',)","('O=C([O-])[O-].[Na+].[Na+]',)"
2461,2,"('O.COCCOC',)","('O=C([O-])[O-].[K+].[K+]',)"
2461,3,"('O.C1COCCO1',)","('O=P([O-])([O-])[O-].[K+].[K+].[K+]',)"
2461,4,"('COCCOC',)","('O=C([O-])O.[Na+]',)"
2461,5,"('C1COCCO1',)","('O=C([O-])[O-].[Cs+].[Cs+]',)"
2461,6,"('CCO.Cc1ccccc1.O',)","('No Base',)"
2461,7,"('CN(C)C=O',)","('[Cs+].[F-]',)"
2461,8,"('CCO.Cc1ccccc1.CCOC(C)=O',)","('O=C([O-])O.[Na+],O=C([O-])[O-].[Na+].[Na+]',)"
2461,9,"('No Solvent',)","('[K+].[F-]',)"
2461,10,"('O.CCOC(C)=O.C1COCCO1',)","('[OH-].[Na+]',)"
4605,1,"('C1COCCO1',)","('O=C([O-])[O-].[K+].[K+]',)"
4605,2,"('No Solvent',)","('O=C([O-])[O-].[Na+].[Na+]',)"
4605,3,"('O.C1COCCO1',)","('No Base',)"
4605,4,"('Cc1ccccc1.O',)","('O=P([O-])([O-])[O-].[K+].[K+].[K+]',)"
4605,5,"('O.COCCOC',)","('O=C([O-])O.[Na+]',)"
4605,6,"('O.CCOC(C)=O.C1COCCO1',)","('O=C([O-])[O-].[Cs+].[Cs+]',)"
4605,7,"('O.CC#N',)","('CCN(CC)CC',)"
4605,8,"('CCO.Cc1ccccc1',)","('[Cs+].[F-]',)"
4605,9,"('COCCOC',)","('O=C([O-])O.[Na+],O=C([O-])[O-].[Na+].[Na+]',)"
4605,10,"('C1CCOC1',)","('[OH-].[Na+]',)"
5017,1,"('O.COCCOC',)","('O=C([O-])[O-].[Na+].[Na+]',)"
5017,2,"('CN(C)C=O',)","('O=C([O-])O.[Na+]',)"
5017,3,"('O.C1COCCO1',)","('O=C([O-])[O-].[K+].[K+]',)"
5017,4,"('COCCOC',)","('O=P([O-])([O-])[O-].[K+].[K+].[K+]',)"
5017,5,"('C1COCCO1',)","('O=C([O-])[O-].[Cs+].[Cs+]',)"
5017,6,"('CN(C)C=O.O',)","('O=C([O-])O.[Na+],O=C([O-])[O-].[Na+].[Na+]',)"
5017,7,"('CCO.Cc1ccccc1.O',)","('No Base',)"
5017,8,"('C1CCOC1',)","('CCN(CC)CC',)"
5017,9,"('CCO.Cc1ccccc1',)","('[Cs+].[F-]',)"
5017,10,"('O.CCOC(C)=O.COCCOC',)","('[K+].[F-]',)"
499,1,"('CO.Cc1ccccc1',)","('O=C([O-])[O-].[Na+].[Na+]',)"
499,2,"('C1COCCO1',)","('O=C([O-])[O-].[K+].[K+]',)"
499,3,"('O.COCCOC',)","('O=C([O-])O.[Na+]',)"
499,4,"('No Solvent',)","('No Base',)"
499,5,"('CN(C)C=O',)","('O=P([O-])([O-])[O-].[K+].[K+].[K+]',)"
499,6,"('CCO.Cc1ccccc1',)","('[K+].[F-]',)"
499,7,"('O.COCCOC.CCOC(C)=O',)","('O=C([O-])[O-].[Cs+].[Cs+]',)"
499,8,"('CCO.Cc1ccccc1.O',)","('[Cs+].[F-]',)"
499,9,"('O.C1CCOC1',)","('O=C([O-])O.[Na+],O=C([O-])[O-].[Na+].[Na+]',)"
499,10,"('CN(C)C=O.O',)","('CC(=O)[O-].[K+]',)"
4138,1,"('O.C1COCCO1',)","('O=C([O-])[O-].[Na+].[Na+]',)"
4138,2,"('O.COCCOC',)","('O=C([O-])[O-].[K+].[K+]',)"
4138,3,"('CN(C)C=O',)","('O=P([O-])([O-])[O-].[K+].[K+].[K+]',)"
4138,4,"('COCCOC',)","('O=C([O-])O.[Na+]',)"
4138,5,"('CCOC(C)=O.C1COCCO1',)","('O=C([O-])[O-].[Cs+].[Cs+]',)"
4138,6,"('O.CCOC(C)=O.C1COCCO1',)","('No Base',)"
4138,7,"('C1COCCO1',)","('O=C([O-])O.[Na+],O=C([O-])[O-].[Na+].[Na+]',)"
4138,8,"('CCO.Cc1ccccc1',)","('[Cs+].[F-]',)"
4138,9,"('C1CCOC1',)","('[K+].[F-]',)"
4138,10,"('O.CC#N',)","('CC(=O)[O-].[K+]',)"
4169,1,"('O.COCCOC',)","('O=C([O-])[O-].[Na+].[Na+]',)"
4169,2,"('C1COCCO1',)","('O=C([O-])[O-].[Cs+].[Cs+]',)"
4169,3,"('O.C1COCCO1',)","('O=C([O-])[O-].[K+].[K+]',)"
4169,4,"('COCCOC',)","('O=C([O-])O.[Na+]',)"
4169,5,"('O.C1CCOC1',)","('O=P([O-])([O-])[O-].[K+].[K+].[K+]',)"
4169,6,"('COCCOC.ClCCl',)","('No Base',)"
4169,7,"('CN(C)C=O',)","('[Cs+].[F-]',)"
4169,8,"('No Solvent',)","('O=C([O-])O.[Na+],O=C([O-])[O-].[Na+].[Na+]',)"
4169,9,"('C1CCOC1',)","('[K+].[F-]',)"
4169,10,"('CCO.Cc1ccccc1',)","('[OH-].[Na+]',)"
4461,1,"('CCO.O.C1COCCO1',)","('O=C([O-])[O-].[K+].[K+]',)"
4461,2,"('O.C1COCCO1',)","('O=C([O-])[O-].[Na+].[Na+]',)"
4461,3,"('COCCOC',)","('O=C([O-])[O-].[Cs+].[Cs+]',)"
4461,4,"('CCO.O.COCCOC',)","('O=P([O-])([O-])[O-].[K+].[K+].[K+]',)"
4461,5,"('O.COCCOC',)","('No Base',)"
4461,6,"('No Solvent',)","('O=C([O-])O.[Na+]',)"
4461,7,"('O.COCCOC.ClCCl',)","('[K+].[F-]',)"
4461,8,"('CCO.Cc1ccccc1.O',)","('O=C([O-])O.[Na+],O=C([O-])[O-].[Na+].[Na+]',)"
4461,9,"('C1COCCO1',)","('CCN(CC)CC',)"
4461,10,"('CCO.Cc1ccccc1',)","('[Cs+].[F-]',)"
4362,1,"('CCO.Cc1ccccc1',)","('O=C([O-])[O-].[K+].[K+]',)"
4362,2,"('CCO.Cc1ccccc1.O',)","('O=C([O-])[O-].[Na+].[Na+]',)"
4362,3,"('COCCOC',)","('No Base',)"
4362,4,"('O.COCCOC',)","('O=P([O-])([O-])[O-].[K+].[K+].[K+]',)"
4362,5,"('O.C1COCCO1',)","('O=C([O-])O.[Na+]',)"
4362,6,"('Cc1ccccc1',)","('O=C([O-])[O-].[Cs+].[Cs+]',)"
4362,7,"('CN(C)C=O',)","('[Cs+].[F-]',)"
4362,8,"('C1COCCO1',)","('O=C([O-])O.[Na+],O=C([O-])[O-].[Na+].[Na+]',)"
4362,9,"('No Solvent',)","('CCN(CC)CC',)"
4362,10,"('COCCOC.ClCCl',)","('[K+].[F-]',)"
957,1,"('O.COCCOC',)","('O=C([O-])[O-].[K+].[K+]',)"
957,2,"('CCO.Cc1ccccc1',)","('O=C([O-])[O-].[Na+].[Na+]',)"
957,3,"('O.C1COCCO1',)","('O=P([O-])([O-])[O-].[K+].[K+].[K+]',)"
957,4,"('CN(C)C=O',)","('O=C([O-])[O-].[Cs+].[Cs+]',)"
957,5,"('Cc1ccccc1',)","('No Base',)"
957,6,"('CCO.O.COCCOC',)","('O=C([O-])O.[Na+]',)"
957,7,"('O.CCOC(C)=O.C1COCCO1',)","('[Cs+].[F-]',)"
957,8,"('No Solvent',)","('O=C([O-])O.[Na+],O=C([O-])[O-].[Na+].[Na+]',)"
957,9,"('CN(C)C=O.O',)","('CCN(CC)CC',)"
957,10,"('CO',)","('[K+].[F-]',)"
1166,1,"('ClCCl.C1COCCO1.CCOC(C)=O',)","('O=C([O-])[O-].[Cs+].[Cs+]',)"
1166,2,"('CCOC(C)=O.C1COCCO1',)","('O=C([O-])[O-].[K+].[K+]',)"
1166,3,"('O.C1COCCO1',)","('O=C([O-])[O-].[Na+].[Na+]',)"
1166,4,"('CN(C)C=O',)","('O=P([O-])([O-])[O-].[K+].[K+].[K+]',)"
1166,5,"('CCO.Cc1ccccc1.O',)","('O=C([O-])O.[Na+]',)"
1166,6,"('O.CCOC(C)=O.C1COCCO1',)","('No Base',)"
1166,7,"('CCO.O.COCCOC',)","('[Cs+].[F-]',)"
1166,8,"('COCCOC',)","('O=C([O-])O.[Na+],O=C([O-])[O-].[Na+].[Na+]',)"
1166,9,"('O.COCCOC',)","('[K+].[F-]',)"
1166,10,"('Cc1ccccc1',)","('CCN(CC)CC',)"
1779,1,"('O.COCCOC',)","('O=C([O-])[O-].[K+].[K+]',)"
1779,2,"('O.C1COCCO1',)","('O=C([O-])[O-].[Na+].[Na+]',)"
1779,3,"('CCO.Cc1ccccc1',)","('O=P([O-])([O-])[O-].[K+].[K+].[K+]',)"
1779,4,"('C1COCCO1',)","('No Base',)"
1779,5,"('COCCOC',)","('O=C([O-])[O-].[Cs+].[Cs+]',)"
1779,6,"('CN(C)C=O',)","('O=C([O-])O.[Na+]',)"
1779,7,"('No Solvent',)","('[K+].[F-]',)"
1779,8,"('CCO.Cc1ccccc1.O',)","('O=C([O-])O.[Na+],O=C([O-])[O-].[Na+].[Na+]',)"
1779,9,"('O.CCOC(C)=O.C1COCCO1',)","('[Cs+].[F-]',)"
1779,10,"('C1CCOC1',)","('[OH-].[Na+]',)"
3254,1,"('COCCOC',)","('O=C([O-])[O-].[Na+].[Na+]',)"
3254,2,"('O.COCCOC',)","('O=C([O-])[O-].[K+].[K+]',)"
3254,3,"('O.C1COCCO1',)","('O=C([O-])O.[Na+]',)"
3254,4,"('Cc1ccccc1',)","('O=C([O-])[O-].[Cs+].[Cs+]',)"
3254,5,"('CCO.Cc1ccccc1',)","('No Base',)"
3254,6,"('CCO.Cc1ccccc1.O',)","('O=P([O-])([O-])[O-].[K+].[K+].[K+]',)"
3254,7,"('Cc1ccccc1.O',)","('[Cs+].[F-]',)"
3254,8,"('No Solvent',)","('O=C([O-])O.[Na+],O=C([O-])[O-].[Na+].[Na+]',)"
3254,9,"('O.CCOC(C)=O.C1COCCO1',)","('CCN(CC)CC',)"
3254,10,"('CN(C)C=O.O',)","('[K+].[F-]',)"
2047,1,"('C1COCCO1',)","('O=C([O-])[O-].[Cs+].[Cs+]',)"
2047,2,"('O.C1COCCO1',)","('O=C([O-])[O-].[Na+].[Na+]',)"
2047,3,"('CN(C)C=O',)","('O=C([O-])[O-].[K+].[K+]',)"
2047,4,"('CCO.Cc1ccccc1',)","('O=P([O-])([O-])[O-].[K+].[K+].[K+]',)"
2047,5,"('O.CCOC(C)=O.C1COCCO1',)","('[Cs+].[F-]',)"
2047,6,"('No Solvent',)","('O=C([O-])O.[Na+]',)"
2047,7,"('O.C1COCCO1.ClCCl',)","('No Base',)"
2047,8,"('CCO.O.COCCOC',)","('[K+].[F-]',)"
2047,9,"('O.COCCOC',)","('CC(=O)[O-].[K+]',)"
2047,10,"('O.COCCOC.ClCCl',)","('[OH-].[Na+]',)"
1052,1,"('CCCO',)","('O=C([O-])[O-].[Na+].[Na+]',)"
1052,2,"('COCCOC',)","('O=C([O-])[O-].[K+].[K+]',)"
1052,3,"('O.COCCOC',)","('O=P([O-])([O-])[O-].[K+].[K+].[K+]',)"
1052,4,"('C1COCCO1',)","('O=C([O-])O.[Na+]',)"
1052,5,"('O.C1COCCO1',)","('O=C([O-])[O-].[Cs+].[Cs+]',)"
1052,6,"('C1COCCO1.ClCCl',)","('No Base',)"
1052,7,"('O.CC#N',)","('[K+].[F-]',)"
1052,8,"('COCCOC.CCOC(C)=O',)","('[Cs+].[F-]',)"
1052,9,"('CCO.Cc1ccccc1.O',)","('O=C([O-])O.[Na+],O=C([O-])[O-].[Na+].[Na+]',)"
1052,10,"('O.CCOC(C)=O.C1COCCO1',)","('[OH-].[Na+]',)"
2660,1,"('O.C1COCCO1',)","('O=C([O-])[O-].[Na+].[Na+]',)"
2660,2,"('COCCOC',)","('O=C([O-])[O-].[K+].[K+]',)"
2660,3,"('No Solvent',)","('O=C([O-])O.[Na+]',)"
2660,4,"('O.CCOC(C)=O.C1COCCO1',)","('O=C([O-])[O-].[Cs+].[Cs+]',)"
2660,5,"('CCO.Cc1ccccc1.O',)","('O=P([O-])([O-])[O-].[K+].[K+].[K+]',)"
2660,6,"('O.COCCOC',)","('No Base',)"
2660,7,"('O.C1COCCO1.ClCCl',)","('CCN(CC)CC',)"
2660,8,"('CN(C)C=O',)","('O=C([O-])O.[Na+],O=C([O-])[O-].[Na+].[Na+]',)"
2660,9,"('CCO.Cc1ccccc1',)","('[K+].[F-]',)"
2660,10,"('C1COCCO1',)","('[Cs+].[F-]',)"
2458,1,"('O.C1COCCO1',)","('O=C([O-])[O-].[K+].[K+]',)"
2458,2,"('No Solvent',)","('O=P([O-])([O-])[O-].[K+].[K+].[K+]',)"
2458,3,"('COCCOC',)","('O=C([O-])[O-].[Na+].[Na+]',)"
2458,4,"('CCO.Cc1ccccc1',)","('No Base',)"
2458,5,"('CN(C)C=O.O',)","('O=C([O-])O.[Na+]',)"
2458,6,"('C1COCCO1',)","('O=C([O-])[O-].[Cs+].[Cs+]',)"
2458,7,"('CCO.Cc1ccccc1.O',)","('[OH-].[Na+]',)"
2458,8,"('O.COCCOC.ClCCl',)","('[K+].[F-]',)"
2458,9,"('CN(C)C=O',)","('O=C([O-])[O-].[Na+].[Na+],[OH-].[Na+]',)"
2458,10,"('O.C1CCOC1',)","('O=C([O-])O.[Na+],O=C([O-])[O-].[Na+].[Na+]',)"
3279,1,"('O.C1COCCO1',)","('O=C([O-])[O-].[K+].[K+]',)"
3279,2,"('C1COCCO1',)","('O=C([O-])[O-].[Na+].[Na+]',)"
3279,3,"('CCO.Cc1ccccc1',)","('O=P([O-])([O-])[O-].[K+].[K+].[K+]',)"
3279,4,"('COCCOC',)","('O=C([O-])O.[Na+]',)"
3279,5,"('CN(C)C=O',)","('O=C([O-])[O-].[Cs+].[Cs+]',)"
3279,6,"('CCO.Cc1ccccc1.O',)","('No Base',)"
3279,7,"('CN(C)C=O.O',)","('O=C([O-])O.[Na+],O=C([O-])[O-].[Na+].[Na+]',)"
3279,8,"('C1COCCO1.ClCCl',)","('[Cs+].[F-]',)"
3279,9,"('O.COCCOC',)","('[OH-].[Na+]',)"
3279,10,"('No Solvent',)","('CCN(CC)CC',)"
2631,1,"('O.COCCOC.ClCCl',)","('O=C([O-])O.[Na+]',)"
2631,2,"('O.C1COCCO1.ClCCl',)","('O=C([O-])[O-].[Na+].[Na+]',)"
2631,3,"('CO.O.C1COCCO1.ClCCl',)","('O=C([O-])[O-].[K+].[K+]',)"
2631,4,"('CN(C)C=O',)","('O=C([O-])[O-].[Cs+].[Cs+]',)"
2631,5,"('COCCOC',)","('No Base',)"
2631,6,"('CN(C)C=O.O',)","('O=P([O-])([O-])[O-].[K+].[K+].[K+]',)"
2631,7,"('No Solvent',)","('[Cs+].[F-]',)"
2631,8,"('O.C1COCCO1',)","('[K+].[F-]',)"
2631,9,"('O.CCOC(C)=O.C1COCCO1',)","('CCN(CC)CC',)"
2631,10,"('C1COCCO1',)","('CC(=O)[O-].[K+]',)"
5386,1,"('O.C1COCCO1',)","('O=C([O-])[O-].[Cs+].[Cs+]',)"
5386,2,"('O.CCOC(C)=O.C1COCCO1',)","('O=C([O-])[O-].[Na+].[Na+]',)"
5386,3,"('CN(C)C=O',)","('O=C([O-])[O-].[K+].[K+]',)"
5386,4,"('CCO.Cc1ccccc1.O',)","('O=P([O-])([O-])[O-].[K+].[K+].[K+]',)"
5386,5,"('COCCOC',)","('O=C([O-])O.[Na+]',)"
5386,6,"('C1COCCO1',)","('No Base',)"
5386,7,"('O.C1COCCO1.ClCCl',)","('[Cs+].[F-]',)"
5386,8,"('CN(C)C=O.O',)","('CCN(CC)CC',)"
5386,9,"('No Solvent',)","('[K+].[F-]',)"
5386,10,"('O.CC#N',)","('O=C([O-])O.[Na+],O=C([O-])[O-].[Na+].[Na+]',)"
2980,1,"('O.C1COCCO1',)","('O=C([O-])[O-].[Na+].[Na+]',)"
2980,2,"('C1COCCO1',)","('O=C([O-])[O-].[Cs+].[Cs+]',)"
2980,3,"('CN(C)C=O.O',)","('No Base',)"
2980,4,"('COCCOC',)","('O=C([O-])O.[Na+]',)"
2980,5,"('No Solvent',)","('O=P([O-])([O-])[O-].[K+].[K+].[K+]',)"
2980,6,"('O.CC#N',)","('O=C([O-])[O-].[K+].[K+]',)"
2980,7,"('CCO.Cc1ccccc1.O',)","('[Cs+].[F-]',)"
2980,8,"('CN(C)C=O',)","('[K+].[F-]',)"
2980,9,"('CCO.O.COCCOC',)","('[OH-].[Na+]',)"
2980,10,"('O.CCOC(C)=O.C1COCCO1',)","('CCN(CC)CC',)"
4422,1,"('COCCOC',)","('O=C([O-])[O-].[Na+].[Na+]',)"
4422,2,"('C1COCCO1',)","('O=C([O-])[O-].[K+].[K+]',)"
4422,3,"('CN(C)C=O',)","('O=P([O-])([O-])[O-].[K+].[K+].[K+]',)"
4422,4,"('CN(C)C=O.O',)","('No Base',)"
4422,5,"('CCO.Cc1ccccc1.O',)","('O=C([O-])[O-].[Cs+].[Cs+]',)"
4422,6,"('CCO.Cc1ccccc1',)","('O=C([O-])O.[Na+]',)"
4422,7,"('O.CC#N',)","('[Cs+].[F-]',)"
4422,8,"('O.COCCOC',)","('CCN(CC)CC',)"
4422,9,"('Cc1ccccc1',)","('O=C([O-])O.[Na+],O=C([O-])[O-].[Na+].[Na+]',)"
4422,10,"('O.CCOC(C)=O.C1COCCO1',)","('[K+].[F-]',)"
4844,1,"('O.C1COCCO1',)","('O=C([O-])[O-].[Cs+].[Cs+]',)"
4844,2,"('O.CCOC(C)=O.C1COCCO1',)","('O=C([O-])[O-].[Na+].[Na+]',)"
4844,3,"('COCCOC',)","('O=P([O-])([O-])[O-].[K+].[K+].[K+]',)"
4844,4,"('CCO.Cc1ccccc1',)","('O=C([O-])[O-].[K+].[K+]',)"
4844,5,"('O.COCCOC',)","('No Base',)"
4844,6,"('CCO.Cc1ccccc1.O',)","('O=C([O-])O.[Na+]',)"
4844,7,"('CN(C)C=O.O',)","('[K+].[F-]',)"
4844,8,"('No Solvent',)","('[Cs+].[F-]',)"
4844,9,"('CN(C)C=O',)","('O=C([O-])O.[Na+],O=C([O-])[O-].[Na+].[Na+]',)"
4844,10,"('CCO.O.COCCOC',)","('CCN(CC)CC',)"
76,1,"('CCO.Cc1ccccc1.O',)","('O=C([O-])[O-].[Na+].[Na+]',)"
76,2,"('O.COCCOC',)","('O=C([O-])[O-].[K+].[K+]',)"
76,3,"('CN(C)C=O.O',)","('O=C([O-])[O-].[Cs+].[Cs+]',)"
76,4,"('C1COCCO1',)","('O=C([O-])O.[Na+]',)"
76,5,"('O.C1COCCO1',)","('No Base',)"
76,6,"('No Solvent',)","('O=P([O-])([O-])[O-].[K+].[K+].[K+]',)"
76,7,"('COCCOC',)","('[K+].[F-]',)"
76,8,"('O.CCOC(C)=O.C1COCCO1',)","('CCN(CC)CC',)"
76,9,"('Cc1ccccc1',)","('[OH-].[Na+]',)"
76,10,"('O.C1CCOC1',)","('[Cs+].[F-]',)"
2544,1,"('CN(C)C=O.O',)","('O=C([O-])[O-].[Na+].[Na+]',)"
2544,2,"('O.C1COCCO1',)","('O=C([O-])[O-].[K+].[K+]',)"
2544,3,"('CN(C)C=O',)","('O=P([O-])([O-])[O-].[K+].[K+].[K+]',)"
2544,4,"('CCO.Cc1ccccc1',)","('No Base',)"
2544,5,"('O.CC#N',)","('O=C([O-])[O-].[Cs+].[Cs+]',)"
2544,6,"('C1COCCO1',)","('O=C([O-])O.[Na+]',)"
2544,7,"('Cc1ccccc1',)","('[K+].[F-]',)"
2544,8,"('O.COCCOC',)","('[Cs+].[F-]',)"
2544,9,"('O.CCOC(C)=O.C1COCCO1',)","('O=C([O-])O.[Na+],O=C([O-])[O-].[Na+].[Na+]',)"
2544,10,"('No Solvent',)","('CCN(CC)CC',)"
5167,1,"('O.C1COCCO1',)","('O=C([O-])[O-].[Na+].[Na+]',)"
5167,2,"('O.COCCOC',)","('O=C([O-])[O-].[K+].[K+]',)"
5167,3,"('CN(C)C=O.O',)","('O=P([O-])([O-])[O-].[K+].[K+].[K+]',)"
5167,4,"('CN(C)C=O',)","('O=C([O-])[O-].[Cs+].[Cs+]',)"
5167,5,"('COCCOC',)","('O=C([O-])O.[Na+]',)"
5167,6,"('CCO.Cc1ccccc1',)","('No Base',)"
5167,7,"('C1COCCO1',)","('[Cs+].[F-]',)"
5167,8,"('No Solvent',)","('[K+].[F-]',)"
5167,9,"('O.CCOC(C)=O.C1COCCO1',)","('O=C([O-])O.[Na+],O=C([O-])[O-].[Na+].[Na+]',)"
5167,10,"('CCO.Cc1ccccc1.O',)","('[OH-].[Na+]',)"
1243,1,"('No Solvent',)","('O=C([O-])[O-].[K+].[K+]',)"
1243,2,"('O.COCCOC',)","('O=C([O-])[O-].[Na+].[Na+]',)"
1243,3,"('C1COCCO1',)","('O=C([O-])O.[Na+]',)"
1243,4,"('COCCOC',)","('O=P([O-])([O-])[O-].[K+].[K+].[K+]',)"
1243,5,"('CCO.Cc1ccccc1',)","('No Base',)"
1243,6,"('O.C1COCCO1',)","('O=C([O-])[O-].[Cs+].[Cs+]',)"
1243,7,"('O.C1COCCO1.ClCCl',)","('[Cs+].[F-]',)"
1243,8,"('COCCOC.CCOC(C)=O',)","('[K+].[F-]',)"
1243,9,"('CCO.O.COCCOC',)","('O=C([O-])O.[Na+],O=C([O-])[O-].[Na+].[Na+]',)"
1243,10,"('CN(C)C=O',)","('[OH-].[Na+]',)"
2676,1,"('COCCOC',)","('O=C([O-])[O-].[K+].[K+]',)"
2676,2,"('O.C1COCCO1.ClCCl',)","('O=C([O-])[O-].[Na+].[Na+]',)"
2676,3,"('C1COCCO1',)","('O=P([O-])([O-])[O-].[K+].[K+].[K+]',)"
2676,4,"('CCO.Cc1ccccc1',)","('O=C([O-])[O-].[Cs+].[Cs+]',)"
2676,5,"('CCO.O.COCCOC',)","('No Base',)"
2676,6,"('No Solvent',)","('O=C([O-])O.[Na+]',)"
2676,7,"('CCO.Cc1ccccc1.O',)","('[Cs+].[F-]',)"
2676,8,"('O.C1COCCO1',)","('O=C([O-])O.[Na+],O=C([O-])[O-].[Na+].[Na+]',)"
2676,9,"('CO.O.C1COCCO1.CCOC(C)=O',)","('CC(=O)[O-].[K+]',)"
2676,10,"('O.CCOC(C)=O.C1COCCO1',)","('[K+].[F-]',)"
2499,1,"('Cc1ccccc1.O',)","('O=C([O-])[O-].[Na+].[Na+]',)"
2499,2,"('O.C1COCCO1',)","('O=C([O-])[O-].[K+].[K+]',)"
2499,3,"('CCO.Cc1ccccc1',)","('O=C([O-])[O-].[Cs+].[Cs+]',)"
2499,4,"('COCCOC',)","('No Base',)"
2499,5,"('CN(C)C=O.O',)","('O=C([O-])O.[Na+]',)"
2499,6,"('O.CCOC(C)=O.C1COCCO1',)","('O=P([O-])([O-])[O-].[K+].[K+].[K+]',)"
2499,7,"('COCCOC.ClCCl',)","('[Cs+].[F-]',)"
2499,8,"('CCO.Cc1ccccc1.O',)","('CCN(CC)CC',)"
2499,9,"('CCO.COCCOC',)","('[K+].[F-]',)"
2499,10,"('CC(C)O',)","('CC(=O)[O-].[K+]',)"
424,1,"('COCCOC',)","('O=C([O-])[O-].[Na+].[Na+]',)"
424,2,"('O.COCCOC',)","('O=C([O-])[O-].[K+].[K+]',)"
424,3,"('CCO.Cc1ccccc1',)","('O=C([O-])O.[Na+]',)"
424,4,"('O.CC#N',)","('O=C([O-])O.[Na+],O=C([O-])[O-].[Na+].[Na+]',)"
424,5,"('O.COCCOC.CCOC(C)=O',)","('No Base',)"
424,6,"('Cc1ccccc1.O',)","('O=P([O-])([O-])[O-].[K+].[K+].[K+]',)"
424,7,"('C1COCCO1',)","('[K+].[F-]',)"
424,8,"('O.C1COCCO1',)","('[Cs+].[F-]',)"
424,9,"('CN(C)C=O.O',)","('O=C([O-])[O-].[Cs+].[Cs+]',)"
424,10,"('CC#N',)","('[OH-].[Na+]',)"
2876,1,"('O.COCCOC',)","('O=C([O-])[O-].[Na+].[Na+]',)"
2876,2,"('C1COCCO1',)","('O=C([O-])[O-].[K+].[K+]',)"
2876,3,"('COCCOC',)","('No Base',)"
2876,4,"('O.C1COCCO1',)","('O=P([O-])([O-])[O-].[K+].[K+].[K+]',)"
2876,5,"('CC#N',)","('O=C([O-])O.[Na+]',)"
2876,6,"('No Solvent',)","('O=C([O-])[O-].[Cs+].[Cs+]',)"
2876,7,"('CN(C)C=O',)","('[OH-].[Na+]',)"
2876,8,"('O.C1CCOC1',)","('O=C([O-])O.[Na+],O=C([O-])[O-].[Na+].[Na+]',)"
2876,9,"('CCO.Cc1ccccc1.O',)","('[Cs+].[F-]',)"
2876,10,"('O.COCCOC.ClCCl',)","('CCN(CC)CC',)"
1646,1,"('CCO.COCCOC',)","('O=C([O-])[O-].[Na+].[Na+]',)"
1646,2,"('CCO.O.COCCOC',)","('O=C([O-])[O-].[K+].[K+]',)"
1646,3,"('O.C1COCCO1',)","('O=P([O-])([O-])[O-].[K+].[K+].[K+]',)"
1646,4,"('COCCOC.ClCCl',)","('O=C([O-])O.[Na+]',)"
1646,5,"('CCO.Cc1ccccc1',)","('No Base',)"
1646,6,"('C1COCCO1',)","('O=C([O-])[O-].[Cs+].[Cs+]',)"
1646,7,"('Cc1ccccc1.O',)","('O=C([O-])O.[Na+],O=C([O-])[O-].[Na+].[Na+]',)"
1646,8,"('COCCOC',)","('[K+].[F-]',)"
1646,9,"('CCO.Cc1ccccc1.O',)","('[OH-].[Na+]',)"
1646,10,"('CN(C)C=O',)","('[Cs+].[F-]',)"
378,1,"('CN(C)C=O.O',)","('O=C([O-])[O-].[Na+].[Na+]',)"
378,2,"('CN(C)C=O',)","('O=P([O-])([O-])[O-].[K+].[K+].[K+]',)"
378,3,"('C1COCCO1',)","('O=C([O-])[O-].[K+].[K+]',)"
378,4,"('O.C1COCCO1',)","('O=C([O-])[O-].[Cs+].[Cs+]',)"
378,5,"('O.COCCOC',)","('No Base',)"
378,6,"('COCCOC',)","('O=C([O-])O.[Na+]',)"
378,7,"('COCCOC.ClCCl',)","('[K+].[F-]',)"
378,8,"('C1CCOC1',)","('CCN(CC)CC',)"
378,9,"('COCCOC.CCOC(C)=O',)","('[Cs+].[F-]',)"
378,10,"('No Solvent',)","('[OH-].[Na+]',)"
4719,1,"('CN(C)C=O.O',)","('O=C([O-])[O-].[Cs+].[Cs+]',)"
4719,2,"('CN(C)C=O',)","('O=C([O-])[O-].[Na+].[Na+]',)"
4719,3,"('No Solvent',)","('O=C([O-])[O-].[K+].[K+]',)"
4719,4,"('CCO.Cc1ccccc1.O',)","('O=P([O-])([O-])[O-].[K+].[K+].[K+]',)"
4719,5,"('O.C1COCCO1',)","('No Base',)"
4719,6,"('C1COCCO1',)","('O=C([O-])O.[Na+]',)"
4719,7,"('COCCOC',)","('[K+].[F-]',)"
4719,8,"('CCO.O.COCCOC',)","('[Cs+].[F-]',)"
4719,9,"('O.CC#N',)","('CCN(CC)CC',)"
4719,10,"('O.C1COCCO1.ClCCl',)","('CC(=O)[O-].[K+]',)"
2314,1,"('O.C1COCCO1.ClCCl',)","('O=C([O-])[O-].[K+].[K+]',)"
2314,2,"('CCO.Cc1ccccc1.O',)","('O=C([O-])[O-].[Na+].[Na+]',)"
2314,3,"('O.COCCOC',)","('O=P([O-])([O-])[O-].[K+].[K+].[K+]',)"
2314,4,"('CN(C)C=O.O',)","('O=C([O-])O.[Na+]',)"
2314,5,"('C1COCCO1',)","('O=C([O-])[O-].[Cs+].[Cs+]',)"
2314,6,"('COCCOC',)","('No Base',)"
2314,7,"('CCO.Cc1ccccc1',)","('O=C([O-])O.[Na+],O=C([O-])[O-].[Na+].[Na+]',)"
2314,8,"('No Solvent',)","('[K+].[F-]',)"
2314,9,"('O.C1COCCO1',)","('[OH-].[Na+]',)"
2314,10,"('O.C1CCOC1',)","('CCN(CC)CC',)"
2898,1,"('O.COCCOC',)","('O=C([O-])[O-].[Na+].[Na+]',)"
2898,2,"('O.C1COCCO1',)","('O=C([O-])[O-].[K+].[K+]',)"
2898,3,"('No Solvent',)","('O=P([O-])([O-])[O-].[K+].[K+].[K+]',)"
2898,4,"('COCCOC',)","('O=C([O-])O.[Na+]',)"
2898,5,"('CN(C)C=O.O',)","('O=C([O-])[O-].[Cs+].[Cs+]',)"
2898,6,"('CN(C)C=O',)","('No Base',)"
2898,7,"('Cc1ccccc1.O',)","('[Cs+].[F-]',)"
2898,8,"('O.C1COCCO1.ClCCl',)","('CCN(CC)CC',)"
2898,9,"('COCCOC.ClCCl',)","('CC(=O)[O-].[K+]',)"
2898,10,"('CN(C)C=O.CCOC(C)=O',)","('[K+].[F-]',)"
3253,1,"('O.C1COCCO1',)","('O=C([O-])[O-].[K+].[K+]',)"
3253,2,"('No Solvent',)","('O=P([O-])([O-])[O-].[K+].[K+].[K+]',)"
3253,3,"('CCO.O.COCCOC',)","('O=C([O-])[O-].[Cs+].[Cs+]',)"
3253,4,"('C1COCCO1.ClCCl',)","('O=C([O-])[O-].[Na+].[Na+]',)"
3253,5,"('COCCOC',)","('No Base',)"
3253,6,"('CN(C)C=O.O',)","('O=C([O-])O.[Na+]',)"
3253,7,"('O.C1COCCO1.ClCCl',)","('[Cs+].[F-]',)"
3253,8,"('C1COCCO1',)","('[K+].[F-]',)"
3253,9,"('O.C1CCOC1',)","('O=C([O-])O.[Na+],O=C([O-])[O-].[Na+].[Na+]',)"
3253,10,"('CCCCCCC.CCOC(C)=O',)","('[OH-].[Na+]',)"
3224,1,"('CCO.COCCOC',)","('O=C([O-])[O-].[Na+].[Na+]',)"
3224,2,"('CCO.Cc1ccccc1.O',)","('O=C([O-])[O-].[Cs+].[Cs+]',)"
3224,3,"('CN(C)C=O',)","('O=C([O-])[O-].[K+].[K+]',)"
3224,4,"('No Solvent',)","('O=C([O-])O.[Na+]',)"
3224,5,"('O.C1COCCO1',)","('No Base',)"
3224,6,"('O.C1COCCO1.ClCCl',)","('O=P([O-])([O-])[O-].[K+].[K+].[K+]',)"
3224,7,"('C1COCCO1',)","('[Cs+].[F-]',)"
3224,8,"('COCCOC',)","('[OH-].[Na+]',)"
3224,9,"('Cc1ccccc1.O',)","('[K+].[F-]',)"
3224,10,"('CN(C)C=O.O',)","('O=C([O-])O.[Na+],O=C([O-])[O-].[Na+].[Na+]',)"
4347,1,"('O.COCCOC',)","('O=C([O-])[O-].[Na+].[Na+]',)"
4347,2,"('O.C1COCCO1',)","('O=C([O-])[O-].[K+].[K+]',)"
4347,3,"('O.CCOC(C)=O.C1COCCO1',)","('O=P([O-])([O-])[O-].[K+].[K+].[K+]',)"
4347,4,"('CCO.Cc1ccccc1.O.CCOC(C)=O',)","('O=C([O-])O.[Na+]',)"
4347,5,"('CCO.Cc1ccccc1.O',)","('CCN(CC)CC',)"
4347,6,"('COCCOC',)","('No Base',)"
4347,7,"('C1COCCO1',)","('O=C([O-])[O-].[Cs+].[Cs+]',)"
4347,8,"('CN(C)C=O',)","('O=C([O-])O.[Na+],O=C([O-])[O-].[Na+].[Na+]',)"
4347,9,"('CCO.Cc1ccccc1.CCOC(C)=O',)","('[Cs+].[F-]',)"
4347,10,"('O.C1CCOC1',)","('[K+].[F-]',)"
4211,1,"('CCO.Cc1ccccc1',)","('O=C([O-])[O-].[K+].[K+]',)"
4211,2,"('COCCOC',)","('O=C([O-])[O-].[Na+].[Na+]',)"
4211,3,"('O.COCCOC',)","('O=P([O-])([O-])[O-].[K+].[K+].[K+]',)"
4211,4,"('CCO.Cc1ccccc1.O',)","('No Base',)"
4211,5,"('C1COCCO1',)","('O=C([O-])O.[Na+]',)"
4211,6,"('O.C1COCCO1',)","('O=C([O-])[O-].[Cs+].[Cs+]',)"
4211,7,"('No Solvent',)","('[Cs+].[F-]',)"
4211,8,"('O.CC#N',)","('[K+].[F-]',)"
4211,9,"('CN(C)C=O',)","('CCN(CC)CC',)"
4211,10,"('COCCOC.CCOC(C)=O',)","('O=C([O-])O.[Na+],O=C([O-])[O-].[Na+].[Na+]',)"
3691,1,"('No Solvent',)","('O=C([O-])[O-].[Na+].[Na+]',)"
3691,2,"('C1COCCO1',)","('O=C([O-])O.[Na+]',)"
3691,3,"('COCCOC',)","('No Base',)"
3691,4,"('O.C1COCCO1',)","('O=C([O-])[O-].[K+].[K+]',)"
3691,5,"('CCO.Cc1ccccc1.O',)","('O=C([O-])O.[Na+],O=C([O-])[O-].[Na+].[Na+]',)"
3691,6,"('CN(C)C=O',)","('O=P([O-])([O-])[O-].[K+].[K+].[K+]',)"
3691,7,"('CCO.Cc1ccccc1',)","('O=C([O-])[O-].[Cs+].[Cs+]',)"
3691,8,"('CCO.Cc1ccccc1.CCOC(C)=O',)","('[Cs+].[F-]',)"
3691,9,"('C1CCOC1',)","('[K+].[F-]',)"
3691,10,"('O.COCCOC',)","('[OH-].[Na+]',)"
3008,1,"('O.C1COCCO1',)","('O=C([O-])[O-].[K+].[K+]',)"
3008,2,"('No Solvent',)","('O=C([O-])[O-].[Cs+].[Cs+]',)"
3008,3,"('COCCOC',)","('O=P([O-])([O-])[O-].[K+].[K+].[K+]',)"
3008,4,"('CN(C)C=O.O',)","('O=C([O-])[O-].[Na+].[Na+]',)"
3008,5,"('CN(C)C=O',)","('No Base',)"
3008,6,"('O.COCCOC',)","('O=C([O-])O.[Na+]',)"
3008,7,"('C1COCCO1',)","('[Cs+].[F-]',)"
3008,8,"('O.CCOC(C)=O.C1COCCO1',)","('[OH-].[Na+]',)"
3008,9,"('COCCOC.CCOC(C)=O',)","('CC(=O)[O-].[K+]',)"
3008,10,"('O.CC#N',)","('[K+].[F-]',)"
2972,1,"('CCO.Cc1ccccc1',)","('O=C([O-])[O-].[K+].[K+]',)"
2972,2,"('CN(C)C=O.O',)","('O=C([O-])[O-].[Na+].[Na+]',)"
2972,3,"('C1COCCO1',)","('O=C([O-])O.[Na+]',)"
2972,4,"('O.C1COCCO1',)","('O=P([O-])([O-])[O-].[K+].[K+].[K+]',)"
2972,5,"('Cc1ccccc1.O',)","('No Base',)"
2972,6,"('COCCOC',)","('O=C([O-])[O-].[Cs+].[Cs+]',)"
2972,7,"('O.COCCOC',)","('[K+].[F-]',)"
2972,8,"('CN(C)C=O',)","('O=C([O-])O.[Na+],O=C([O-])[O-].[Na+].[Na+]',)"
2972,9,"('No Solvent',)","('[OH-].[Na+]',)"
2972,10,"('O.C1CCOC1',)","('CCN(CC)CC',)"
4614,1,"('No Solvent',)","('O=C([O-])[O-].[Na+].[Na+]',)"
4614,2,"('CCOC(C)=O.CC#N',)","('O=P([O-])([O-])[O-].[K+].[K+].[K+]',)"
4614,3,"('O.C1COCCO1',)","('O=C([O-])[O-].[K+].[K+]',)"
4614,4,"('CN(C)C=O.O',)","('O=C([O-])[O-].[Cs+].[Cs+]',)"
4614,5,"('CN(C)C=O',)","('O=C([O-])O.[Na+]',)"
4614,6,"('CCO.Cc1ccccc1',)","('No Base',)"
4614,7,"('C1COCCO1',)","('[K+].[F-]',)"
4614,8,"('O.COCCOC',)","('[Cs+].[F-]',)"
4614,9,"('O.COCCOC.CCOC(C)=O',)","('[OH-].[Na+]',)"
4614,10,"('O.CCOC(C)=O.C1COCCO1',)","('O=C([O-])O.[Na+],O=C([O-])[O-].[Na+].[Na+]',)"
1545,1,"('No Solvent',)","('O=C([O-])[O-].[Cs+].[Cs+]',)"
1545,2,"('COCCOC',)","('O=C([O-])[O-].[Na+].[Na+]',)"
1545,3,"('CCO.Cc1ccccc1.O',)","('O=C([O-])[O-].[K+].[K+]',)"
1545,4,"('C1COCCO1',)","('No Base',)"
1545,5,"('O.COCCOC',)","('[K+].[F-]',)"
1545,6,"('CN(C)C=O',)","('O=P([O-])([O-])[O-].[K+].[K+].[K+]',)"
1545,7,"('O.CCOC(C)=O.C1COCCO1',)","('O=C([O-])O.[Na+]',)"
1545,8,"('CN(C)C=O.O.CCOC(C)=O',)","('[OH-].[Na+]',)"
1545,9,"('O.CC#N',)","('O=C([O-])O.[Na+],O=C([O-])[O-].[Na+].[Na+]',)"
1545,10,"('O.C1COCCO1',)","('[Cs+].[F-]',)"
153,1,"('O.COCCOC',)","('O=C([O-])O.[Na+]',)"
153,2,"('COCCOC',)","('O=C([O-])[O-].[Na+].[Na+]',)"
153,3,"('O.COCCOC.CCOC(C)=O',)","('O=C([O-])[O-].[K+].[K+]',)"
153,4,"('CCO.Cc1ccccc1',)","('O=C([O-])[O-].[Cs+].[Cs+]',)"
153,5,"('CN(C)C=O.O',)","('No Base',)"
153,6,"('C1COCCO1',)","('O=P([O-])([O-])[O-].[K+].[K+].[K+]',)"
153,7,"('Cc1ccccc1',)","('O=C([O-])O.[Na+],O=C([O-])[O-].[Na+].[Na+]',)"
153,8,"('O.CCOC(C)=O.C1COCCO1',)","('[K+].[F-]',)"
153,9,"('O.C1COCCO1.ClCCl',)","('[OH-].[Na+]',)"
153,10,"('O.C1COCCO1',)","('CCN(CC)CC',)"
3388,1,"('CCO.COCCOC',)","('O=C([O-])[O-].[Na+].[Na+]',)"
3388,2,"('CCO.Cc1ccccc1',)","('O=C([O-])[O-].[K+].[K+]',)"
3388,3,"('COCCOC',)","('O=C([O-])O.[Na+]',)"
3388,4,"('C1COCCO1',)","('O=C([O-])[O-].[Cs+].[Cs+]',)"
3388,5,"('O.COCCOC',)","('O=P([O-])([O-])[O-].[K+].[K+].[K+]',)"
3388,6,"('O.C1COCCO1',)","('No Base',)"
3388,7,"('Cc1ccccc1',)","('O=C([O-])O.[Na+],O=C([O-])[O-].[Na+].[Na+]',)"
3388,8,"('CCO.Cc1ccccc1.O',)","('[Cs+].[F-]',)"
3388,9,"('O.CC#N',)","('[K+].[F-]',)"
3388,10,"('COCCOC.ClCCl',)","('CCN(CC)CC',)"
4504,1,"('No Solvent',)","('No Base',)"
4504,2,"('O.COCCOC',)","('O=C([O-])[O-].[Na+].[Na+]',)"
4504,3,"('COCCOC',)","('O=C([O-])[O-].[Cs+].[Cs+]',)"
4504,4,"('CN(C)C=O.O',)","('O=C([O-])[O-].[K+].[K+]',)"
4504,5,"('O.C1CCOC1',)","('O=P([O-])([O-])[O-].[K+].[K+].[K+]',)"
4504,6,"('O.C1COCCO1',)","('O=C([O-])O.[Na+]',)"
4504,7,"('CCO.Cc1ccccc1',)","('O=C([O-])O.[Na+],O=C([O-])[O-].[Na+].[Na+]',)"
4504,8,"('CN(C)C=O',)","('[K+].[F-]',)"
4504,9,"('COCCOC.ClCCl',)","('[Cs+].[F-]',)"
4504,10,"('C1COCCO1',)","('[OH-].[Na+]',)"
2573,1,"('No Solvent',)","('O=P([O-])([O-])[O-].[K+].[K+].[K+]',)"
2573,2,"('O.COCCOC',)","('O=C([O-])[O-].[Na+].[Na+]',)"
2573,3,"('C1COCCO1',)","('O=C([O-])[O-].[K+].[K+]',)"
2573,4,"('O.C1COCCO1',)","('O=C([O-])O.[Na+]',)"
2573,5,"('CN(C)C=O',)","('O=C([O-])[O-].[Cs+].[Cs+]',)"
2573,6,"('COCCOC',)","('No Base',)"
2573,7,"('O.CC#N',)","('[K+].[F-]',)"
2573,8,"('CC#N',)","('[Cs+].[F-]',)"
2573,9,"('CN(C)C=O.O',)","('O=C([O-])O.[Na+],O=C([O-])[O-].[Na+].[Na+]',)"
2573,10,"('COCCOC.CCOC(C)=O',)","('CCN(CC)CC',)"
4647,1,"('O.COCCOC',)","('O=C([O-])[O-].[Na+].[Na+]',)"
4647,2,"('COCCOC',)","('O=P([O-])([O-])[O-].[K+].[K+].[K+]',)"
4647,3,"('CN(C)C=O.O',)","('No Base',)"
4647,4,"('COCCOC.CCOC(C)=O',)","('O=C([O-])O.[Na+]',)"
4647,5,"('O.C1COCCO1',)","('O=C([O-])[O-].[K+].[K+]',)"
4647,6,"('O.CCOC(C)=O.C1COCCO1',)","('O=C([O-])[O-].[Cs+].[Cs+]',)"
4647,7,"('No Solvent',)","('[K+].[F-]',)"
4647,8,"('O.CC#N',)","('CC(=O)[O-].[K+]',)"
4647,9,"('C1COCCO1',)","('[Cs+].[F-]',)"
4647,10,"('CCO.Cc1ccccc1',)","('O=C([O-])O.[Na+],O=C([O-])[O-].[Na+].[Na+]',)"
1446,1,"('No Solvent',)","('O=C([O-])[O-].[Na+].[Na+]',)"
1446,2,"('O.COCCOC',)","('O=C([O-])O.[Na+],O=C([O-])[O-].[Na+].[Na+]',)"
1446,3,"('COCCOC',)","('O=C([O-])[O-].[K+].[K+]',)"
1446,4,"('CCO.Cc1ccccc1',)","('O=C([O-])O.[Na+]',)"
1446,5,"('O.CCOC(C)=O.C1COCCO1',)","('[K+].[F-]',)"
1446,6,"('O.C1COCCO1',)","('No Base',)"
1446,7,"('C1COCCO1',)","('O=P([O-])([O-])[O-].[K+].[K+].[K+]',)"
1446,8,"('CCO.Cc1ccccc1.O',)","('O=C([O-])[O-].[Cs+].[Cs+]',)"
1446,9,"('O.CCOC(C)=O.COCCOC',)","('CCN(CC)CC',)"
1446,10,"('Cc1ccccc1',)","('[OH-].[Na+]',)"
3984,1,"('O.COCCOC',)","('O=C([O-])[O-].[Na+].[Na+]',)"
3984,2,"('CCO.Cc1ccccc1.O',)","('O=C([O-])[O-].[K+].[K+]',)"
3984,3,"('COCCOC',)","('O=C([O-])[O-].[Cs+].[Cs+]',)"
3984,4,"('O.C1COCCO1',)","('O=P([O-])([O-])[O-].[K+].[K+].[K+]',)"
3984,5,"('C1COCCO1',)","('O=C([O-])O.[Na+]',)"
3984,6,"('O.COCCOC.CCOC(C)=O',)","('No Base',)"
3984,7,"('No Solvent',)","('[K+].[F-]',)"
3984,8,"('CN(C)C=O.O',)","('O=C([O-])O.[Na+],O=C([O-])[O-].[Na+].[Na+]',)"
3984,9,"('CN(C)C=O',)","('CC(=O)[O-].[K+]',)"
3984,10,"('Cc1ccccc1.O',)","('CCN(CC)CC',)"
5241,1,"('COCCOC.CCOC(C)=O',)","('O=C([O-])[O-].[Na+].[Na+]',)"
5241,2,"('COCCOC',)","('O=P([O-])([O-])[O-].[K+].[K+].[K+]',)"
5241,3,"('C1COCCO1',)","('O=C([O-])[O-].[K+].[K+]',)"
5241,4,"('CC#N',)","('No Base',)"
5241,5,"('CN(C)C=O',)","('[Cs+].[F-]',)"
5241,6,"('Cc1ccccc1',)","('O=C([O-])[O-].[Cs+].[Cs+]',)"
5241,7,"('O.COCCOC',)","('[K+].[F-]',)"
5241,8,"('O.C1COCCO1',)","('O=C([O-])O.[Na+]',)"
5241,9,"('O.CC#N',)","('CCN(CC)CC',)"
5241,10,"('COCCOC.ClCCl',)","('O=C([O-])O.[Na+],O=C([O-])[O-].[Na+].[Na+]',)"
1556,1,"('O.COCCOC',)","('O=C([O-])[O-].[K+].[K+]',)"
1556,2,"('O.C1COCCO1',)","('O=C([O-])[O-].[Na+].[Na+]',)"
1556,3,"('CCO.O.COCCOC',)","('O=C([O-])O.[Na+]',)"
1556,4,"('No Solvent',)","('O=P([O-])([O-])[O-].[K+].[K+].[K+]',)"
1556,5,"('COCCOC',)","('No Base',)"
1556,6,"('C1COCCO1',)","('O=C([O-])[O-].[Cs+].[Cs+]',)"
1556,7,"('O.COCCOC.CCOC(C)=O',)","('O=C([O-])O.[Na+],O=C([O-])[O-].[Na+].[Na+]',)"
1556,8,"('CN(C)C=O.O',)","('[Cs+].[F-]',)"
1556,9,"('CCO.Cc1ccccc1',)","('[K+].[F-]',)"
1556,10,"('O.CC#N',)","('[OH-].[Na+]',)"
3802,1,"('O.C1COCCO1',)","('O=C([O-])[O-].[K+].[K+]',)"
3802,2,"('CN(C)C=O',)","('O=C([O-])[O-].[Na+].[Na+]',)"
3802,3,"('CCO.Cc1ccccc1.O',)","('O=P([O-])([O-])[O-].[K+].[K+].[K+]',)"
3802,4,"('CN(C)C=O.O',)","('O=C([O-])[O-].[Cs+].[Cs+]',)"
3802,5,"('C1COCCO1',)","('No Base',)"
3802,6,"('CCO.Cc1ccccc1',)","('O=C([O-])O.[Na+]',)"
3802,7,"('COCCOC.CCOC(C)=O',)","('[Cs+].[F-]',)"
3802,8,"('COCCOC',)","('[K+].[F-]',)"
3802,9,"('O.C1COCCO1.ClCCl',)","('O=C([O-])O.[Na+],O=C([O-])[O-].[Na+].[Na+]',)"
3802,10,"('O.CCOC(C)=O.COCCOC',)","('CC(=O)[O-].[K+]',)"
1709,1,"('O.C1COCCO1',)","('O=C([O-])[O-].[Na+].[Na+]',)"
1709,2,"('Cc1ccccc1',)","('O=C([O-])[O-].[K+].[K+]',)"
1709,3,"('C1COCCO1',)","('No Base',)"
1709,4,"('CCO.Cc1ccccc1',)","('O=C([O-])[O-].[Cs+].[Cs+]',)"
1709,5,"('O.CCOC(C)=O.C1COCCO1',)","('O=P([O-])([O-])[O-].[K+].[K+].[K+]',)"
1709,6,"('No Solvent',)","('O=C([O-])O.[Na+]',)"
1709,7,"('O.COCCOC',)","('[K+].[F-]',)"
1709,8,"('Cc1ccccc1.O',)","('O=C([O-])O.[Na+],O=C([O-])[O-].[Na+].[Na+]',)"
1709,9,"('COCCOC',)","('CCN(CC)CC',)"
1709,10,"('Cc1ccccc1.O.CCOC(C)=O',)","('[Cs+].[F-]',)"
3592,1,"('No Solvent',)","('O=C([O-])[O-].[Na+].[Na+]',)"
3592,2,"('O.COCCOC',)","('No Base',)"
3592,3,"('COCCOC',)","('O=C([O-])[O-].[Cs+].[Cs+]',)"
3592,4,"('C1CCOC1',)","('O=C([O-])O.[Na+]',)"
3592,5,"('O.C1COCCO1',)","('O=P([O-])([O-])[O-].[K+].[K+].[K+]',)"
3592,6,"('O.CC#N',)","('O=C([O-])[O-].[K+].[K+]',)"
3592,7,"('CN(C)C=O.O',)","('[K+].[F-]',)"
3592,8,"('O.COCCOC.CCOC(C)=O',)","('[Cs+].[F-]',)"
3592,9,"('COCCOC.CCOC(C)=O',)","('O=C([O-])O.[Na+],O=C([O-])[O-].[Na+].[Na+]',)"
3592,10,"('COCCOC.ClCCl',)","('CCN(CC)CC',)"
5105,1,"('O.C1COCCO1',)","('O=C([O-])[O-].[Na+].[Na+]',)"
5105,2,"('No Solvent',)","('O=C([O-])[O-].[K+].[K+]',)"
5105,3,"('CCO.Cc1ccccc1',)","('O=P([O-])([O-])[O-].[K+].[K+].[K+]',)"
5105,4,"('CCO.Cc1ccccc1.O',)","('O=C([O-])[O-].[Cs+].[Cs+]',)"
5105,5,"('O.CCOC(C)=O.C1COCCO1',)","('O=C([O-])O.[Na+]',)"
5105,6,"('O.COCCOC',)","('No Base',)"
5105,7,"('C1COCCO1',)","('[K+].[F-]',)"
5105,8,"('COCCOC.CCOC(C)=O',)","('[Cs+].[F-]',)"
5105,9,"('Cc1ccccc1',)","('O=C([O-])O.[Na+],O=C([O-])[O-].[Na+].[Na+]',)"
5105,10,"('Cc1ccccc1.O',)","('CCN(CC)CC',)"
4928,1,"('Cc1ccccc1',)","('O=C([O-])[O-].[Cs+].[Cs+]',)"
4928,2,"('O.C1COCCO1',)","('O=C([O-])[O-].[Na+].[Na+]',)"
4928,3,"('C1COCCO1',)","('O=P([O-])([O-])[O-].[K+].[K+].[K+]',)"
4928,4,"('COCCOC',)","('O=C([O-])[O-].[K+].[K+]',)"
4928,5,"('O.CCOC(C)=O.C1COCCO1',)","('O=C([O-])O.[Na+]',)"
4928,6,"('O.C1COCCO1.ClCCl',)","('[K+].[F-]',)"
4928,7,"('No Solvent',)","('No Base',)"
4928,8,"('O.COCCOC',)","('O=C([O-])O.[Na+],O=C([O-])[O-].[Na+].[Na+]',)"
4928,9,"('CCO.Cc1ccccc1',)","('[Cs+].[F-]',)"
4928,10,"('CN(C)C=O.O',)","('CCN(CC)CC',)"
372,1,"('O.COCCOC',)","('O=C([O-])[O-].[Na+].[Na+]',)"
372,2,"('COCCOC',)","('O=C([O-])[O-].[K+].[K+]',)"
372,3,"('CCO.Cc1ccccc1',)","('No Base',)"
372,4,"('O.C1COCCO1',)","('O=C([O-])O.[Na+]',)"
372,5,"('C1CCOC1',)","('O=P([O-])([O-])[O-].[K+].[K+].[K+]',)"
372,6,"('CCO.Cc1ccccc1.O',)","('O=C([O-])[O-].[Cs+].[Cs+]',)"
372,7,"('O.CCOC(C)=O.C1COCCO1',)","('O=C([O-])O.[Na+],O=C([O-])[O-].[Na+].[Na+]',)"
372,8,"('CN(C)C=O',)","('[OH-].[Na+]',)"
372,9,"('O.CC#N',)","('[Cs+].[F-]',)"
372,10,"('CN(C)C=O.O',)","('[K+].[F-]',)"
3284,1,"('C1COCCO1',)","('O=P([O-])([O-])[O-].[K+].[K+].[K+]',)"
3284,2,"('O.C1COCCO1',)","('O=C([O-])[O-].[Na+].[Na+]',)"
3284,3,"('O.CCOC(C)=O.C1COCCO1',)","('O=C([O-])[O-].[K+].[K+]',)"
3284,4,"('No Solvent',)","('O=C([O-])[O-].[Cs+].[Cs+]',)"
3284,5,"('Cc1ccccc1',)","('No Base',)"
3284,6,"('CN(C)C=O',)","('O=C([O-])O.[Na+]',)"
3284,7,"('COCCOC',)","('CCN(CC)CC',)"
3284,8,"('CCO.Cc1ccccc1.O',)","('[Cs+].[F-]',)"
3284,9,"('CCO.Cc1ccccc1',)","('[K+].[F-]',)"
3284,10,"('CN(C)C=O.O',)","('[OH-].[Na+]',)"
3051,1,"('C1COCCO1',)","('O=P([O-])([O-])[O-].[K+].[K+].[K+]',)"
3051,2,"('O.C1COCCO1',)","('O=C([O-])[O-].[Na+].[Na+]',)"
3051,3,"('O.COCCOC',)","('O=C([O-])[O-].[K+].[K+]',)"
3051,4,"('CN(C)C=O.O',)","('O=C([O-])[O-].[Cs+].[Cs+]',)"
3051,5,"('CN(C)C=O',)","('O=C([O-])O.[Na+]',)"
3051,6,"('COCCOC',)","('No Base',)"
3051,7,"('C1COCCO1.ClCCl',)","('[Cs+].[F-]',)"
3051,8,"('CC#N',)","('[K+].[F-]',)"
3051,9,"('O.CC#N',)","('O=C([O-])O.[Na+],O=C([O-])[O-].[Na+].[Na+]',)"
3051,10,"('CCO.Cc1ccccc1',)","('[OH-].[Na+]',)"
4729,1,"('O.COCCOC',)","('O=C([O-])[O-].[K+].[K+]',)"
4729,2,"('No Solvent',)","('O=C([O-])[O-].[Na+].[Na+]',)"
4729,3,"('CN(C)C=O',)","('No Base',)"
4729,4,"('O.CCOC(C)=O.C1COCCO1',)","('O=P([O-])([O-])[O-].[K+].[K+].[K+]',)"
4729,5,"('O.C1COCCO1',)","('O=C([O-])O.[Na+]',)"
4729,6,"('CCO.Cc1ccccc1',)","('O=C([O-])[O-].[Cs+].[Cs+]',)"
4729,7,"('C1COCCO1',)","('O=C([O-])O.[Na+],O=C([O-])[O-].[Na+].[Na+]',)"
4729,8,"('O.C1CCOC1',)","('[Cs+].[F-]',)"
4729,9,"('COCCOC',)","('CCN(CC)CC',)"
4729,10,"('CCO.Cc1ccccc1.O',)","('CC(=O)[O-].[K+]',)"
2069,1,"('O.C1COCCO1',)","('O=C([O-])[O-].[Na+].[Na+]',)"
2069,2,"('CCO.O.C1CCOC1',)","('O=C([O-])[O-].[K+].[K+]',)"
2069,3,"('CN(C)C=O.O.C1COCCO1',)","('O=C([O-])[O-].[Cs+].[Cs+]',)"
2069,4,"('Cc1ccccc1',)","('No Base',)"
2069,5,"('C1COCCO1',)","('O=P([O-])([O-])[O-].[K+].[K+].[K+]',)"
2069,6,"('O.CCOC(C)=O.C1COCCO1',)","('O=C([O-])O.[Na+]',)"
2069,7,"('O.CC#N',)","('O=C([O-])O.[Na+],O=C([O-])[O-].[Na+].[Na+]',)"
2069,8,"('CC#N',)","('[OH-].[Na+]',)"
2069,9,"('CCO.Cc1ccccc1',)","('[Cs+].[F-]',)"
2069,10,"('C1CCOC1',)","('[K+].[F-]',)"
3394,1,"('CN(C)C=O.CCOC(C)=O',)","('O=C([O-])[O-].[Na+].[Na+]',)"
3394,2,"('COCCOC',)","('O=C([O-])[O-].[Cs+].[Cs+]',)"
3394,3,"('No Solvent',)","('O=C([O-])[O-].[K+].[K+]',)"
3394,4,"('CCO.Cc1ccccc1',)","('O=C([O-])O.[Na+]',)"
3394,5,"('O.C1COCCO1',)","('No Base',)"
3394,6,"('C1COCCO1',)","('O=P([O-])([O-])[O-].[K+].[K+].[K+]',)"
3394,7,"('CCO.COCCOC',)","('[Cs+].[F-]',)"
3394,8,"('CN(C)C=O',)","('[K+].[F-]',)"
3394,9,"('O.C1CCOC1',)","('[OH-].[Na+]',)"
3394,10,"('O.COCCOC',)","('O=C([O-])O.[Na+],O=C([O-])[O-].[Na+].[Na+]',)"
2850,1,"('C1COCCO1',)","('O=P([O-])([O-])[O-].[K+].[K+].[K+]',)"
2850,2,"('O.C1COCCO1',)","('O=C([O-])[O-].[K+].[K+]',)"
2850,3,"('No Solvent',)","('O=C([O-])[O-].[Cs+].[Cs+]',)"
2850,4,"('CN(C)C=O',)","('O=C([O-])[O-].[Na+].[Na+]',)"
2850,5,"('COCCOC',)","('No Base',)"
2850,6,"('C1COCCO1.ClCCl',)","('[Cs+].[F-]',)"
2850,7,"('CN(C)C=O.O',)","('O=C([O-])O.[Na+]',)"
2850,8,"('O.COCCOC',)","('CCN(CC)CC',)"
2850,9,"('O.CCOC(C)=O.C1COCCO1',)","('O=C([O-])O.[Na+],O=C([O-])[O-].[Na+].[Na+]',)"
2850,10,"('COCCOC.ClCCl',)","('[K+].[F-]',)"
344,1,"('O.COCCOC',)","('O=C([O-])[O-].[Na+].[Na+]',)"
344,2,"('COCCOC',)","('O=C([O-])[O-].[K+].[K+]',)"
344,3,"('CCO.Cc1ccccc1',)","('No Base',)"
344,4,"('O.C1CCOC1',)","('O=P([O-])([O-])[O-].[K+].[K+].[K+]',)"
344,5,"('O.CC#N',)","('O=C([O-])[O-].[Cs+].[Cs+]',)"
344,6,"('O.C1COCCO1',)","('O=C([O-])O.[Na+]',)"
344,7,"('No Solvent',)","('O=C([O-])O.[Na+],O=C([O-])[O-].[Na+].[Na+]',)"
344,8,"('CCO.Cc1ccccc1.O',)","('[K+].[F-]',)"
344,9,"('CN(C)C=O',)","('[OH-].[Na+]',)"
344,10,"('O.CCOC(C)=O.COCCOC',)","('[Cs+].[F-]',)"
4884,1,"('O.C1COCCO1',)","('O=C([O-])[O-].[Cs+].[Cs+]',)"
4884,2,"('No Solvent',)","('O=C([O-])[O-].[Na+].[Na+]',)"
4884,3,"('CN(C)C=O',)","('O=C([O-])[O-].[K+].[K+]',)"
4884,4,"('C1COCCO1',)","('No Base',)"
4884,5,"('COCCOC',)","('O=C([O-])O.[Na+]',)"
4884,6,"('CCO.Cc1ccccc1.O',)","('O=P([O-])([O-])[O-].[K+].[K+].[K+]',)"
4884,7,"('O.COCCOC',)","('[K+].[F-]',)"
4884,8,"('O.CC#N',)","('[Cs+].[F-]',)"
4884,9,"('CN(C)C=O.O',)","('O=C([O-])O.[Na+],O=C([O-])[O-].[Na+].[Na+]',)"
4884,10,"('O.CCOC(C)=O.C1COCCO1',)","('CCN(CC)CC',)"
2508,1,"('COCCOC',)","('O=C([O-])[O-].[Na+].[Na+]',)"
2508,2,"('O.C1COCCO1',)","('[Cs+].[F-]',)"
2508,3,"('O.COCCOC',)","('O=C([O-])[O-].[K+].[K+]',)"
2508,4,"('No Solvent',)","('O=C([O-])[O-].[Cs+].[Cs+]',)"
2508,5,"('C1COCCO1',)","('O=C([O-])O.[Na+]',)"
2508,6,"('CN(C)C=O',)","('O=P([O-])([O-])[O-].[K+].[K+].[K+]',)"
2508,7,"('CCO.Cc1ccccc1.O',)","('No Base',)"
2508,8,"('CN(C)C=O.O',)","('[K+].[F-]',)"
2508,9,"('O.C1COCCO1.ClCCl',)","('O=C([O-])O.[Na+],O=C([O-])[O-].[Na+].[Na+]',)"
2508,10,"('O.COCCOC.CCOC(C)=O',)","('CC(=O)[O-].[K+]',)"
92,1,"('c1ccccc1.O',)","('O=C([O-])O.[Na+],O=C([O-])[O-].[Na+].[Na+]',)"
92,2,"('CN(C)C=O.O',)","('O=C([O-])[O-].[Na+].[Na+]',)"
92,3,"('O.COCCOC',)","('O=C([O-])[O-].[K+].[K+]',)"
92,4,"('COCCOC',)","('O=P([O-])([O-])[O-].[K+].[K+].[K+]',)"
92,5,"('CCO.Cc1ccccc1',)","('No Base',)"
92,6,"('O.CC#N',)","('O=C([O-])[O-].[Cs+].[Cs+]',)"
92,7,"('O.C1COCCO1',)","('[Cs+].[F-]',)"
92,8,"('Cc1ccccc1',)","('[OH-].[Na+]',)"
92,9,"('CCO.O.COCCOC',)","('[K+].[F-]',)"
92,10,"('CN(C)C=O',)","('O=C([O-])O.[Na+]',)"
3966,1,"('O.COCCOC',)","('O=C([O-])[O-].[K+].[K+]',)"
3966,2,"('O.C1COCCO1',)","('O=C([O-])[O-].[Cs+].[Cs+]',)"
3966,3,"('Cc1ccccc1.O',)","('O=C([O-])[O-].[Na+].[Na+]',)"
3966,4,"('O.CCOC(C)=O.C1COCCO1',)","('O=P([O-])([O-])[O-].[K+].[K+].[K+]',)"
3966,5,"('CCO.Cc1ccccc1.O.CCOC(C)=O',)","('No Base',)"
3966,6,"('CN(C)C=O',)","('O=C([O-])O.[Na+],O=C([O-])[O-].[Na+].[Na+]',)"
3966,7,"('No Solvent',)","('[K+].[F-]',)"
3966,8,"('C1COCCO1',)","('O=C([O-])O.[Na+]',)"
3966,9,"('O.C1CCOC1',)","('[Cs+].[F-]',)"
3966,10,"('CCO.Cc1ccccc1',)","('[OH-].[Na+]',)"
128,1,"('C1COCCO1',)","('O=C([O-])[O-].[Na+].[Na+]',)"
128,2,"('COCCOC',)","('O=C([O-])[O-].[K+].[K+]',)"
128,3,"('O.COCCOC',)","('O=C([O-])O.[Na+]',)"
128,4,"('O.COCCOC.CCOC(C)=O',)","('O=C([O-])[O-].[Cs+].[Cs+]',)"
128,5,"('CCO.Cc1ccccc1',)","('O=P([O-])([O-])[O-].[K+].[K+].[K+]',)"
128,6,"('O.C1COCCO1',)","('No Base',)"
128,7,"('O.C1CCOC1',)","('[Cs+].[F-]',)"
128,8,"('CCO.Cc1ccccc1.O',)","('CCN(CC)CC',)"
128,9,"('CN(C)C=O.O',)","('[K+].[F-]',)"
128,10,"('Cc1ccccc1',)","('O=C([O-])O.[Na+],O=C([O-])[O-].[Na+].[Na+]',)"
4686,1,"('O.C1COCCO1',)","('O=C([O-])[O-].[Na+].[Na+]',)"
4686,2,"('C1COCCO1',)","('O=C([O-])[O-].[Cs+].[Cs+]',)"
4686,3,"('CN(C)C=O.O',)","('O=C([O-])[O-].[K+].[K+]',)"
4686,4,"('CCO.Cc1ccccc1',)","('O=C([O-])O.[Na+]',)"
4686,5,"('O.COCCOC',)","('O=P([O-])([O-])[O-].[K+].[K+].[K+]',)"
4686,6,"('CN(C)C=O',)","('No Base',)"
4686,7,"('No Solvent',)","('[K+].[F-]',)"
4686,8,"('O.CC#N',)","('[Cs+].[F-]',)"
4686,9,"('O.CCOC(C)=O.C1COCCO1',)","('CC(=O)[O-].[K+]',)"
4686,10,"('C1CCOC1',)","('O=C([O-])O.[Na+],O=C([O-])[O-].[Na+].[Na+]',)"
882,1,"('CCO.O.COCCOC.CCOC(C)=O',)","('O=C([O-])[O-].[Cs+].[Cs+]',)"
882,2,"('O.C1COCCO1',)","('O=C([O-])[O-].[Na+].[Na+]',)"
882,3,"('CCO.O.COCCOC',)","('O=C([O-])[O-].[K+].[K+]',)"
882,4,"('C1COCCO1',)","('O=P([O-])([O-])[O-].[K+].[K+].[K+]',)"
882,5,"('COCCOC',)","('No Base',)"
882,6,"('C1CCOC1',)","('O=C([O-])O.[Na+]',)"
882,7,"('No Solvent',)","('[Cs+].[F-]',)"
882,8,"('O.COCCOC',)","('O=C([O-])O.[Na+],O=C([O-])[O-].[Na+].[Na+]',)"
882,9,"('CN(C)C=O',)","('CC(=O)[O-].[K+]',)"
882,10,"('O.CCOC(C)=O.C1COCCO1',)","('[K+].[F-]',)"
52,1,"('COCCOC',)","('O=C([O-])[O-].[Na+].[Na+]',)"
52,2,"('Cc1ccccc1.O',)","('O=C([O-])[O-].[K+].[K+]',)"
52,3,"('No Solvent',)","('O=C([O-])[O-].[Cs+].[Cs+]',)"
52,4,"('O.COCCOC',)","('No Base',)"
52,5,"('O.CCOC(C)=O.C1COCCO1',)","('O=P([O-])([O-])[O-].[K+].[K+].[K+]',)"
52,6,"('O.C1COCCO1',)","('O=C([O-])O.[Na+]',)"
52,7,"('COCCOC.ClCCl',)","('O=C([O-])O.[Na+],O=C([O-])[O-].[Na+].[Na+]',)"
52,8,"('C1COCCO1',)","('CC(=O)[O-].[K+]',)"
52,9,"('CN(C)C=O',)","('[K+].[F-]',)"
52,10,"('CCO.Cc1ccccc1',)","('[Cs+].[F-]',)"
654,1,"('O.C1COCCO1',)","('O=C([O-])[O-].[Na+].[Na+]',)"
654,2,"('CCO.Cc1ccccc1',)","('O=C([O-])[O-].[K+].[K+]',)"
654,3,"('COCCOC',)","('O=P([O-])([O-])[O-].[K+].[K+].[K+]',)"
654,4,"('CN(C)C=O',)","('O=C([O-])[O-].[Cs+].[Cs+]',)"
654,5,"('COCCOC.CCOC(C)=O',)","('O=C([O-])O.[Na+]',)"
654,6,"('C1COCCO1',)","('No Base',)"
654,7,"('CN(C)C=O.O',)","('CCN(CC)CC',)"
654,8,"('CCO.O.COCCOC',)","('[Cs+].[F-]',)"
654,9,"('O.COCCOC.ClCCl',)","('[OH-].[Na+]',)"
654,10,"('COCCOC.ClCCl',)","('CC(=O)[O-].[K+]',)"
4435,1,"('O.C1COCCO1',)","('O=C([O-])[O-].[K+].[K+]',)"
4435,2,"('COCCOC',)","('O=C([O-])[O-].[Na+].[Na+]',)"
4435,3,"('O.COCCOC',)","('O=P([O-])([O-])[O-].[K+].[K+].[K+]',)"
4435,4,"('CN(C)C=O.O',)","('O=C([O-])O.[Na+]',)"
4435,5,"('CN(C)C=O',)","('O=C([O-])[O-].[Cs+].[Cs+]',)"
4435,6,"('O.CC#N',)","('O=C([O-])O.[Na+],O=C([O-])[O-].[Na+].[Na+]',)"
4435,7,"('CCO.Cc1ccccc1.O',)","('No Base',)"
4435,8,"('O.CCOC(C)=O.COCCOC',)","('[Cs+].[F-]',)"
4435,9,"('C1COCCO1',)","('[K+].[F-]',)"
4435,10,"('C1CCOC1',)","('CCN(CC)CC',)"
1253,1,"('No Solvent',)","('O=C([O-])[O-].[K+].[K+]',)"
1253,2,"('CCO.Cc1ccccc1',)","('O=C([O-])[O-].[Na+].[Na+]',)"
1253,3,"('O.COCCOC',)","('O=C([O-])O.[Na+]',)"
1253,4,"('O.C1COCCO1',)","('O=C([O-])[O-].[Cs+].[Cs+]',)"
1253,5,"('CN(C)C=O',)","('O=P([O-])([O-])[O-].[K+].[K+].[K+]',)"
1253,6,"('COCCOC',)","('[K+].[F-]',)"
1253,7,"('C1COCCO1',)","('No Base',)"
1253,8,"('CCO.Cc1ccccc1.O',)","('[Cs+].[F-]',)"
1253,9,"('COCCOC.CCOC(C)=O',)","('O=C([O-])O.[Na+],O=C([O-])[O-].[Na+].[Na+]',)"
1253,10,"('CCO.O.COCCOC',)","('[OH-].[Na+]',)"
1146,1,"('CCOC(C)=O.C1COCCO1',)","('O=C([O-])[O-].[Cs+].[Cs+]',)"
1146,2,"('ClCCl.C1COCCO1.CCOC(C)=O',)","('O=C([O-])[O-].[Na+].[Na+]',)"
1146,3,"('O.C1COCCO1',)","('O=C([O-])[O-].[K+].[K+]',)"
1146,4,"('C1COCCO1',)","('O=P([O-])([O-])[O-].[K+].[K+].[K+]',)"
1146,5,"('CN(C)C=O',)","('O=C([O-])O.[Na+]',)"
1146,6,"('O.COCCOC',)","('No Base',)"
1146,7,"('CCO.O.COCCOC',)","('[Cs+].[F-]',)"
1146,8,"('O.C1COCCO1.ClCCl',)","('[K+].[F-]',)"
1146,9,"('O.CCOC(C)=O.C1COCCO1',)","('O=C([O-])O.[Na+],O=C([O-])[O-].[Na+].[Na+]',)"
1146,10,"('CCO.Cc1ccccc1',)","('CC(=O)[O-].[K+]',)"
750,1,"('O.C1COCCO1',)","('O=C([O-])[O-].[K+].[K+]',)"
750,2,"('O.COCCOC',)","('O=P([O-])([O-])[O-].[K+].[K+].[K+]',)"
750,3,"('Cc1ccccc1.O',)","('O=C([O-])[O-].[Na+].[Na+]',)"
750,4,"('No Solvent',)","('No Base',)"
750,5,"('CN(C)C=O.O',)","('O=C([O-])[O-].[Cs+].[Cs+]',)"
750,6,"('CN(C)C=O',)","('O=C([O-])O.[Na+]',)"
750,7,"('C1COCCO1',)","('[Cs+].[F-]',)"
750,8,"('CCO.Cc1ccccc1',)","('CCN(CC)CC',)"
750,9,"('CCO.Cc1ccccc1.O',)","('[K+].[F-]',)"
750,10,"('CCOC(C)=O.C1COCCO1',)","('[OH-].[Na+]',)"
135,1,"('O.COCCOC',)","('O=C([O-])[O-].[K+].[K+]',)"
135,2,"('COCCOC',)","('O=C([O-])[O-].[Na+].[Na+]',)"
135,3,"('CN(C)C=O',)","('O=C([O-])[O-].[Cs+].[Cs+]',)"
135,4,"('O.COCCOC.CCOC(C)=O',)","('O=P([O-])([O-])[O-].[K+].[K+].[K+]',)"
135,5,"('CN(C)C=O.O',)","('O=C([O-])O.[Na+]',)"
135,6,"('O.C1COCCO1',)","('O=C([O-])O.[Na+],O=C([O-])[O-].[Na+].[Na+]',)"
135,7,"('No Solvent',)","('No Base',)"
135,8,"('C1COCCO1',)","('CC(=O)[O-].[K+]',)"
135,9,"('C1CCOC1',)","('[K+].[F-]',)"
135,10,"('Cc1ccccc1',)","('[Cs+].[F-]',)"
1755,1,"('O.C1COCCO1',)","('O=C([O-])[O-].[Cs+].[Cs+]',)"
1755,2,"('CN(C)C=O',)","('O=C([O-])[O-].[Na+].[Na+]',)"
1755,3,"('CN(C)C=O.O',)","('CC(=O)[O-].[K+]',)"
1755,4,"('CCO.O.COCCOC',)","('O=P([O-])([O-])[O-].[K+].[K+].[K+]',)"
1755,5,"('COCCOC',)","('O=C([O-])[O-].[K+].[K+]',)"
1755,6,"('CC#N',)","('O=C([O-])O.[Na+]',)"
1755,7,"('O.COCCOC',)","('[Cs+].[F-]',)"
1755,8,"('O.COCCOC.CCOC(C)=O',)","('No Base',)"
1755,9,"('No Solvent',)","('[K+].[F-]',)"
1755,10,"('CCO.Cc1ccccc1',)","('O=C([O-])O.[Na+],O=C([O-])[O-].[Na+].[Na+]',)"
5232,1,"('O.C1COCCO1',)","('O=C([O-])[O-].[Na+].[Na+]',)"
5232,2,"('CN(C)C=O.O',)","('O=C([O-])O.[Na+]',)"
5232,3,"('No Solvent',)","('O=C([O-])[O-].[Cs+].[Cs+]',)"
5232,4,"('C1COCCO1',)","('O=C([O-])[O-].[K+].[K+]',)"
5232,5,"('COCCOC',)","('No Base',)"
5232,6,"('O.COCCOC',)","('O=P([O-])([O-])[O-].[K+].[K+].[K+]',)"
5232,7,"('CN(C)C=O',)","('[K+].[F-]',)"
5232,8,"('CCO.Cc1ccccc1',)","('[Cs+].[F-]',)"
5232,9,"('Cc1ccccc1.O',)","('CCN(CC)CC',)"
5232,10,"('O.CC#N',)","('O=C([O-])O.[Na+],O=C([O-])[O-].[Na+].[Na+]',)"
5272,1,"('CN(C)C=O',)","('O=C([O-])[O-].[K+].[K+]',)"
5272,2,"('O.C1COCCO1',)","('O=C([O-])[O-].[Cs+].[Cs+]',)"
5272,3,"('O.C1CCOC1',)","('O=C([O-])[O-].[Na+].[Na+]',)"
5272,4,"('CCO.Cc1ccccc1.O',)","('O=C([O-])O.[Na+]',)"
5272,5,"('No Solvent',)","('O=P([O-])([O-])[O-].[K+].[K+].[K+]',)"
5272,6,"('O.CCOC(C)=O.C1COCCO1',)","('No Base',)"
5272,7,"('O.COCCOC',)","('[OH-].[Na+]',)"
5272,8,"('CN(C)C=O.O',)","('[Cs+].[F-]',)"
5272,9,"('COCCOC',)","('[K+].[F-]',)"
5272,10,"('Cc1ccccc1',)","('O=C([O-])O.[Na+],O=C([O-])[O-].[Na+].[Na+]',)"
1433,1,"('No Solvent',)","('O=C([O-])[O-].[Na+].[Na+]',)"
1433,2,"('CN(C)C=O.O',)","('No Base',)"
1433,3,"('CN(C)C=O',)","('O=C([O-])[O-].[K+].[K+]',)"
1433,4,"('O.COCCOC',)","('O=C([O-])O.[Na+]',)"
1433,5,"('O.C1COCCO1',)","('O=C([O-])[O-].[Cs+].[Cs+]',)"
1433,6,"('COCCOC',)","('[K+].[F-]',)"
1433,7,"('C1COCCO1',)","('O=P([O-])([O-])[O-].[K+].[K+].[K+]',)"
1433,8,"('O.CCOC(C)=O.C1COCCO1',)","('[Cs+].[F-]',)"
1433,9,"('CCO.COCCOC',)","('O=C([O-])O.[Na+],O=C([O-])[O-].[Na+].[Na+]',)"
1433,10,"('CCO.Cc1ccccc1.O',)","('[OH-].[Na+]',)"
1867,1,"('ClCCl',)","('No Base',)"
1867,2,"('No Solvent',)","('O=C([O-])[O-].[Na+].[Na+]',)"
1867,3,"('O.C1CCOC1',)","('O=C([O-])[O-].[K+].[K+]',)"
1867,4,"('O.C1COCCO1',)","('O=C([O-])[O-].[Cs+].[Cs+]',)"
1867,5,"('CCO.Cc1ccccc1',)","('[K+].[F-]',)"
1867,6,"('O.COCCOC',)","('O=C([O-])O.[Na+]',)"
1867,7,"('COCCOC',)","('[Cs+].[F-]',)"
1867,8,"('Cc1ccccc1',)","('O=P([O-])([O-])[O-].[K+].[K+].[K+]',)"
1867,9,"('CCO.Cc1ccccc1.O',)","('CCN(CC)CC',)"
1867,10,"('O.CC#N',)","('O=C([O-])O.[Na+],O=C([O-])[O-].[Na+].[Na+]',)"
2188,1,"('COCCOC',)","('O=C([O-])[O-].[Na+].[Na+]',)"
2188,2,"('CN(C)C=O',)","('O=C([O-])[O-].[K+].[K+]',)"
2188,3,"('O.CC#N',)","('[Cs+].[F-]',)"
2188,4,"('No Solvent',)","('O=P([O-])([O-])[O-].[K+].[K+].[K+]',)"
2188,5,"('O.COCCOC',)","('O=C([O-])O.[Na+]',)"
2188,6,"('C1COCCO1',)","('O=C([O-])[O-].[Cs+].[Cs+]',)"
2188,7,"('O.C1COCCO1',)","('No Base',)"
2188,8,"('C1COCCO1.ClCCl',)","('[K+].[F-]',)"
2188,9,"('O.COCCOC.CCOC(C)=O',)","('O=C([O-])O.[Na+],O=C([O-])[O-].[Na+].[Na+]',)"
2188,10,"('CCO.Cc1ccccc1.O',)","('[OH-].[Na+]',)"
3384,1,"('O.COCCOC',)","('O=C([O-])[O-].[Na+].[Na+]',)"
3384,2,"('O.C1COCCO1.ClCCl',)","('O=C([O-])[O-].[Cs+].[Cs+]',)"
3384,3,"('O.CCOC(C)=O.C1COCCO1',)","('O=C([O-])[O-].[K+].[K+]',)"
3384,4,"('COCCOC',)","('O=P([O-])([O-])[O-].[K+].[K+].[K+]',)"
3384,5,"('O.C1COCCO1',)","('No Base',)"
3384,6,"('CCO.Cc1ccccc1.O',)","('O=C([O-])O.[Na+],O=C([O-])[O-].[Na+].[Na+]',)"
3384,7,"('O.COCCOC.CCOC(C)=O',)","('O=C([O-])O.[Na+]',)"
3384,8,"('O.C1CCOC1',)","('[K+].[F-]',)"
3384,9,"('CN(C)C=O',)","('[OH-].[Na+]',)"
3384,10,"('Cc1ccccc1',)","('CC(=O)[O-].[K+]',)"
4834,1,"('CN(C)C=O.O',)","('O=C([O-])[O-].[Na+].[Na+]',)"
4834,2,"('O.C1COCCO1',)","('O=P([O-])([O-])[O-].[K+].[K+].[K+]',)"
4834,3,"('CC#N',)","('O=C([O-])[O-].[K+].[K+]',)"
4834,4,"('C1COCCO1',)","('O=C([O-])[O-].[Cs+].[Cs+]',)"
4834,5,"('O.CC#N',)","('No Base',)"
4834,6,"('O.CCOC(C)=O.C1COCCO1',)","('O=C([O-])O.[Na+]',)"
4834,7,"('O.COCCOC',)","('CCN(CC)CC',)"
4834,8,"('CN(C)C=O',)","('O=C([O-])O.[Na+],O=C([O-])[O-].[Na+].[Na+]',)"
4834,9,"('C1CCOC1',)","('[OH-].[Na+]',)"
4834,10,"('O.C1COCCO1.ClCCl',)","('[Cs+].[F-]',)"
932,1,"('CCO.Cc1ccccc1',)","('O=C([O-])[O-].[K+].[K+]',)"
932,2,"('O.COCCOC',)","('O=C([O-])[O-].[Na+].[Na+]',)"
932,3,"('C1COCCO1',)","('O=C([O-])O.[Na+]',)"
932,4,"('No Solvent',)","('O=P([O-])([O-])[O-].[K+].[K+].[K+]',)"
932,5,"('O.C1COCCO1',)","('No Base',)"
932,6,"('COCCOC',)","('O=C([O-])[O-].[Cs+].[Cs+]',)"
932,7,"('O.CC#N',)","('[K+].[F-]',)"
932,8,"('O.CCOC(C)=O.C1COCCO1',)","('O=C([O-])O.[Na+],O=C([O-])[O-].[Na+].[Na+]',)"
932,9,"('CN(C)C=O',)","('[Cs+].[F-]',)"
932,10,"('Cc1ccccc1',)","('CCN(CC)CC',)"
3401,1,"('No Solvent',)","('O=C([O-])[O-].[K+].[K+]',)"
3401,2,"('O.COCCOC',)","('O=C([O-])[O-].[Na+].[Na+]',)"
3401,3,"('C1COCCO1',)","('O=C([O-])[O-].[Cs+].[Cs+]',)"
3401,4,"('O.C1COCCO1',)","('O=C([O-])O.[Na+]',)"
3401,5,"('COCCOC',)","('O=P([O-])([O-])[O-].[K+].[K+].[K+]',)"
3401,6,"('CCO.Cc1ccccc1',)","('No Base',)"
3401,7,"('CN(C)C=O',)","('[K+].[F-]',)"
3401,8,"('CN(C)C=O.O',)","('O=C([O-])O.[Na+],O=C([O-])[O-].[Na+].[Na+]',)"
3401,9,"('CCO.Cc1ccccc1.O',)","('[Cs+].[F-]',)"
3401,10,"('O.C1COCCO1.ClCCl',)","('[OH-].[Na+]',)"
1138,1,"('CCOC(C)=O.C1COCCO1',)","('O=C([O-])[O-].[Cs+].[Cs+]',)"
1138,2,"('ClCCl.C1COCCO1.CCOC(C)=O',)","('O=C([O-])[O-].[K+].[K+]',)"
1138,3,"('O.C1COCCO1',)","('O=C([O-])[O-].[Na+].[Na+]',)"
1138,4,"('C1COCCO1',)","('O=P([O-])([O-])[O-].[K+].[K+].[K+]',)"
1138,5,"('CCO.O.COCCOC',)","('O=C([O-])O.[Na+]',)"
1138,6,"('CN(C)C=O',)","('No Base',)"
1138,7,"('CCO.Cc1ccccc1',)","('[Cs+].[F-]',)"
1138,8,"('O.COCCOC',)","('[K+].[F-]',)"
1138,9,"('No Solvent',)","('O=C([O-])O.[Na+],O=C([O-])[O-].[Na+].[Na+]',)"
1138,10,"('O.C1COCCO1.ClCCl',)","('[OH-].[Na+]',)"
2746,1,"('O.CCOC(C)=O.C1COCCO1',)","('O=C([O-])[O-].[Na+].[Na+]',)"
2746,2,"('O.C1COCCO1',)","('O=C([O-])[O-].[Cs+].[Cs+]',)"
2746,3,"('O.COCCOC',)","('O=C([O-])[O-].[K+].[K+]',)"
2746,4,"('CCO.O.COCCOC',)","('O=P([O-])([O-])[O-].[K+].[K+].[K+]',)"
2746,5,"('COCCOC',)","('O=C([O-])O.[Na+]',)"
2746,6,"('C1COCCO1',)","('No Base',)"
2746,7,"('CN(C)C=O',)","('O=C([O-])O.[Na+],O=C([O-])[O-].[Na+].[Na+]',)"
2746,8,"('Cc1ccccc1.O',)","('[Cs+].[F-]',)"
2746,9,"('O.CC#N',)","('[OH-].[Na+]',)"
2746,10,"('CCOC(C)=O.C1COCCO1',)","('[K+].[F-]',)"
3933,1,"('C1COCCO1',)","('O=P([O-])([O-])[O-].[K+].[K+].[K+]',)"
3933,2,"('O.C1COCCO1',)","('O=C([O-])[O-].[Na+].[Na+]',)"
3933,3,"('O.CC#N',)","('O=C([O-])[O-].[K+].[K+]',)"
3933,4,"('O.C1COCCO1.ClCCl',)","('O=C([O-])[O-].[Cs+].[Cs+]',)"
3933,5,"('CN(C)C=O.O',)","('O=C([O-])O.[Na+]',)"
3933,6,"('No Solvent',)","('[Cs+].[F-]',)"
3933,7,"('C1COCCO1.ClCCl',)","('[K+].[F-]',)"
3933,8,"('CCO.Cc1ccccc1',)","('No Base',)"
3933,9,"('Cc1ccccc1',)","('O=C([O-])O.[Na+],O=C([O-])[O-].[Na+].[Na+]',)"
3933,10,"('O.COCCOC',)","('[OH-].[Na+]',)"
4179,1,"('CCO.Cc1ccccc1.O',)","('O=C([O-])[O-].[Na+].[Na+]',)"
4179,2,"('O.COCCOC',)","('O=C([O-])[O-].[K+].[K+]',)"
4179,3,"('COCCOC',)","('O=C([O-])[O-].[Cs+].[Cs+]',)"
4179,4,"('CC#N',)","('O=P([O-])([O-])[O-].[K+].[K+].[K+]',)"
4179,5,"('C1COCCO1',)","('O=C([O-])O.[Na+]',)"
4179,6,"('O.CCOC(C)=O.C1COCCO1',)","('CCN(CC)CC',)"
4179,7,"('O.C1COCCO1',)","('No Base',)"
4179,8,"('O.C1CCOC1',)","('[K+].[F-]',)"
4179,9,"('O.C1COCCO1.ClCCl',)","('O=C([O-])O.[Na+],O=C([O-])[O-].[Na+].[Na+]',)"
4179,10,"('No Solvent',)","('[Cs+].[F-]',)"
4367,1,"('CCO.Cc1ccccc1',)","('O=C([O-])[O-].[K+].[K+]',)"
4367,2,"('C1COCCO1',)","('O=C([O-])[O-].[Na+].[Na+]',)"
4367,3,"('CN(C)C=O.O',)","('O=C([O-])[O-].[Cs+].[Cs+]',)"
4367,4,"('COCCOC',)","('O=C([O-])O.[Na+]',)"
4367,5,"('O.COCCOC',)","('No Base',)"
4367,6,"('Cc1ccccc1.O',)","('O=P([O-])([O-])[O-].[K+].[K+].[K+]',)"
4367,7,"('O.C1COCCO1',)","('O=C([O-])O.[Na+],O=C([O-])[O-].[Na+].[Na+]',)"
4367,8,"('CN(C)C=O',)","('[Cs+].[F-]',)"
4367,9,"('O.C1CCOC1',)","('[K+].[F-]',)"
4367,10,"('O.CC#N',)","('[OH-].[Na+]',)"
4950,1,"('O.C1COCCO1',)","('O=C([O-])[O-].[Cs+].[Cs+]',)"
4950,2,"('C1COCCO1.ClCCl',)","('O=C([O-])[O-].[Na+].[Na+]',)"
4950,3,"('C1COCCO1',)","('O=C([O-])[O-].[K+].[K+]',)"
4950,4,"('COCCOC',)","('No Base',)"
4950,5,"('O.CC#N',)","('O=C([O-])O.[Na+]',)"
4950,6,"('No Solvent',)","('O=P([O-])([O-])[O-].[K+].[K+].[K+]',)"
4950,7,"('CN(C)C=O',)","('O=C([O-])O.[Na+],O=C([O-])[O-].[Na+].[Na+]',)"
4950,8,"('CCO.Cc1ccccc1.O',)","('[K+].[F-]',)"
4950,9,"('CN(C)C=O.O',)","('[Cs+].[F-]',)"
4950,10,"('O.C1COCCO1.ClCCl',)","('[OH-].[Na+]',)"
3181,1,"('C1COCCO1.ClCCl',)","('O=C([O-])[O-].[Na+].[Na+]',)"
3181,2,"('O.C1COCCO1.ClCCl',)","('O=C([O-])[O-].[K+].[K+]',)"
3181,3,"('O.COCCOC',)","('O=C([O-])[O-].[Cs+].[Cs+]',)"
3181,4,"('CN(C)C=O',)","('O=P([O-])([O-])[O-].[K+].[K+].[K+]',)"
3181,5,"('CCO.Cc1ccccc1.O',)","('No Base',)"
3181,6,"('No Solvent',)","('O=C([O-])O.[Na+]',)"
3181,7,"('O.C1COCCO1',)","('[OH-].[Na+]',)"
3181,8,"('Cc1ccccc1',)","('CCN(CC)CC',)"
3181,9,"('COCCOC.CCOC(C)=O',)","('O=C([O-])O.[Na+],O=C([O-])[O-].[Na+].[Na+]',)"
3181,10,"('CN(C)C=O.O',)","('[K+].[F-]',)"
952,1,"('O.COCCOC',)","('O=C([O-])[O-].[Na+].[Na+]',)"
952,2,"('C1COCCO1',)","('O=C([O-])[O-].[K+].[K+]',)"
952,3,"('O.C1COCCO1',)","('O=C([O-])[O-].[Cs+].[Cs+]',)"
952,4,"('COCCOC',)","('O=C([O-])O.[Na+]',)"
952,5,"('O.CCOC(C)=O.C1COCCO1',)","('O=P([O-])([O-])[O-].[K+].[K+].[K+]',)"
952,6,"('No Solvent',)","('No Base',)"
952,7,"('CCO.Cc1ccccc1',)","('O=C([O-])O.[Na+],O=C([O-])[O-].[Na+].[Na+]',)"
952,8,"('CN(C)C=O',)","('[K+].[F-]',)"
952,9,"('CCO.Cc1ccccc1.O',)","('[Cs+].[F-]',)"
952,10,"('Cc1ccccc1.O',)","('CC(=O)[O-].[K+]',)"
3280,1,"('C1COCCO1',)","('O=C([O-])[O-].[K+].[K+]',)"
3280,2,"('O.C1COCCO1',)","('O=C([O-])[O-].[Na+].[Na+]',)"
3280,3,"('No Solvent',)","('O=P([O-])([O-])[O-].[K+].[K+].[K+]',)"
3280,4,"('O.COCCOC',)","('No Base',)"
3280,5,"('CN(C)C=O.O',)","('O=C([O-])[O-].[Cs+].[Cs+]',)"
3280,6,"('O.COCCOC.CCOC(C)=O',)","('O=C([O-])O.[Na+]',)"
3280,7,"('COCCOC',)","('[Cs+].[F-]',)"
3280,8,"('O.CCOC(C)=O.C1COCCO1',)","('[K+].[F-]',)"
3280,9,"('CCO.Cc1ccccc1.O',)","('O=C([O-])O.[Na+],O=C([O-])[O-].[Na+].[Na+]',)"
3280,10,"('CCO.Cc1ccccc1',)","('CC(=O)[O-].[K+]',)"
3043,1,"('O.C1COCCO1',)","('O=P([O-])([O-])[O-].[K+].[K+].[K+]',)"
3043,2,"('No Solvent',)","('O=C([O-])[O-].[Na+].[Na+]',)"
3043,3,"('O.CC#N',)","('O=C([O-])[O-].[K+].[K+]',)"
3043,4,"('O.COCCOC',)","('O=C([O-])[O-].[Cs+].[Cs+]',)"
3043,5,"('CN(C)C=O.O',)","('O=C([O-])O.[Na+]',)"
3043,6,"('CC#N',)","('[Cs+].[F-]',)"
3043,7,"('CCO.Cc1ccccc1',)","('No Base',)"
3043,8,"('C1COCCO1',)","('[K+].[F-]',)"
3043,9,"('CN(C)C=O',)","('O=C([O-])O.[Na+],O=C([O-])[O-].[Na+].[Na+]',)"
3043,10,"('COCCOC',)","('CCN(CC)CC',)"
1708,1,"('O.COCCOC',)","('O=C([O-])[O-].[Na+].[Na+]',)"
1708,2,"('CN(C)C=O',)","('O=C([O-])[O-].[K+].[K+]',)"
1708,3,"('COCCOC',)","('O=C([O-])[O-].[Cs+].[Cs+]',)"
1708,4,"('CCO.Cc1ccccc1.O',)","('No Base',)"
1708,5,"('O.C1COCCO1',)","('O=P([O-])([O-])[O-].[K+].[K+].[K+]',)"
1708,6,"('No Solvent',)","('O=C([O-])O.[Na+]',)"
1708,7,"('CCO.Cc1ccccc1',)","('CC(=O)[O-].[K+]',)"
1708,8,"('CN(C)C=O.O',)","('CCN(CC)CC',)"
1708,9,"('O.COCCOC.CCOC(C)=O',)","('[K+].[F-]',)"
1708,10,"('C1COCCO1',)","('O=C([O-])O.[Na+],O=C([O-])[O-].[Na+].[Na+]',)"
1743,1,"('CN(C)C=O.O',)","('O=C([O-])[O-].[Na+].[Na+]',)"
1743,2,"('C1COCCO1',)","('O=C([O-])[O-].[K+].[K+]',)"
1743,3,"('CCO.Cc1ccccc1.O',)","('O=C([O-])[O-].[Cs+].[Cs+]',)"
1743,4,"('O.C1COCCO1',)","('No Base',)"
1743,5,"('CN(C)C=O',)","('O=C([O-])O.[Na+]',)"
1743,6,"('C1COCCO1.ClCCl',)","('O=P([O-])([O-])[O-].[K+].[K+].[K+]',)"
1743,7,"('CCO.Cc1ccccc1',)","('[K+].[F-]',)"
1743,8,"('Cc1ccccc1',)","('[Cs+].[F-]',)"
1743,9,"('Cc1ccccc1.O',)","('CC(=O)[O-].[K+]',)"
1743,10,"('COCCOC.ClCCl',)","('CCN(CC)CC',)"
709,1,"('O.C1COCCO1',)","('O=C([O-])[O-].[K+].[K+]',)"
709,2,"('COCCOC',)","('O=C([O-])[O-].[Cs+].[Cs+]',)"
709,3,"('CN(C)C=O',)","('O=P([O-])([O-])[O-].[K+].[K+].[K+]',)"
709,4,"('O.C1CCOC1',)","('O=C([O-])[O-].[Na+].[Na+]',)"
709,5,"('C1COCCO1',)","('O=C([O-])O.[Na+]',)"
709,6,"('CN(C)C=O.O',)","('No Base',)"
709,7,"('COCCOC.CCOC(C)=O',)","('[Cs+].[F-]',)"
709,8,"('CCO.O.COCCOC',)","('[OH-].[Na+]',)"
709,9,"('C1COCCO1.ClCCl',)","('O=C([O-])O.[Na+],O=C([O-])[O-].[Na+].[Na+]',)"
709,10,"('CCOC(C)=O.C1COCCO1',)","('CCN(CC)CC',)"
5224,1,"('C1COCCO1',)","('O=C([O-])[O-].[Na+].[Na+]',)"
5224,2,"('O.C1COCCO1.ClCCl',)","('O=P([O-])([O-])[O-].[K+].[K+].[K+]',)"
5224,3,"('O.C1COCCO1',)","('O=C([O-])[O-].[K+].[K+]',)"
5224,4,"('No Solvent',)","('O=C([O-])O.[Na+]',)"
5224,5,"('O.CC#N',)","('No Base',)"
5224,6,"('CCO.O.COCCOC',)","('O=C([O-])[O-].[Cs+].[Cs+]',)"
5224,7,"('O.COCCOC',)","('[Cs+].[F-]',)"
5224,8,"('O.COCCOC.ClCCl',)","('[K+].[F-]',)"
5224,9,"('O.CCOC(C)=O.C1COCCO1',)","('[OH-].[Na+]',)"
5224,10,"('CN(C)C=O',)","('O=C([O-])O.[Na+],O=C([O-])[O-].[Na+].[Na+]',)"
3478,1,"('O.COCCOC',)","('O=C([O-])[O-].[Na+].[Na+]',)"
3478,2,"('O.C1COCCO1',)","('O=C([O-])[O-].[K+].[K+]',)"
3478,3,"('COCCOC',)","('O=P([O-])([O-])[O-].[K+].[K+].[K+]',)"
3478,4,"('CCO.Cc1ccccc1.O',)","('O=C([O-])O.[Na+]',)"
3478,5,"('C1CCOC1',)","('No Base',)"
3478,6,"('O.CCOC(C)=O.C1COCCO1',)","('O=C([O-])O.[Na+],O=C([O-])[O-].[Na+].[Na+]',)"
3478,7,"('O.CC#N',)","('O=C([O-])[O-].[Cs+].[Cs+]',)"
3478,8,"('No Solvent',)","('[K+].[F-]',)"
3478,9,"('Cc1ccccc1.O',)","('CC(=O)[O-].[K+]',)"
3478,10,"('C1COCCO1',)","('[OH-].[Na+]',)"
4631,1,"('CCO.Cc1ccccc1.O',)","('O=C([O-])[O-].[K+].[K+]',)"
4631,2,"('O.C1COCCO1',)","('O=C([O-])[O-].[Na+].[Na+]',)"
4631,3,"('CN(C)C=O',)","('O=P([O-])([O-])[O-].[K+].[K+].[K+]',)"
4631,4,"('COCCOC',)","('O=C([O-])O.[Na+]',)"
4631,5,"('O.COCCOC',)","('O=C([O-])[O-].[Cs+].[Cs+]',)"
4631,6,"('O.CCOC(C)=O.C1COCCO1',)","('No Base',)"
4631,7,"('C1COCCO1',)","('O=C([O-])O.[Na+],O=C([O-])[O-].[Na+].[Na+]',)"
4631,8,"('O.C1CCOC1',)","('[Cs+].[F-]',)"
4631,9,"('CCO.Cc1ccccc1',)","('CCN(CC)CC',)"
4631,10,"('Cc1ccccc1.O',)","('[K+].[F-]',)"
1669,1,"('COCCOC',)","('O=C([O-])[O-].[Na+].[Na+]',)"
1669,2,"('C1COCCO1',)","('O=C([O-])[O-].[K+].[K+]',)"
1669,3,"('COCCOC.CCOC(C)=O',)","('O=P([O-])([O-])[O-].[K+].[K+].[K+]',)"
1669,4,"('O.CCOC(C)=O.C1COCCO1',)","('No Base',)"
1669,5,"('O.C1COCCO1',)","('O=C([O-])O.[Na+]',)"
1669,6,"('O.COCCOC',)","('O=C([O-])[O-].[Cs+].[Cs+]',)"
1669,7,"('O.CC#N',)","('O=C([O-])O.[Na+],O=C([O-])[O-].[Na+].[Na+]',)"
1669,8,"('CCO.O.COCCOC',)","('[Cs+].[F-]',)"
1669,9,"('CN(C)C=O.O',)","('[OH-].[Na+]',)"
1669,10,"('O.COCCOC.CCOC(C)=O',)","('[K+].[F-]',)"
4965,1,"('CCO.COCCOC',)","('O=C([O-])[O-].[K+].[K+]',)"
4965,2,"('C1COCCO1',)","('O=C([O-])[O-].[Na+].[Na+]',)"
4965,3,"('O.C1COCCO1',)","('O=P([O-])([O-])[O-].[K+].[K+].[K+]',)"
4965,4,"('O.CC#N',)","('O=C([O-])[O-].[Cs+].[Cs+]',)"
4965,5,"('CN(C)C=O',)","('No Base',)"
4965,6,"('O.COCCOC',)","('[K+].[F-]',)"
4965,7,"('CN(C)C=O.O',)","('O=C([O-])O.[Na+]',)"
4965,8,"('CCO.O.COCCOC',)","('[Cs+].[F-]',)"
4965,9,"('No Solvent',)","('O=C([O-])O.[Na+],O=C([O-])[O-].[Na+].[Na+]',)"
4965,10,"('COCCOC',)","('O=P([O-])([O-])[O-].[Na+].[Na+].[Na+],CC(=O)[O-].[Na+],CC(=O)[O-].[K+],O=P([O-])([O-])[O-].[K+].[K+].[K+]',)"
2277,1,"('O.C1COCCO1',)","('O=C([O-])[O-].[Na+].[Na+]',)"
2277,2,"('No Solvent',)","('O=C([O-])[O-].[Cs+].[Cs+]',)"
2277,3,"('C1CCOC1',)","('O=P([O-])([O-])[O-].[K+].[K+].[K+]',)"
2277,4,"('CN(C)C=O',)","('No Base',)"
2277,5,"('C1COCCO1',)","('O=C([O-])[O-].[K+].[K+]',)"
2277,6,"('O.COCCOC',)","('O=C([O-])O.[Na+]',)"
2277,7,"('O.CC#N',)","('[Cs+].[F-]',)"
2277,8,"('COCCOC',)","('[K+].[F-]',)"
2277,9,"('O.C1CCOC1',)","('O=C([O-])O.[Na+],O=C([O-])[O-].[Na+].[Na+]',)"
2277,10,"('CCO.Cc1ccccc1.O',)","('O=P([O-])([O-])[O-].[Na+].[Na+].[Na+],CC(=O)[O-].[Na+],CC(=O)[O-].[K+],O=P([O-])([O-])[O-].[K+].[K+].[K+]',)"
238,1,"('O.COCCOC',)","('O=C([O-])[O-].[Na+].[Na+]',)"
238,2,"('O.C1COCCO1',)","('O=C([O-])[O-].[Cs+].[Cs+]',)"
238,3,"('No Solvent',)","('O=C([O-])[O-].[K+].[K+]',)"
238,4,"('O.CCOC(C)=O.C1COCCO1',)","('O=P([O-])([O-])[O-].[K+].[K+].[K+]',)"
238,5,"('COCCOC',)","('No Base',)"
238,6,"('C1COCCO1',)","('O=C([O-])O.[Na+],O=C([O-])[O-].[Na+].[Na+]',)"
238,7,"('CN(C)C=O',)","('[Cs+].[F-]',)"
238,8,"('Cc1ccccc1.O',)","('[K+].[F-]',)"
238,9,"('O.COCCOC.ClCCl',)","('O=C([O-])O.[Na+]',)"
238,10,"('O.CC#N',)","('[OH-].[Na+]',)"
1840,1,"('O.COCCOC',)","('O=C([O-])[O-].[Na+].[Na+]',)"
1840,2,"('O.C1COCCO1',)","('O=C([O-])[O-].[K+].[K+]',)"
1840,3,"('CN(C)C=O',)","('O=C([O-])[O-].[Cs+].[Cs+]',)"
1840,4,"('C1COCCO1',)","('O=C([O-])O.[Na+]',)"
1840,5,"('Cc1ccccc1',)","('O=P([O-])([O-])[O-].[K+].[K+].[K+]',)"
1840,6,"('CCO.Cc1ccccc1',)","('No Base',)"
1840,7,"('O.C1CCOC1',)","('[Cs+].[F-]',)"
1840,8,"('CN(C)C=O.O',)","('CCN(CC)CC',)"
1840,9,"('COCCOC',)","('O=C([O-])O.[Na+],O=C([O-])[O-].[Na+].[Na+]',)"
1840,10,"('CCO.Cc1ccccc1.O',)","('[K+].[F-]',)"
1163,1,"('ClCCl.C1COCCO1.CCOC(C)=O',)","('O=C([O-])[O-].[Cs+].[Cs+]',)"
1163,2,"('CCOC(C)=O.C1COCCO1',)","('O=C([O-])[O-].[Na+].[Na+]',)"
1163,3,"('O.C1COCCO1',)","('O=C([O-])[O-].[K+].[K+]',)"
1163,4,"('CCO.O.COCCOC',)","('O=P([O-])([O-])[O-].[K+].[K+].[K+]',)"
1163,5,"('O.COCCOC',)","('O=C([O-])O.[Na+]',)"
1163,6,"('CN(C)C=O',)","('No Base',)"
1163,7,"('C1COCCO1',)","('O=C([O-])O.[Na+],O=C([O-])[O-].[Na+].[Na+]',)"
1163,8,"('O.CCOC(C)=O.C1COCCO1',)","('[Cs+].[F-]',)"
1163,9,"('COCCOC',)","('[K+].[F-]',)"
1163,10,"('O.C1CCOC1',)","('CC(=O)[O-].[K+]',)"
4205,1,"('O.COCCOC',)","('O=C([O-])[O-].[Na+].[Na+]',)"
4205,2,"('COCCOC',)","('O=C([O-])[O-].[K+].[K+]',)"
4205,3,"('O.C1COCCO1',)","('O=C([O-])[O-].[Cs+].[Cs+]',)"
4205,4,"('C1COCCO1',)","('O=C([O-])O.[Na+],O=C([O-])[O-].[Na+].[Na+]',)"
4205,5,"('CCO.Cc1ccccc1.CCOC(C)=O',)","('No Base',)"
4205,6,"('O.COCCOC.CCOC(C)=O',)","('O=P([O-])([O-])[O-].[K+].[K+].[K+]',)"
4205,7,"('CCO.Cc1ccccc1.O',)","('O=C([O-])O.[Na+]',)"
4205,8,"('CCO.O.COCCOC',)","('[K+].[F-]',)"
4205,9,"('No Solvent',)","('[OH-].[Na+]',)"
4205,10,"('Cc1ccccc1',)","('[Cs+].[F-]',)"
1117,1,"('C1COCCO1',)","('O=C([O-])[O-].[Na+].[Na+]',)"
1117,2,"('No Solvent',)","('O=P([O-])([O-])[O-].[K+].[K+].[K+]',)"
1117,3,"('O.COCCOC',)","('O=C([O-])[O-].[K+].[K+]',)"
1117,4,"('CN(C)C=O',)","('O=C([O-])O.[Na+]',)"
1117,5,"('Cc1ccccc1',)","('No Base',)"
1117,6,"('COCCOC',)","('O=C([O-])[O-].[Cs+].[Cs+]',)"
1117,7,"('O.CCOC(C)=O.C1COCCO1',)","('O=C([O-])O.[Na+],O=C([O-])[O-].[Na+].[Na+]',)"
1117,8,"('CCOC(C)=O.C1COCCO1',)","('[Cs+].[F-]',)"
1117,9,"('Cc1ccccc1.O',)","('[K+].[F-]',)"
1117,10,"('CCO.COCCOC',)","('CCN(CC)CC',)"
1751,1,"('CC#N',)","('O=C([O-])[O-].[Na+].[Na+]',)"
1751,2,"('O.C1COCCO1',)","('O=C([O-])[O-].[K+].[K+]',)"
1751,3,"('CCO.O.COCCOC',)","('O=C([O-])[O-].[Cs+].[Cs+]',)"
1751,4,"('O.COCCOC.CCOC(C)=O',)","('O=P([O-])([O-])[O-].[K+].[K+].[K+]',)"
1751,5,"('O.COCCOC',)","('No Base',)"
1751,6,"('COCCOC',)","('O=C([O-])O.[Na+]',)"
1751,7,"('O.CC#N',)","('[K+].[F-]',)"
1751,8,"('Cc1ccccc1.O',)","('CC(=O)[O-].[K+]',)"
1751,9,"('CN(C)C=O',)","('[OH-].[Na+]',)"
1751,10,"('Cc1ccccc1',)","('[Cs+].[F-]',)"
864,1,"('CCO.Cc1ccccc1.O',)","('O=C([O-])[O-].[Na+].[Na+]',)"
864,2,"('COCCOC',)","('O=C([O-])[O-].[K+].[K+]',)"
864,3,"('O.C1COCCO1',)","('O=C([O-])[O-].[Cs+].[Cs+]',)"
864,4,"('O.COCCOC',)","('O=P([O-])([O-])[O-].[K+].[K+].[K+]',)"
864,5,"('O.C1CCOC1',)","('O=C([O-])O.[Na+],O=C([O-])[O-].[Na+].[Na+]',)"
864,6,"('CN(C)C=O',)","('O=C([O-])O.[Na+]',)"
864,7,"('O.COCCOC.CCOC(C)=O',)","('[K+].[F-]',)"
864,8,"('CCO.Cc1ccccc1',)","('No Base',)"
864,9,"('O.CCOC(C)=O.C1COCCO1',)","('CCN(CC)CC',)"
864,10,"('C1CCOC1',)","('[Cs+].[F-]',)"
3032,1,"('O.C1COCCO1',)","('O=C([O-])[O-].[K+].[K+]',)"
3032,2,"('CCO.Cc1ccccc1',)","('O=C([O-])[O-].[Na+].[Na+]',)"
3032,3,"('O.CC#N',)","('O=C([O-])[O-].[Cs+].[Cs+]',)"
3032,4,"('O.CCOC(C)=O.C1COCCO1',)","('O=P([O-])([O-])[O-].[K+].[K+].[K+]',)"
3032,5,"('COCCOC',)","('O=C([O-])O.[Na+]',)"
3032,6,"('CN(C)C=O',)","('No Base',)"
3032,7,"('CN(C)C=O.O',)","('[K+].[F-]',)"
3032,8,"('O.COCCOC',)","('O=C([O-])O.[Na+],O=C([O-])[O-].[Na+].[Na+]',)"
3032,9,"('CCO.Cc1ccccc1.O',)","('CCN(CC)CC',)"
3032,10,"('CCO.Cc1ccccc1.CCOC(C)=O',)","('[Cs+].[F-]',)"
3906,1,"('CN(C)C=O.O',)","('O=C([O-])O.[Na+]',)"
3906,2,"('O.CC#N',)","('O=C([O-])[O-].[Na+].[Na+]',)"
3906,3,"('O.COCCOC',)","('O=C([O-])[O-].[K+].[K+]',)"
3906,4,"('O.C1COCCO1',)","('O=P([O-])([O-])[O-].[K+].[K+].[K+]',)"
3906,5,"('CCO.Cc1ccccc1',)","('O=C([O-])[O-].[Cs+].[Cs+]',)"
3906,6,"('CCO.Cc1ccccc1.O',)","('No Base',)"
3906,7,"('O.CCOC(C)=O.C1COCCO1',)","('[K+].[F-]',)"
3906,8,"('C1CCOC1',)","('[Cs+].[F-]',)"
3906,9,"('CN(C)C=O',)","('CCN(CC)CC',)"
3906,10,"('No Solvent',)","('[OH-].[Na+]',)"
1614,1,"('O.COCCOC',)","('O=C([O-])[O-].[Na+].[Na+]',)"
1614,2,"('C1COCCO1',)","('O=P([O-])([O-])[O-].[K+].[K+].[K+]',)"
1614,3,"('COCCOC',)","('O=C([O-])[O-].[K+].[K+]',)"
1614,4,"('O.C1COCCO1',)","('O=C([O-])[O-].[Cs+].[Cs+]',)"
1614,5,"('No Solvent',)","('O=C([O-])O.[Na+]',)"
1614,6,"('O.COCCOC.CCOC(C)=O',)","('O=C([O-])O.[Na+],O=C([O-])[O-].[Na+].[Na+]',)"
1614,7,"('CN(C)C=O',)","('[K+].[F-]',)"
1614,8,"('CN(C)C=O.O',)","('No Base',)"
1614,9,"('C1CCOC1',)","('[Cs+].[F-]',)"
1614,10,"('O.CCOC(C)=O.C1COCCO1',)","('CC(=O)[O-].[K+]',)"
706,1,"('O.COCCOC',)","('O=C([O-])[O-].[K+].[K+]',)"
706,2,"('CCO.Cc1ccccc1',)","('O=C([O-])[O-].[Na+].[Na+]',)"
706,3,"('COCCOC',)","('O=C([O-])[O-].[Cs+].[Cs+]',)"
706,4,"('CN(C)C=O.O',)","('O=C([O-])O.[Na+]',)"
706,5,"('CN(C)C=O',)","('O=P([O-])([O-])[O-].[K+].[K+].[K+]',)"
706,6,"('Cc1ccccc1',)","('No Base',)"
706,7,"('O.C1COCCO1',)","('CC(=O)[O-].[K+]',)"
706,8,"('O.C1CCOC1',)","('[K+].[F-]',)"
706,9,"('C1CCOC1',)","('O=C([O-])O.[Na+],O=C([O-])[O-].[Na+].[Na+]',)"
706,10,"('O.COCCOC.CCOC(C)=O',)","('[OH-].[Na+]',)"
3423,1,"('No Solvent',)","('O=C([O-])[O-].[Na+].[Na+]',)"
3423,2,"('O.COCCOC',)","('O=P([O-])([O-])[O-].[K+].[K+].[K+]',)"
3423,3,"('O.C1COCCO1',)","('O=C([O-])[O-].[K+].[K+]',)"
3423,4,"('O.CCOC(C)=O.C1COCCO1',)","('O=C([O-])[O-].[Cs+].[Cs+]',)"
3423,5,"('C1COCCO1',)","('No Base',)"
3423,6,"('O.C1COCCO1.ClCCl',)","('[K+].[F-]',)"
3423,7,"('CN(C)C=O',)","('O=C([O-])O.[Na+]',)"
3423,8,"('C1COCCO1.ClCCl',)","('[Cs+].[F-]',)"
3423,9,"('CN(C)C=O.O',)","('O=C([O-])O.[Na+],O=C([O-])[O-].[Na+].[Na+]',)"
3423,10,"('CCO.Cc1ccccc1.O',)","('CC(=O)[O-].[K+]',)"
4425,1,"('O.C1COCCO1',)","('O=C([O-])[O-].[K+].[K+]',)"
4425,2,"('CN(C)C=O',)","('O=P([O-])([O-])[O-].[K+].[K+].[K+]',)"
4425,3,"('C1COCCO1',)","('O=C([O-])[O-].[Na+].[Na+]',)"
4425,4,"('No Solvent',)","('O=C([O-])[O-].[Cs+].[Cs+]',)"
4425,5,"('CN(C)C=O.O',)","('No Base',)"
4425,6,"('O.CC#N',)","('O=C([O-])O.[Na+]',)"
4425,7,"('O.C1COCCO1.CC#N',)","('[K+].[F-]',)"
4425,8,"('CCO.O.COCCOC',)","('O=C([O-])O.[Na+],O=C([O-])[O-].[Na+].[Na+]',)"
4425,9,"('CCOC(C)=O.C1COCCO1',)","('[Cs+].[F-]',)"
4425,10,"('Cc1ccccc1.O',)","('CCN(CC)CC',)"
4510,1,"('No Solvent',)","('No Base',)"
4510,2,"('O.C1COCCO1',)","('O=C([O-])[O-].[Cs+].[Cs+]',)"
4510,3,"('O.COCCOC',)","('O=C([O-])[O-].[K+].[K+]',)"
4510,4,"('COCCOC',)","('O=C([O-])[O-].[Na+].[Na+]',)"
4510,5,"('CCO.Cc1ccccc1',)","('[K+].[F-]',)"
4510,6,"('O.C1CCOC1',)","('O=C([O-])O.[Na+]',)"
4510,7,"('O.CCOC(C)=O.C1COCCO1',)","('O=P([O-])([O-])[O-].[K+].[K+].[K+]',)"
4510,8,"('CN(C)C=O.O',)","('O=C([O-])O.[Na+],O=C([O-])[O-].[Na+].[Na+]',)"
4510,9,"('C1COCCO1',)","('[Cs+].[F-]',)"
4510,10,"('O.CC#N',)","('[OH-].[Na+]',)"
776,1,"('COCCOC',)","('O=C([O-])[O-].[Na+].[Na+]',)"
776,2,"('CN(C)C=O.O',)","('O=C([O-])[O-].[Cs+].[Cs+]',)"
776,3,"('O.C1COCCO1',)","('O=P([O-])([O-])[O-].[K+].[K+].[K+]',)"
776,4,"('C1COCCO1',)","('O=C([O-])O.[Na+]',)"
776,5,"('CN(C)C=O',)","('No Base',)"
776,6,"('O.CC#N',)","('[K+].[F-]',)"
776,7,"('CCO.O.COCCOC',)","('O=C([O-])[O-].[K+].[K+]',)"
776,8,"('C1CCOC1',)","('[Cs+].[F-]',)"
776,9,"('No Solvent',)","('CC(=O)[O-].[K+]',)"
776,10,"('COCCOC.ClCCl',)","('CCN(CC)CC',)"
4473,1,"('CO.COCCOC.CCOC(C)=O.ClCCl',)","('O=C([O-])[O-].[Na+].[Na+]',)"
4473,2,"('O.C1COCCO1',)","('O=C([O-])[O-].[K+].[K+]',)"
4473,3,"('CN(C)C=O',)","('O=C([O-])[O-].[Cs+].[Cs+]',)"
4473,4,"('COCCOC.ClCCl',)","('No Base',)"
4473,5,"('C1COCCO1',)","('O=C([O-])O.[Na+],O=C([O-])[O-].[Na+].[Na+]',)"
4473,6,"('O.CCOC(C)=O.C1COCCO1',)","('O=P([O-])([O-])[O-].[K+].[K+].[K+]',)"
4473,7,"('COCCOC',)","('O=C([O-])O.[Na+]',)"
4473,8,"('O.CC#N',)","('[OH-].[Na+]',)"
4473,9,"('COCCOC.CCOC(C)=O',)","('[K+].[F-]',)"
4473,10,"('O.COCCOC.ClCCl',)","('CC(=O)[O-].[K+]',)"
1190,1,"('No Solvent',)","('No Base',)"
1190,2,"('O.C1COCCO1',)","('O=C([O-])[O-].[Na+].[Na+]',)"
1190,3,"('CN(C)C=O',)","('O=C([O-])[O-].[Cs+].[Cs+]',)"
1190,4,"('O.COCCOC',)","('O=P([O-])([O-])[O-].[K+].[K+].[K+]',)"
1190,5,"('C1COCCO1',)","('O=C([O-])[O-].[K+].[K+]',)"
1190,6,"('O.CCOC(C)=O.C1COCCO1',)","('O=C([O-])O.[Na+]',)"
1190,7,"('O.C1COCCO1.ClCCl',)","('O=C([O-])O.[Na+],O=C([O-])[O-].[Na+].[Na+]',)"
1190,8,"('O.C1CCOC1',)","('[OH-].[Na+]',)"
1190,9,"('COCCOC',)","('CCN(CC)CC',)"
1190,10,"('CCO.Cc1ccccc1',)","('[Cs+].[F-]',)"
4672,1,"('O.C1COCCO1',)","('O=C([O-])[O-].[Cs+].[Cs+]',)"
4672,2,"('No Solvent',)","('O=C([O-])[O-].[Na+].[Na+]',)"
4672,3,"('C1COCCO1',)","('O=P([O-])([O-])[O-].[K+].[K+].[K+]',)"
4672,4,"('Cc1ccccc1.O',)","('O=C([O-])O.[Na+]',)"
4672,5,"('CN(C)C=O.O',)","('No Base',)"
4672,6,"('CN(C)C=O',)","('O=C([O-])[O-].[K+].[K+]',)"
4672,7,"('O.C1COCCO1.ClCCl',)","('[K+].[F-]',)"
4672,8,"('O.COCCOC',)","('[OH-].[Na+]',)"
4672,9,"('COCCOC',)","('[Cs+].[F-]',)"
4672,10,"('O.CCOC(C)=O.C1COCCO1',)","('CCN(CC)CC',)"
1530,1,"('O.COCCOC',)","('O=C([O-])[O-].[Na+].[Na+]',)"
1530,2,"('O.C1COCCO1',)","('O=C([O-])[O-].[K+].[K+]',)"
1530,3,"('O.CC#N',)","('No Base',)"
1530,4,"('COCCOC',)","('O=P([O-])([O-])[O-].[K+].[K+].[K+]',)"
1530,5,"('CCO.Cc1ccccc1',)","('O=C([O-])O.[Na+]',)"
1530,6,"('C1CCOC1',)","('O=C([O-])[O-].[Cs+].[Cs+]',)"
1530,7,"('O.CCOC(C)=O.C1COCCO1',)","('O=C([O-])O.[Na+],O=C([O-])[O-].[Na+].[Na+]',)"
1530,8,"('CC#N',)","('[Cs+].[F-]',)"
1530,9,"('CCO.Cc1ccccc1.O',)","('[OH-].[Na+]',)"
1530,10,"('CN(C)C=O.O',)","('[K+].[F-]',)"
1218,1,"('CCO',)","('CCN(CC)CC',)"
1218,2,"('CN(C)C=O',)","('O=C([O-])[O-].[K+].[K+]',)"
1218,3,"('COCCOC',)","('O=C([O-])[O-].[Na+].[Na+]',)"
1218,4,"('CC#N',)","('O=P([O-])([O-])[O-].[K+].[K+].[K+]',)"
1218,5,"('O.COCCOC',)","('O=C([O-])O.[Na+]',)"
1218,6,"('Cc1ccccc1.O',)","('O=C([O-])[O-].[Cs+].[Cs+]',)"
1218,7,"('O.C1COCCO1',)","('No Base',)"
1218,8,"('CCO.Cc1ccccc1.O',)","('[Cs+].[F-]',)"
1218,9,"('CN(C)C=O.O',)","('O=C([O-])O.[Na+],O=C([O-])[O-].[Na+].[Na+]',)"
1218,10,"('C1COCCO1',)","('[K+].[F-]',)"
1297,1,"('No Solvent',)","('O=C([O-])[O-].[Na+].[Na+]',)"
1297,2,"('O.COCCOC',)","('No Base',)"
1297,3,"('O.C1CCOC1',)","('O=C([O-])[O-].[K+].[K+]',)"
1297,4,"('C1COCCO1',)","('O=P([O-])([O-])[O-].[K+].[K+].[K+]',)"
1297,5,"('COCCOC',)","('O=C([O-])[O-].[Cs+].[Cs+]',)"
1297,6,"('Cc1ccccc1',)","('O=C([O-])O.[Na+]',)"
1297,7,"('O.C1COCCO1',)","('[K+].[F-]',)"
1297,8,"('O.CCOC(C)=O.C1COCCO1',)","('O=C([O-])O.[Na+],O=C([O-])[O-].[Na+].[Na+]',)"
1297,9,"('CCO.Cc1ccccc1.O',)","('CCN(CC)CC',)"
1297,10,"('CN(C)C=O',)","('[Cs+].[F-]',)"
2076,1,"('CN(C)C=O.O.C1COCCO1',)","('O=C([O-])[O-].[Na+].[Na+]',)"
2076,2,"('CCO.O.C1CCOC1',)","('O=P([O-])([O-])[O-].[K+].[K+].[K+]',)"
2076,3,"('CN(C)C=O.O.C1COCCO1.ClCCl',)","('O=C([O-])[O-].[K+].[K+]',)"
2076,4,"('COCCOC.CCOC(C)=O',)","('No Base',)"
2076,5,"('O.C1COCCO1',)","('O=C([O-])[O-].[Cs+].[Cs+]',)"
2076,6,"('Cc1ccccc1.O',)","('O=C([O-])O.[Na+]',)"
2076,7,"('CN(C)C=O',)","('[Cs+].[F-]',)"
2076,8,"('COCCOC.ClCCl',)","('[K+].[F-]',)"
2076,9,"('O.COCCOC',)","('[OH-].[Na+]',)"
2076,10,"('COCCOC',)","('O=C([O-])O.[Na+],O=C([O-])[O-].[Na+].[Na+]',)"
59,1,"('Cc1ccccc1',)","('O=C([O-])[O-].[K+].[K+]',)"
59,2,"('O.COCCOC',)","('O=C([O-])[O-].[Na+].[Na+]',)"
59,3,"('CCO.Cc1ccccc1',)","('O=C([O-])[O-].[Cs+].[Cs+]',)"
59,4,"('COCCOC',)","('No Base',)"
59,5,"('O.C1COCCO1',)","('O=C([O-])O.[Na+]',)"
59,6,"('CN(C)C=O',)","('O=P([O-])([O-])[O-].[K+].[K+].[K+]',)"
59,7,"('C1COCCO1',)","('O=C([O-])O.[Na+],O=C([O-])[O-].[Na+].[Na+]',)"
59,8,"('O.C1CCOC1',)","('[K+].[F-]',)"
59,9,"('No Solvent',)","('CCN(CC)CC',)"
59,10,"('O.CC#N',)","('CC(=O)[O-].[K+]',)"
2234,1,"('O.COCCOC',)","('O=C([O-])[O-].[Na+].[Na+]',)"
2234,2,"('O.C1COCCO1',)","('O=C([O-])[O-].[K+].[K+]',)"
2234,3,"('CCO.Cc1ccccc1',)","('No Base',)"
2234,4,"('C1COCCO1',)","('O=C([O-])[O-].[Cs+].[Cs+]',)"
2234,5,"('CCO.Cc1ccccc1.O',)","('O=P([O-])([O-])[O-].[K+].[K+].[K+]',)"
2234,6,"('O.CCOC(C)=O.C1COCCO1',)","('O=C([O-])O.[Na+]',)"
2234,7,"('O.COCCOC.CCOC(C)=O',)","('[Cs+].[F-]',)"
2234,8,"('O.C1CCOC1',)","('O=C([O-])O.[Na+],O=C([O-])[O-].[Na+].[Na+]',)"
2234,9,"('COCCOC',)","('[K+].[F-]',)"
2234,10,"('No Solvent',)","('CCN(CC)CC',)"
3402,1,"('CCO.Cc1ccccc1',)","('O=C([O-])[O-].[K+].[K+]',)"
3402,2,"('O.COCCOC',)","('O=C([O-])[O-].[Na+].[Na+]',)"
3402,3,"('O.C1COCCO1',)","('O=C([O-])[O-].[Cs+].[Cs+]',)"
3402,4,"('Cc1ccccc1',)","('O=P([O-])([O-])[O-].[K+].[K+].[K+]',)"
3402,5,"('No Solvent',)","('O=C([O-])O.[Na+]',)"
3402,6,"('CCO.O.COCCOC',)","('No Base',)"
3402,7,"('CN(C)C=O',)","('O=C([O-])O.[Na+],O=C([O-])[O-].[Na+].[Na+]',)"
3402,8,"('C1COCCO1',)","('[K+].[F-]',)"
3402,9,"('COCCOC.CCOC(C)=O',)","('CCN(CC)CC',)"
3402,10,"('COCCOC',)","('CC(=O)[O-].[K+]',)"
2721,1,"('Cc1ccccc1.O.CCOC(C)=O',)","('O=P([O-])([O-])[O-].[K+].[K+].[K+]',)"
2721,2,"('C1COCCO1',)","('O=C([O-])[O-].[Cs+].[Cs+]',)"
2721,3,"('COCCOC',)","('O=C([O-])[O-].[K+].[K+]',)"
2721,4,"('O.C1COCCO1',)","('O=C([O-])[O-].[Na+].[Na+]',)"
2721,5,"('CN(C)C=O.O',)","('No Base',)"
2721,6,"('CN(C)C=O.O.CCOC(C)=O',)","('[Cs+].[F-]',)"
2721,7,"('O.COCCOC',)","('O=C([O-])O.[Na+]',)"
2721,8,"('O.CCOC(C)=O.C1COCCO1',)","('[OH-].[Na+]',)"
2721,9,"('CCO.O.COCCOC',)","('O=C([O-])O.[Na+],O=C([O-])[O-].[Na+].[Na+]',)"
2721,10,"('O.COCCOC.CCOC(C)=O',)","('CCN(CC)CC',)"
1536,1,"('CN(C)C=O.O',)","('O=P([O-])([O-])[O-].[K+].[K+].[K+]',)"
1536,2,"('O.C1COCCO1',)","('O=C([O-])[O-].[Na+].[Na+]',)"
1536,3,"('COCCOC',)","('O=C([O-])[O-].[K+].[K+]',)"
1536,4,"('CN(C)C=O',)","('O=C([O-])[O-].[Cs+].[Cs+]',)"
1536,5,"('O.COCCOC',)","('O=C([O-])O.[Na+]',)"
1536,6,"('CCO.Cc1ccccc1.O',)","('No Base',)"
1536,7,"('Cc1ccccc1.O',)","('[Cs+].[F-]',)"
1536,8,"('C1COCCO1',)","('[K+].[F-]',)"
1536,9,"('No Solvent',)","('CCN(CC)CC',)"
1536,10,"('CCO.Cc1ccccc1',)","('O=C([O-])O.[Na+],O=C([O-])[O-].[Na+].[Na+]',)"
2466,1,"('C1COCCO1',)","('O=C([O-])[O-].[Na+].[Na+]',)"
2466,2,"('COCCOC',)","('O=C([O-])[O-].[K+].[K+]',)"
2466,3,"('O.C1COCCO1',)","('O=C([O-])[O-].[Cs+].[Cs+]',)"
2466,4,"('CN(C)C=O',)","('O=C([O-])O.[Na+]',)"
2466,5,"('O.CC#N',)","('O=P([O-])([O-])[O-].[K+].[K+].[K+]',)"
2466,6,"('No Solvent',)","('[Cs+].[F-]',)"
2466,7,"('CCO.Cc1ccccc1.O',)","('No Base',)"
2466,8,"('CCO.O.COCCOC',)","('[K+].[F-]',)"
2466,9,"('O.COCCOC.CCOC(C)=O',)","('O=C([O-])O.[Na+],O=C([O-])[O-].[Na+].[Na+]',)"
2466,10,"('O.COCCOC',)","('[OH-].[Na+]',)"
453,1,"('No Solvent',)","('O=C([O-])[O-].[Na+].[Na+]',)"
453,2,"('O.C1CCOC1',)","('O=C([O-])[O-].[K+].[K+]',)"
453,3,"('C1COCCO1',)","('[K+].[F-]',)"
453,4,"('COCCOC',)","('No Base',)"
453,5,"('CN(C)C=O',)","('O=P([O-])([O-])[O-].[K+].[K+].[K+]',)"
453,6,"('CCO.Cc1ccccc1.O',)","('[Cs+].[F-]',)"
453,7,"('O.COCCOC',)","('O=C([O-])[O-].[Cs+].[Cs+]',)"
453,8,"('O.C1COCCO1',)","('O=C([O-])O.[Na+]',)"
453,9,"('CC#N',)","('CC(=O)[O-].[K+]',)"
453,10,"('CCO.O.COCCOC',)","('O=C([O-])O.[Na+],O=C([O-])[O-].[Na+].[Na+]',)"
2922,1,"('O.CC#N',)","('O=C([O-])[O-].[Na+].[Na+]',)"
2922,2,"('CN(C)C=O.O',)","('O=C([O-])[O-].[K+].[K+]',)"
2922,3,"('C1COCCO1',)","('O=P([O-])([O-])[O-].[K+].[K+].[K+]',)"
2922,4,"('O.C1COCCO1',)","('No Base',)"
2922,5,"('No Solvent',)","('O=C([O-])[O-].[Cs+].[Cs+]',)"
2922,6,"('O.COCCOC',)","('[K+].[F-]',)"
2922,7,"('O.CCOC(C)=O.C1COCCO1',)","('O=C([O-])O.[Na+]',)"
2922,8,"('CCO.Cc1ccccc1.O',)","('O=C([O-])O.[Na+],O=C([O-])[O-].[Na+].[Na+]',)"
2922,9,"('CN(C)C=O.O.ClCCl',)","('[Cs+].[F-]',)"
2922,10,"('CC#N',)","('[OH-].[Na+]',)"
2166,1,"('O.C1COCCO1',)","('O=C([O-])[O-].[Na+].[Na+]',)"
2166,2,"('No Solvent',)","('O=C([O-])[O-].[K+].[K+]',)"
2166,3,"('C1COCCO1',)","('No Base',)"
2166,4,"('O.CCOC(C)=O.C1COCCO1',)","('O=C([O-])[O-].[Cs+].[Cs+]',)"
2166,5,"('CCO.Cc1ccccc1.O.ClCCl',)","('O=P([O-])([O-])[O-].[K+].[K+].[K+]',)"
2166,6,"('C1COCCO1.ClCCl',)","('O=C([O-])O.[Na+]',)"
2166,7,"('CCO.Cc1ccccc1.O',)","('[Cs+].[F-]',)"
2166,8,"('CN(C)C=O',)","('[K+].[F-]',)"
2166,9,"('CCO.COCCOC',)","('CCN(CC)CC',)"
2166,10,"('O.C1CCOC1',)","('CCN(C(C)C)C(C)C',)"
4287,1,"('COCCOC',)","('O=C([O-])[O-].[K+].[K+]',)"
4287,2,"('CN(C)C=O.O',)","('O=C([O-])[O-].[Na+].[Na+]',)"
4287,3,"('O.COCCOC',)","('No Base',)"
4287,4,"('Cc1ccccc1',)","('O=P([O-])([O-])[O-].[K+].[K+].[K+]',)"
4287,5,"('CN(C)C=O',)","('O=C([O-])[O-].[Cs+].[Cs+]',)"
4287,6,"('Cc1ccccc1.O',)","('O=C([O-])O.[Na+]',)"
4287,7,"('O.CC#N',)","('O=C([O-])O.[Na+],O=C([O-])[O-].[Na+].[Na+]',)"
4287,8,"('O.C1COCCO1',)","('CCN(CC)CC',)"
4287,9,"('CCO.Cc1ccccc1',)","('[K+].[F-]',)"
4287,10,"('O.C1CCOC1',)","('[Cs+].[F-]',)"
4900,1,"('O.C1COCCO1',)","('O=C([O-])[O-].[Cs+].[Cs+]',)"
4900,2,"('CN(C)C=O',)","('O=C([O-])[O-].[Na+].[Na+]',)"
4900,3,"('CN(C)C=O.O',)","('O=C([O-])[O-].[K+].[K+]',)"
4900,4,"('O.COCCOC',)","('O=C([O-])O.[Na+]',)"
4900,5,"('O.CC#N',)","('O=P([O-])([O-])[O-].[K+].[K+].[K+]',)"
4900,6,"('No Solvent',)","('No Base',)"
4900,7,"('CCO.O.COCCOC',)","('[K+].[F-]',)"
4900,8,"('CCO.Cc1ccccc1',)","('[Cs+].[F-]',)"
4900,9,"('COCCOC',)","('O=C([O-])O.[Na+],O=C([O-])[O-].[Na+].[Na+]',)"
4900,10,"('CCO.Cc1ccccc1.O',)","('CCN(CC)CC',)"
213,1,"('O.COCCOC',)","('O=C([O-])[O-].[Na+].[Na+]',)"
213,2,"('O.COCCOC.CO.ClC(Cl)Cl.C1CCOC1',)","('O=C([O-])[O-].[K+].[K+]',)"
213,3,"('O.C1COCCO1.ClCCl',)","('O=P([O-])([O-])[O-].[K+].[K+].[K+]',)"
213,4,"('C1COCCO1',)","('O=C([O-])[O-].[Cs+].[Cs+]',)"
213,5,"('CCO.O.COCCOC',)","('O=C([O-])O.[Na+]',)"
213,6,"('O.CCOC(C)=O.C1COCCO1',)","('[OH-].[Na+]',)"
213,7,"('O.C1COCCO1',)","('No Base',)"
213,8,"('No Solvent',)","('CCN(CC)CC',)"
213,9,"('CN(C)C=O',)","('[Cs+].[F-]',)"
213,10,"('COCCOC',)","('O=C([O-])O.[Na+],O=C([O-])[O-].[Na+].[Na+]',)"
3211,1,"('C1COCCO1',)","('O=C([O-])[O-].[Na+].[Na+]',)"
3211,2,"('O.C1COCCO1',)","('O=C([O-])[O-].[K+].[K+]',)"
3211,3,"('COCCOC',)","('O=P([O-])([O-])[O-].[K+].[K+].[K+]',)"
3211,4,"('O.COCCOC',)","('O=C([O-])[O-].[Cs+].[Cs+]',)"
3211,5,"('CN(C)C=O.O',)","('O=C([O-])O.[Na+]',)"
3211,6,"('CCO.Cc1ccccc1.O',)","('[Cs+].[F-]',)"
3211,7,"('CN(C)C=O',)","('No Base',)"
3211,8,"('Cc1ccccc1',)","('[K+].[F-]',)"
3211,9,"('CCO.Cc1ccccc1.CCOC(C)=O',)","('[OH-].[Na+]',)"
3211,10,"('No Solvent',)","('CC(=O)[O-].[K+]',)"
4863,1,"('O.C1COCCO1',)","('O=C([O-])[O-].[Cs+].[Cs+]',)"
4863,2,"('O.CCOC(C)=O.C1COCCO1',)","('O=C([O-])[O-].[Na+].[Na+]',)"
4863,3,"('CN(C)C=O',)","('O=P([O-])([O-])[O-].[K+].[K+].[K+]',)"
4863,4,"('CCO.Cc1ccccc1.O',)","('O=C([O-])[O-].[K+].[K+]',)"
4863,5,"('No Solvent',)","('O=C([O-])O.[Na+]',)"
4863,6,"('C1COCCO1',)","('No Base',)"
4863,7,"('CN(C)C=O.O',)","('[K+].[F-]',)"
4863,8,"('CCO.O.COCCOC',)","('CCN(CC)CC',)"
4863,9,"('O.C1COCCO1.ClCCl',)","('[Cs+].[F-]',)"
4863,10,"('O.COCCOC',)","('O=C([O-])O.[Na+],O=C([O-])[O-].[Na+].[Na+]',)"
234,1,"('COCCOC',)","('O=C([O-])O.[Na+]',)"
234,2,"('O.C1COCCO1',)","('O=P([O-])([O-])[O-].[K+].[K+].[K+]',)"
234,3,"('C1COCCO1',)","('O=C([O-])[O-].[Na+].[Na+]',)"
234,4,"('CN(C)C=O.O',)","('O=C([O-])[O-].[K+].[K+]',)"
234,5,"('CCO.Cc1ccccc1.O',)","('O=C([O-])[O-].[Cs+].[Cs+]',)"
234,6,"('No Solvent',)","('No Base',)"
234,7,"('CN(C)C=O',)","('[K+].[F-]',)"
234,8,"('CCO.Cc1ccccc1',)","('O=C([O-])O.[Na+],O=C([O-])[O-].[Na+].[Na+]',)"
234,9,"('C1CCOC1',)","('CCN(CC)CC',)"
234,10,"('O.CCOC(C)=O.COCCOC',)","('[Cs+].[F-]',)"
5185,1,"('O.C1COCCO1',)","('O=C([O-])[O-].[Cs+].[Cs+]',)"
5185,2,"('O.CCOC(C)=O.C1COCCO1',)","('O=C([O-])[O-].[Na+].[Na+]',)"
5185,3,"('C1COCCO1',)","('O=P([O-])([O-])[O-].[K+].[K+].[K+]',)"
5185,4,"('CN(C)C=O',)","('O=C([O-])[O-].[K+].[K+]',)"
5185,5,"('O.C1COCCO1.ClCCl',)","('No Base',)"
5185,6,"('CN(C)C=O.O',)","('O=C([O-])O.[Na+]',)"
5185,7,"('CCO.Cc1ccccc1',)","('[Cs+].[F-]',)"
5185,8,"('O.COCCOC.ClCCl',)","('O=C([O-])O.[Na+],O=C([O-])[O-].[Na+].[Na+]',)"
5185,9,"('COCCOC',)","('[OH-].[Na+]',)"
5185,10,"('No Solvent',)","('[K+].[F-]',)"
841,1,"('CCO.O.COCCOC',)","('O=C([O-])[O-].[Na+].[Na+]',)"
841,2,"('O',)","('O=C([O-])[O-].[K+].[K+]',)"
841,3,"('O.C1COCCO1',)","('O=P([O-])([O-])[O-].[K+].[K+].[K+]',)"
841,4,"('C1COCCO1',)","('No Base',)"
841,5,"('O.COCCOC',)","('O=C([O-])[O-].[Cs+].[Cs+]',)"
841,6,"('O.CCOC(C)=O.C1COCCO1',)","('O=C([O-])O.[Na+]',)"
841,7,"('No Solvent',)","('CCN(CC)CC',)"
841,8,"('CN(C)C=O.O',)","('[Ba+2].[OH-].[OH-]',)"
841,9,"('CN(C)C=O',)","('[OH-].[Na+]',)"
841,10,"('O.CC#N',)","('[Cs+].[F-]',)"
345,1,"('CCO.COCCOC',)","('O=C([O-])[O-].[Na+].[Na+]',)"
345,2,"('O.C1COCCO1',)","('O=C([O-])[O-].[Cs+].[Cs+]',)"
345,3,"('C1COCCO1',)","('O=C([O-])[O-].[K+].[K+]',)"
345,4,"('O.COCCOC.CCOC(C)=O',)","('O=C([O-])O.[Na+]',)"
345,5,"('C1CCOC1',)","('O=P([O-])([O-])[O-].[K+].[K+].[K+]',)"
345,6,"('O.CC#N',)","('No Base',)"
345,7,"('Cc1ccccc1',)","('[K+].[F-]',)"
345,8,"('CCO.Cc1ccccc1',)","('[OH-].[Na+]',)"
345,9,"('COCCOC',)","('[Cs+].[F-]',)"
345,10,"('CCO.Cc1ccccc1.CCOC(C)=O',)","('CC(=O)[O-].[K+]',)"
2648,1,"('CN(C)C=O',)","('O=P([O-])([O-])[O-].[K+].[K+].[K+]',)"
2648,2,"('CN(C)C=O.O',)","('O=C([O-])[O-].[Na+].[Na+]',)"
2648,3,"('O.C1COCCO1',)","('O=C([O-])[O-].[Cs+].[Cs+]',)"
2648,4,"('O.CC#N',)","('O=C([O-])O.[Na+]',)"
2648,5,"('No Solvent',)","('O=C([O-])[O-].[K+].[K+]',)"
2648,6,"('COCCOC',)","('[Cs+].[F-]',)"
2648,7,"('Cc1ccccc1',)","('No Base',)"
2648,8,"('CCO.Cc1ccccc1',)","('CCN(CC)CC',)"
2648,9,"('CCO.Cc1ccccc1.O',)","('[K+].[F-]',)"
2648,10,"('C1COCCO1',)","('[OH-].[Na+]',)"
2978,1,"('O.COCCOC',)","('O=P([O-])([O-])[O-].[K+].[K+].[K+]',)"
2978,2,"('C1COCCO1',)","('O=C([O-])[O-].[Na+].[Na+]',)"
2978,3,"('O.C1COCCO1',)","('O=C([O-])[O-].[Cs+].[Cs+]',)"
2978,4,"('CN(C)C=O',)","('O=C([O-])O.[Na+]',)"
2978,5,"('CC#N',)","('O=C([O-])[O-].[K+].[K+]',)"
2978,6,"('No Solvent',)","('[Cs+].[F-]',)"
2978,7,"('CCO.Cc1ccccc1',)","('No Base',)"
2978,8,"('CCO.Cc1ccccc1.O',)","('CCN(CC)CC',)"
2978,9,"('Cc1ccccc1',)","('[K+].[F-]',)"
2978,10,"('COCCOC',)","('CC(=O)[O-].[K+]',)"
4334,1,"('O.C1COCCO1',)","('O=P([O-])([O-])[O-].[K+].[K+].[K+]',)"
4334,2,"('CN(C)C=O',)","('O=C([O-])[O-].[Na+].[Na+]',)"
4334,3,"('CN(C)C=O.O',)","('O=C([O-])[O-].[K+].[K+]',)"
4334,4,"('CCO.Cc1ccccc1.O',)","('O=C([O-])O.[Na+]',)"
4334,5,"('COCCOC',)","('O=C([O-])[O-].[Cs+].[Cs+]',)"
4334,6,"('O.COCCOC',)","('No Base',)"
4334,7,"('No Solvent',)","('CCN(CC)CC',)"
4334,8,"('CCO',)","('[Cs+].[F-]',)"
4334,9,"('C1COCCO1',)","('O=C([O-])O.[Na+],O=C([O-])[O-].[Na+].[Na+]',)"
4334,10,"('Cc1ccccc1.O',)","('[OH-].[Na+]',)"
4969,1,"('O.C1COCCO1',)","('O=C([O-])[O-].[Na+].[Na+]',)"
4969,2,"('COCCOC',)","('O=C([O-])[O-].[K+].[K+]',)"
4969,3,"('CN(C)C=O',)","('O=P([O-])([O-])[O-].[K+].[K+].[K+]',)"
4969,4,"('No Solvent',)","('O=C([O-])[O-].[Cs+].[Cs+]',)"
4969,5,"('O.COCCOC',)","('No Base',)"
4969,6,"('COCCOC.CCOC(C)=O',)","('O=C([O-])O.[Na+]',)"
4969,7,"('O.CC#N',)","('O=C([O-])O.[Na+],O=C([O-])[O-].[Na+].[Na+]',)"
4969,8,"('C1COCCO1',)","('[Cs+].[F-]',)"
4969,9,"('CCO.Cc1ccccc1',)","('[OH-].[Na+]',)"
4969,10,"('O.CCOC(C)=O.COCCOC',)","('CCN(CC)CC',)"
596,1,"('O.C1COCCO1',)","('O=C([O-])[O-].[K+].[K+]',)"
596,2,"('C1COCCO1',)","('O=C([O-])[O-].[Na+].[Na+]',)"
596,3,"('CN(C)C=O.C1CCOC1',)","('O=C([O-])[O-].[Cs+].[Cs+]',)"
596,4,"('O.COCCOC',)","('[K+].[F-]',)"
596,5,"('CCO.Cc1ccccc1',)","('O=C([O-])O.[Na+]',)"
596,6,"('COCCOC',)","('O=P([O-])([O-])[O-].[K+].[K+].[K+]',)"
596,7,"('CN(C)C=O',)","('O=C([O-])O.[Na+],O=C([O-])[O-].[Na+].[Na+]',)"
596,8,"('No Solvent',)","('No Base',)"
596,9,"('O.C1CCOC1',)","('CCN(CC)CC',)"
596,10,"('Cc1ccccc1.O',)","('[Cs+].[F-]',)"
2333,1,"('O.C1COCCO1',)","('O=C([O-])[O-].[Cs+].[Cs+]',)"
2333,2,"('CN(C)C=O.O',)","('O=C([O-])O.[Na+]',)"
2333,3,"('COCCOC',)","('O=C([O-])[O-].[Na+].[Na+]',)"
2333,4,"('O.COCCOC',)","('O=C([O-])[O-].[K+].[K+]',)"
2333,5,"('O.CCOC(C)=O.C1COCCO1',)","('O=P([O-])([O-])[O-].[K+].[K+].[K+]',)"
2333,6,"('CN(C)C=O',)","('No Base',)"
2333,7,"('C1COCCO1',)","('[Cs+].[F-]',)"
2333,8,"('CCO.Cc1ccccc1',)","('[K+].[F-]',)"
2333,9,"('C1COCCO1.ClCCl',)","('CCN(CC)CC',)"
2333,10,"('CCO.O.COCCOC',)","('O=C([O-])O.[Na+],O=C([O-])[O-].[Na+].[Na+]',)"
1217,1,"('CCO',)","('CCN(CC)CC',)"
1217,2,"('CN(C)C=O',)","('O=C([O-])[O-].[Na+].[Na+]',)"
1217,3,"('O.C1COCCO1',)","('O=C([O-])[O-].[K+].[K+]',)"
1217,4,"('CCO.Cc1ccccc1.O',)","('O=C([O-])[O-].[Cs+].[Cs+]',)"
1217,5,"('C1COCCO1',)","('O=C([O-])O.[Na+]',)"
1217,6,"('COCCOC',)","('O=P([O-])([O-])[O-].[K+].[K+].[K+]',)"
1217,7,"('CC#N',)","('[Cs+].[F-]',)"
1217,8,"('CN(C)C=O.O',)","('[K+].[F-]',)"
1217,9,"('O.COCCOC',)","('No Base',)"
1217,10,"('O.CC#N',)","('O=C([O-])O.[Na+],O=C([O-])[O-].[Na+].[Na+]',)"
4673,1,"('O.C1COCCO1',)","('O=C([O-])[O-].[Na+].[Na+]',)"
4673,2,"('COCCOC.CCOC(C)=O',)","('O=C([O-])[O-].[Cs+].[Cs+]',)"
4673,3,"('No Solvent',)","('No Base',)"
4673,4,"('COCCOC.ClCCl',)","('O=P([O-])([O-])[O-].[K+].[K+].[K+]',)"
4673,5,"('O.CCOC(C)=O.C1COCCO1',)","('O=C([O-])O.[Na+]',)"
4673,6,"('CN(C)C=O.O',)","('O=C([O-])[O-].[K+].[K+]',)"
4673,7,"('C1COCCO1',)","('[Cs+].[F-]',)"
4673,8,"('CN(C)C=O',)","('[OH-].[Na+]',)"
4673,9,"('Cc1ccccc1.O',)","('CCN(CC)CC',)"
4673,10,"('O.COCCOC',)","('[K+].[F-]',)"
3881,1,"('CO.ClCCl',)","('O=C([O-])[O-].[Na+].[Na+]',)"
3881,2,"('COCCOC',)","('O=C([O-])[O-].[K+].[K+]',)"
3881,3,"('O.C1COCCO1',)","('O=C([O-])[O-].[Cs+].[Cs+]',)"
3881,4,"('C1COCCO1',)","('O=C([O-])O.[Na+]',)"
3881,5,"('O.CC#N',)","('O=P([O-])([O-])[O-].[K+].[K+].[K+]',)"
3881,6,"('CCO.Cc1ccccc1.O',)","('No Base',)"
3881,7,"('CN(C)C=O.O',)","('O=C([O-])O.[Na+],O=C([O-])[O-].[Na+].[Na+]',)"
3881,8,"('No Solvent',)","('[Cs+].[F-]',)"
3881,9,"('O.COCCOC',)","('[OH-].[Na+]',)"
3881,10,"('C1CCOC1',)","('[K+].[F-]',)"
526,1,"('O.COCCOC',)","('O=C([O-])[O-].[K+].[K+]',)"
526,2,"('Cc1ccccc1.O',)","('O=C([O-])[O-].[Na+].[Na+]',)"
526,3,"('C1COCCO1',)","('O=P([O-])([O-])[O-].[K+].[K+].[K+]',)"
526,4,"('COCCOC',)","('O=C([O-])O.[Na+]',)"
526,5,"('O.C1COCCO1',)","('O=C([O-])[O-].[Cs+].[Cs+]',)"
526,6,"('CCO.Cc1ccccc1.O',)","('No Base',)"
526,7,"('No Solvent',)","('[K+].[F-]',)"
526,8,"('O.CCOC(C)=O.C1COCCO1',)","('CCN(CC)CC',)"
526,9,"('CN(C)C=O',)","('[OH-].[Na+]',)"
526,10,"('CN(C)C=O.O',)","('[Cs+].[F-]',)"
3016,1,"('O.CCOC(C)=O.C1COCCO1',)","('O=C([O-])[O-].[Na+].[Na+]',)"
3016,2,"('O.COCCOC',)","('O=C([O-])[O-].[K+].[K+]',)"
3016,3,"('O.COCCOC.CCOC(C)=O',)","('No Base',)"
3016,4,"('O.C1COCCO1',)","('O=P([O-])([O-])[O-].[K+].[K+].[K+]',)"
3016,5,"('CN(C)C=O',)","('O=C([O-])O.[Na+]',)"
3016,6,"('No Solvent',)","('O=C([O-])[O-].[Cs+].[Cs+]',)"
3016,7,"('CN(C)C=O.O',)","('O=C([O-])O.[Na+],O=C([O-])[O-].[Na+].[Na+]',)"
3016,8,"('CCO.Cc1ccccc1.O',)","('CCN(CC)CC',)"
3016,9,"('COCCOC',)","('[Cs+].[F-]',)"
3016,10,"('C1COCCO1',)","('[OH-].[Na+]',)"
5070,1,"('O.CCOC(C)=O.C1COCCO1',)","('O=C([O-])[O-].[Na+].[Na+]',)"
5070,2,"('COCCOC',)","('O=P([O-])([O-])[O-].[K+].[K+].[K+]',)"
5070,3,"('O.COCCOC.CCOC(C)=O',)","('O=C([O-])[O-].[Cs+].[Cs+]',)"
5070,4,"('O.C1COCCO1',)","('O=C([O-])[O-].[K+].[K+]',)"
5070,5,"('CN(C)C=O',)","('O=C([O-])O.[Na+]',)"
5070,6,"('O.COCCOC',)","('O=C([O-])O.[Na+],O=C([O-])[O-].[Na+].[Na+]',)"
5070,7,"('No Solvent',)","('No Base',)"
5070,8,"('C1CCOC1',)","('[OH-].[Na+]',)"
5070,9,"('CCO.Cc1ccccc1',)","('CCN(CC)CC',)"
5070,10,"('Cc1ccccc1',)","('[Cs+].[F-]',)"
781,1,"('CCO.COCCOC',)","('O=C([O-])[O-].[Na+].[Na+]',)"
781,2,"('O.C1COCCO1',)","('O=C([O-])[O-].[K+].[K+]',)"
781,3,"('O.COCCOC',)","('O=P([O-])([O-])[O-].[K+].[K+].[K+]',)"
781,4,"('C1COCCO1',)","('O=C([O-])O.[Na+]',)"
781,5,"('No Solvent',)","('No Base',)"
781,6,"('CCO.Cc1ccccc1',)","('O=C([O-])[O-].[Cs+].[Cs+]',)"
781,7,"('O.CC#N',)","('[Cs+].[F-]',)"
781,8,"('COCCOC',)","('[K+].[F-]',)"
781,9,"('COCCOC.ClCCl',)","('CCN(CC)CC',)"
781,10,"('Cc1ccccc1.O',)","('[OH-].[Na+]',)"
3925,1,"('CN(C)C=O',)","('O=C([O-])[O-].[Cs+].[Cs+]',)"
3925,2,"('O.CCOC(C)=O.C1COCCO1',)","('O=C([O-])[O-].[Na+].[Na+]',)"
3925,3,"('Cc1ccccc1.O',)","('O=C([O-])[O-].[K+].[K+]',)"
3925,4,"('O.C1COCCO1',)","('O=P([O-])([O-])[O-].[K+].[K+].[K+]',)"
3925,5,"('CCO.O.COCCOC',)","('O=C([O-])O.[Na+]',)"
3925,6,"('COCCOC',)","('No Base',)"
3925,7,"('O.C1COCCO1.ClCCl',)","('[Cs+].[F-]',)"
3925,8,"('COCCOC.ClCCl',)","('O=C([O-])O.[Na+],O=C([O-])[O-].[Na+].[Na+]',)"
3925,9,"('O.COCCOC',)","('[K+].[F-]',)"
3925,10,"('COCCOC.CCOC(C)=O',)","('CC(=O)[O-].[K+]',)"
4732,1,"('O.C1COCCO1',)","('O=C([O-])[O-].[Na+].[Na+]',)"
4732,2,"('O.COCCOC',)","('O=C([O-])[O-].[K+].[K+]',)"
4732,3,"('COCCOC',)","('O=P([O-])([O-])[O-].[K+].[K+].[K+]',)"
4732,4,"('No Solvent',)","('O=C([O-])O.[Na+]',)"
4732,5,"('O.C1COCCO1.ClCCl',)","('No Base',)"
4732,6,"('O.CCOC(C)=O.C1COCCO1',)","('O=C([O-])[O-].[Cs+].[Cs+]',)"
4732,7,"('CN(C)C=O',)","('[Cs+].[F-]',)"
4732,8,"('CCO.COCCOC',)","('O=C([O-])O.[Na+],O=C([O-])[O-].[Na+].[Na+]',)"
4732,9,"('C1COCCO1',)","('[OH-].[Na+]',)"
4732,10,"('CCO.Cc1ccccc1.O',)","('[K+].[F-]',)"
206,1,"('O.COCCOC',)","('O=C([O-])[O-].[K+].[K+]',)"
206,2,"('O.C1CCOC1',)","('O=C([O-])[O-].[Na+].[Na+]',)"
206,3,"('C1CCOC1',)","('No Base',)"
206,4,"('O.C1COCCO1',)","('O=P([O-])([O-])[O-].[K+].[K+].[K+]',)"
206,5,"('CCO.Cc1ccccc1',)","('O=C([O-])[O-].[Cs+].[Cs+]',)"
206,6,"('CCOC(C)=O.C1COCCO1',)","('O=C([O-])O.[Na+]',)"
206,7,"('Cc1ccccc1.O',)","('O=C([O-])O.[Na+],O=C([O-])[O-].[Na+].[Na+]',)"
206,8,"('COCCOC',)","('[Cs+].[F-]',)"
206,9,"('C1COCCO1',)","('[OH-].[Na+]',)"
206,10,"('O',)","('CC(=O)[O-].[K+]',)"
1358,1,"('O.COCCOC',)","('O=C([O-])[O-].[Na+].[Na+]',)"
1358,2,"('No Solvent',)","('O=C([O-])O.[Na+]',)"
1358,3,"('O.CCOC(C)=O.C1COCCO1',)","('O=C([O-])[O-].[K+].[K+]',)"
1358,4,"('Cc1ccccc1',)","('O=C([O-])O.[Na+],O=C([O-])[O-].[Na+].[Na+]',)"
1358,5,"('COCCOC',)","('O=P([O-])([O-])[O-].[K+].[K+].[K+]',)"
1358,6,"('O.C1COCCO1',)","('No Base',)"
1358,7,"('O.CCOC(C)=O.COCCOC',)","('O=C([O-])[O-].[Cs+].[Cs+]',)"
1358,8,"('C1COCCO1',)","('[Cs+].[F-]',)"
1358,9,"('CN(C)C=O.O',)","('CCN(CC)CC',)"
1358,10,"('CN(C)C=O',)","('CC(=O)[O-].[K+]',)"
3369,1,"('O.COCCOC',)","('O=C([O-])[O-].[Na+].[Na+]',)"
3369,2,"('C1COCCO1',)","('O=P([O-])([O-])[O-].[K+].[K+].[K+]',)"
3369,3,"('No Solvent',)","('No Base',)"
3369,4,"('COCCOC',)","('O=C([O-])[O-].[K+].[K+]',)"
3369,5,"('O.C1COCCO1',)","('[Cs+].[F-]',)"
3369,6,"('O.CC#N',)","('O=C([O-])[O-].[Cs+].[Cs+]',)"
3369,7,"('CN(C)C=O',)","('[K+].[F-]',)"
3369,8,"('O.COCCOC.CCOC(C)=O',)","('O=C([O-])O.[Na+]',)"
3369,9,"('O.C1CCOC1',)","('CC(=O)[O-].[K+]',)"
3369,10,"('Cc1ccccc1.O',)","('O=C([O-])O.[Na+],O=C([O-])[O-].[Na+].[Na+]',)"
4837,1,"('ClCCl',)","('O=C([O-])[O-].[K+].[K+]',)"
4837,2,"('O.COCCOC',)","('O=C([O-])[O-].[Na+].[Na+]',)"
4837,3,"('COCCOC',)","('No Base',)"
4837,4,"('C1COCCO1',)","('O=P([O-])([O-])[O-].[K+].[K+].[K+]',)"
4837,5,"('CCO.Cc1ccccc1',)","('O=C([O-])[O-].[Cs+].[Cs+]',)"
4837,6,"('No Solvent',)","('O=C([O-])O.[Na+]',)"
4837,7,"('O.C1COCCO1',)","('O=C([O-])O.[Na+],O=C([O-])[O-].[Na+].[Na+]',)"
4837,8,"('COCCOC.ClCCl',)","('[Cs+].[F-]',)"
4837,9,"('O.CCOC(C)=O.C1COCCO1',)","('[K+].[F-]',)"
4837,10,"('CC#N',)","('[OH-].[Na+]',)"
1133,1,"('CCOC(C)=O.C1COCCO1',)","('O=C([O-])[O-].[Cs+].[Cs+]',)"
1133,2,"('ClCCl.C1COCCO1.CCOC(C)=O',)","('O=C([O-])[O-].[K+].[K+]',)"
1133,3,"('O.C1COCCO1',)","('O=C([O-])[O-].[Na+].[Na+]',)"
1133,4,"('CN(C)C=O',)","('O=P([O-])([O-])[O-].[K+].[K+].[K+]',)"
1133,5,"('CCO.O.COCCOC',)","('O=C([O-])O.[Na+]',)"
1133,6,"('C1COCCO1',)","('No Base',)"
1133,7,"('O.COCCOC',)","('[Cs+].[F-]',)"
1133,8,"('O.CCOC(C)=O.C1COCCO1',)","('[K+].[F-]',)"
1133,9,"('O.C1COCCO1.ClCCl',)","('O=C([O-])O.[Na+],O=C([O-])[O-].[Na+].[Na+]',)"
1133,10,"('No Solvent',)","('[OH-].[Na+]',)"
3997,1,"('CCO.O.COCCOC',)","('O=C([O-])[O-].[K+].[K+]',)"
3997,2,"('C1CCOC1',)","('O=C([O-])[O-].[Cs+].[Cs+]',)"
3997,3,"('CN(C)C=O.O.CCOC(C)=O',)","('O=C([O-])[O-].[Na+].[Na+]',)"
3997,4,"('O.CCOC(C)=O.C1COCCO1',)","('O=P([O-])([O-])[O-].[K+].[K+].[K+]',)"
3997,5,"('O.C1COCCO1',)","('No Base',)"
3997,6,"('O.COCCOC',)","('[Cs+].[F-]',)"
3997,7,"('O.C1CCOC1',)","('[K+].[F-]',)"
3997,8,"('COCCOC.ClCCl',)","('O=C([O-])O.[Na+]',)"
3997,9,"('No Solvent',)","('O=C([O-])O.[Na+],O=C([O-])[O-].[Na+].[Na+]',)"
3997,10,"('CCO.O.COCCOC.CCOC(C)=O',)","('CC(=O)[O-].[K+]',)"
3726,1,"('No Solvent',)","('O=C([O-])[O-].[K+].[K+]',)"
3726,2,"('O.C1COCCO1',)","('O=C([O-])[O-].[Na+].[Na+]',)"
3726,3,"('O.CCOC(C)=O.C1COCCO1',)","('O=C([O-])[O-].[Cs+].[Cs+]',)"
3726,4,"('C1COCCO1',)","('O=C([O-])O.[Na+]',)"
3726,5,"('COCCOC',)","('O=P([O-])([O-])[O-].[K+].[K+].[K+]',)"
3726,6,"('O.COCCOC',)","('No Base',)"
3726,7,"('CCO.Cc1ccccc1',)","('[Cs+].[F-]',)"
3726,8,"('C1COCCO1.ClCCl',)","('O=C([O-])O.[Na+],O=C([O-])[O-].[Na+].[Na+]',)"
3726,9,"('O.C1COCCO1.ClCCl',)","('[OH-].[Na+]',)"
3726,10,"('CCO.Cc1ccccc1.O',)","('[K+].[F-]',)"
1154,1,"('CCOC(C)=O.C1COCCO1',)","('O=C([O-])[O-].[Cs+].[Cs+]',)"
1154,2,"('ClCCl.C1COCCO1.CCOC(C)=O',)","('O=C([O-])[O-].[Na+].[Na+]',)"
1154,3,"('O.C1COCCO1',)","('O=C([O-])[O-].[K+].[K+]',)"
1154,4,"('CN(C)C=O',)","('O=P([O-])([O-])[O-].[K+].[K+].[K+]',)"
1154,5,"('C1COCCO1',)","('O=C([O-])O.[Na+]',)"
1154,6,"('O.C1COCCO1.ClCCl',)","('No Base',)"
1154,7,"('CCO.O.COCCOC',)","('[Cs+].[F-]',)"
1154,8,"('O.COCCOC',)","('O=C([O-])O.[Na+],O=C([O-])[O-].[Na+].[Na+]',)"
1154,9,"('CCO.Cc1ccccc1',)","('[K+].[F-]',)"
1154,10,"('O.CCOC(C)=O.C1COCCO1',)","('CC(=O)[O-].[K+]',)"
319,1,"('O.COCCOC',)","('O=C([O-])[O-].[Na+].[Na+]',)"
319,2,"('O.C1COCCO1',)","('O=C([O-])[O-].[K+].[K+]',)"
319,3,"('COCCOC',)","('O=P([O-])([O-])[O-].[K+].[K+].[K+]',)"
319,4,"('No Solvent',)","('O=C([O-])[O-].[Cs+].[Cs+]',)"
319,5,"('COCCOC.CCOC(C)=O',)","('No Base',)"
319,6,"('CN(C)C=O',)","('O=C([O-])O.[Na+]',)"
319,7,"('CCO.Cc1ccccc1',)","('[Cs+].[F-]',)"
319,8,"('Cc1ccccc1.O',)","('CCN(CC)CC',)"
319,9,"('C1COCCO1',)","('O=C([O-])O.[Na+],O=C([O-])[O-].[Na+].[Na+]',)"
319,10,"('CN(C)C=O.O',)","('[K+].[F-]',)"
3908,1,"('CCO.Cc1ccccc1',)","('O=C([O-])[O-].[Na+].[Na+]',)"
3908,2,"('CCO.Cc1ccccc1.O',)","('O=C([O-])[O-].[K+].[K+]',)"
3908,3,"('No Solvent',)","('No Base',)"
3908,4,"('CC#N',)","('O=C([O-])O.[Na+]',)"
3908,5,"('COCCOC',)","('O=C([O-])[O-].[Cs+].[Cs+]',)"
3908,6,"('O.CC#N',)","('O=P([O-])([O-])[O-].[K+].[K+].[K+]',)"
3908,7,"('C1COCCO1',)","('[Cs+].[F-]',)"
3908,8,"('O.COCCOC',)","('CCN(CC)CC',)"
3908,9,"('CN(C)C=O.O',)","('[K+].[F-]',)"
3908,10,"('COCCOC.ClCCl',)","('O=C([O-])O.[Na+],O=C([O-])[O-].[Na+].[Na+]',)"
1577,1,"('O.COCCOC',)","('O=C([O-])[O-].[Na+].[Na+]',)"
1577,2,"('COCCOC',)","('O=C([O-])[O-].[K+].[K+]',)"
1577,3,"('Cc1ccccc1',)","('O=P([O-])([O-])[O-].[K+].[K+].[K+]',)"
1577,4,"('O.C1COCCO1',)","('No Base',)"
1577,5,"('CCO.Cc1ccccc1.O',)","('O=C([O-])O.[Na+]',)"
1577,6,"('CCO.Cc1ccccc1',)","('O=C([O-])[O-].[Cs+].[Cs+]',)"
1577,7,"('O.CCOC(C)=O.COCCOC',)","('[Cs+].[F-]',)"
1577,8,"('CN(C)C=O.O',)","('O=C([O-])O.[Na+],O=C([O-])[O-].[Na+].[Na+]',)"
1577,9,"('O.CCOC(C)=O.C1COCCO1',)","('CC(=O)[O-].[K+]',)"
1577,10,"('Cc1ccccc1.O',)","('[OH-].[Na+]',)"
5217,1,"('O.CC#N',)","('O=C([O-])[O-].[Na+].[Na+]',)"
5217,2,"('C1COCCO1',)","('O=C([O-])[O-].[Cs+].[Cs+]',)"
5217,3,"('CCO.Cc1ccccc1',)","('O=P([O-])([O-])[O-].[K+].[K+].[K+]',)"
5217,4,"('O.C1COCCO1',)","('O=C([O-])O.[Na+]',)"
5217,5,"('COCCOC',)","('O=C([O-])[O-].[K+].[K+]',)"
5217,6,"('CN(C)C=O.O',)","('No Base',)"
5217,7,"('CN(C)C=O',)","('O=C([O-])O.[Na+],O=C([O-])[O-].[Na+].[Na+]',)"
5217,8,"('No Solvent',)","('[Cs+].[F-]',)"
5217,9,"('CCO.O.COCCOC',)","('[K+].[F-]',)"
5217,10,"('CC#N',)","('CCN(CC)CC',)"
1513,1,"('O.C1COCCO1',)","('O=C([O-])[O-].[K+].[K+]',)"
1513,2,"('No Solvent',)","('O=C([O-])[O-].[Cs+].[Cs+]',)"
1513,3,"('C1COCCO1',)","('O=P([O-])([O-])[O-].[K+].[K+].[K+]',)"
1513,4,"('O.CCOC(C)=O.C1COCCO1',)","('O=C([O-])[O-].[Na+].[Na+]',)"
1513,5,"('CCO.O.COCCOC',)","('No Base',)"
1513,6,"('Cc1ccccc1.O',)","('[Cs+].[F-]',)"
1513,7,"('O.CC#N',)","('O=C([O-])O.[Na+]',)"
1513,8,"('CCO.Cc1ccccc1.O',)","('O=C([O-])O.[Na+],O=C([O-])[O-].[Na+].[Na+]',)"
1513,9,"('COCCOC',)","('CCN(CC)CC',)"
1513,10,"('C1CCOC1',)","('[K+].[F-]',)"
3851,1,"('O.C1COCCO1',)","('O=C([O-])[O-].[Na+].[Na+]',)"
3851,2,"('O.COCCOC',)","('O=C([O-])[O-].[K+].[K+]',)"
3851,3,"('O.COCCOC.CCOC(C)=O',)","('O=C([O-])O.[Na+]',)"
3851,4,"('CC#N',)","('O=P([O-])([O-])[O-].[K+].[K+].[K+]',)"
3851,5,"('CCO.C1COCCO1',)","('O=C([O-])[O-].[Cs+].[Cs+]',)"
3851,6,"('C1COCCO1',)","('No Base',)"
3851,7,"('CN(C)C=O.O',)","('[K+].[F-]',)"
3851,8,"('CN(C)C=O',)","('CC(=O)[O-].[K+]',)"
3851,9,"('COCCOC',)","('[OH-].[Na+]',)"
3851,10,"('Cc1ccccc1.O',)","('CCN(CC)CC',)"
4859,1,"('O.C1COCCO1',)","('O=C([O-])[O-].[Cs+].[Cs+]',)"
4859,2,"('O.CCOC(C)=O.C1COCCO1',)","('O=C([O-])[O-].[Na+].[Na+]',)"
4859,3,"('CCO.Cc1ccccc1.O',)","('O=P([O-])([O-])[O-].[K+].[K+].[K+]',)"
4859,4,"('No Solvent',)","('O=C([O-])[O-].[K+].[K+]',)"
4859,5,"('CN(C)C=O',)","('O=C([O-])O.[Na+]',)"
4859,6,"('CCO.O.COCCOC',)","('No Base',)"
4859,7,"('COCCOC',)","('[K+].[F-]',)"
4859,8,"('CCO.Cc1ccccc1',)","('O=C([O-])O.[Na+],O=C([O-])[O-].[Na+].[Na+]',)"
4859,9,"('CN(C)C=O.O',)","('CCN(CC)CC',)"
4859,10,"('C1COCCO1',)","('[Cs+].[F-]',)"
2309,1,"('COCCOC',)","('O=C([O-])[O-].[Na+].[Na+]',)"
2309,2,"('C1COCCO1',)","('O=C([O-])[O-].[K+].[K+]',)"
2309,3,"('O.COCCOC',)","('O=P([O-])([O-])[O-].[K+].[K+].[K+]',)"
2309,4,"('O.C1COCCO1',)","('O=C([O-])O.[Na+]',)"
2309,5,"('C1CCOC1',)","('O=C([O-])[O-].[Cs+].[Cs+]',)"
2309,6,"('O.C1CCOC1',)","('No Base',)"
2309,7,"('CN(C)C=O.O',)","('O=C([O-])O.[Na+],O=C([O-])[O-].[Na+].[Na+]',)"
2309,8,"('No Solvent',)","('[Cs+].[F-]',)"
2309,9,"('CCO.Cc1ccccc1.O',)","('[OH-].[Na+]',)"
2309,10,"('O.CCOC(C)=O.C1COCCO1',)","('[K+].[F-]',)"
3652,1,"('CCO.O.COCCOC',)","('O=C([O-])[O-].[Na+].[Na+]',)"
3652,2,"('O.C1COCCO1',)","('O=C([O-])[O-].[Cs+].[Cs+]',)"
3652,3,"('CN(C)C=O',)","('O=C([O-])[O-].[K+].[K+]',)"
3652,4,"('COCCOC',)","('O=C([O-])O.[Na+]',)"
3652,5,"('O.COCCOC.CCOC(C)=O',)","('No Base',)"
3652,6,"('No Solvent',)","('O=P([O-])([O-])[O-].[K+].[K+].[K+]',)"
3652,7,"('C1COCCO1',)","('CCN(CC)CC',)"
3652,8,"('COCCOC.CCOC(C)=O',)","('[Cs+].[F-]',)"
3652,9,"('O.CCOC(C)=O.C1COCCO1',)","('[K+].[F-]',)"
3652,10,"('CN(C)C=O.O',)","('CC(=O)[O-].[K+]',)"
3674,1,"('COCCOC',)","('O=C([O-])O.[Na+]',)"
3674,2,"('O.COCCOC.CCOC(C)=O',)","('O=C([O-])[O-].[Na+].[Na+]',)"
3674,3,"('CN(C)C=O.O',)","('O=C([O-])[O-].[Cs+].[Cs+]',)"
3674,4,"('O.COCCOC',)","('O=C([O-])[O-].[K+].[K+]',)"
3674,5,"('CCO.O.COCCOC',)","('No Base',)"
3674,6,"('C1COCCO1',)","('O=P([O-])([O-])[O-].[K+].[K+].[K+]',)"
3674,7,"('COCCOC.CCOC(C)=O',)","('[Cs+].[F-]',)"
3674,8,"('CCO.Cc1ccccc1.O',)","('CCN(CC)CC',)"
3674,9,"('CC#N',)","('[K+].[F-]',)"
3674,10,"('COCCOC.ClCCl',)","('O=C([O-])O.[Na+],O=C([O-])[O-].[Na+].[Na+]',)"
4891,1,"('O.C1COCCO1',)","('O=C([O-])[O-].[Cs+].[Cs+]',)"
4891,2,"('CN(C)C=O',)","('O=C([O-])[O-].[Na+].[Na+]',)"
4891,3,"('CCO.Cc1ccccc1',)","('O=C([O-])[O-].[K+].[K+]',)"
4891,4,"('CCO.Cc1ccccc1.O',)","('O=P([O-])([O-])[O-].[K+].[K+].[K+]',)"
4891,5,"('COCCOC',)","('No Base',)"
4891,6,"('No Solvent',)","('O=C([O-])O.[Na+]',)"
4891,7,"('O.CCOC(C)=O.C1COCCO1',)","('[K+].[F-]',)"
4891,8,"('O.CC#N',)","('CCN(CC)CC',)"
4891,9,"('O.COCCOC',)","('[Cs+].[F-]',)"
4891,10,"('C1COCCO1',)","('O=C([O-])O.[Na+],O=C([O-])[O-].[Na+].[Na+]',)"
1949,1,"('O.COCCOC',)","('O=C([O-])[O-].[K+].[K+]',)"
1949,2,"('O.C1COCCO1',)","('O=C([O-])[O-].[Na+].[Na+]',)"
1949,3,"('O.C1CCOC1',)","('No Base',)"
1949,4,"('Cc1ccccc1',)","('O=P([O-])([O-])[O-].[K+].[K+].[K+]',)"
1949,5,"('CCO.Cc1ccccc1',)","('O=C([O-])[O-].[Cs+].[Cs+]',)"
1949,6,"('CN(C)C=O',)","('[Cs+].[F-]',)"
1949,7,"('No Solvent',)","('O=C([O-])O.[Na+]',)"
1949,8,"('CCO.O.COCCOC',)","('[OH-].[Na+]',)"
1949,9,"('CCO.Cc1ccccc1.O',)","('O=C([O-])O.[Na+],O=C([O-])[O-].[Na+].[Na+]',)"
1949,10,"('C1COCCO1',)","('[K+].[F-]',)"
2111,1,"('O.C1COCCO1',)","('O=C([O-])[O-].[K+].[K+]',)"
2111,2,"('No Solvent',)","('O=C([O-])[O-].[Cs+].[Cs+]',)"
2111,3,"('CN(C)C=O',)","('O=C([O-])[O-].[Na+].[Na+]',)"
2111,4,"('O.CCOC(C)=O.C1COCCO1',)","('O=P([O-])([O-])[O-].[K+].[K+].[K+]',)"
2111,5,"('C1COCCO1',)","('No Base',)"
2111,6,"('Cc1ccccc1.O',)","('O=C([O-])O.[Na+]',)"
2111,7,"('COCCOC',)","('[Cs+].[F-]',)"
2111,8,"('CCO.Cc1ccccc1.O',)","('CCN(CC)CC',)"
2111,9,"('O.C1COCCO1.ClCCl',)","('[K+].[F-]',)"
2111,10,"('CCO.Cc1ccccc1',)","('O=C([O-])O.[Na+],O=C([O-])[O-].[Na+].[Na+]',)"
396,1,"('CCO.Cc1ccccc1.O',)","('O=C([O-])[O-].[Na+].[Na+]',)"
396,2,"('C1COCCO1',)","('O=C([O-])[O-].[K+].[K+]',)"
396,3,"('COCCOC',)","('No Base',)"
396,4,"('CCO.Cc1ccccc1',)","('O=P([O-])([O-])[O-].[K+].[K+].[K+]',)"
396,5,"('O.C1CCOC1',)","('O=C([O-])O.[Na+],O=C([O-])[O-].[Na+].[Na+]',)"
396,6,"('O.CC#N',)","('O=C([O-])[O-].[Cs+].[Cs+]',)"
396,7,"('No Solvent',)","('O=C([O-])O.[Na+]',)"
396,8,"('O.C1COCCO1',)","('[OH-].[Na+]',)"
396,9,"('O.COCCOC',)","('[Cs+].[F-]',)"
396,10,"('CN(C)C=O.O',)","('[K+].[F-]',)"
3567,1,"('No Solvent',)","('O=C([O-])[O-].[Na+].[Na+]',)"
3567,2,"('C1COCCO1',)","('O=C([O-])[O-].[K+].[K+]',)"
3567,3,"('COCCOC',)","('O=P([O-])([O-])[O-].[K+].[K+].[K+]',)"
3567,4,"('O.CCOC(C)=O.C1COCCO1',)","('O=C([O-])O.[Na+]',)"
3567,5,"('O.C1COCCO1',)","('No Base',)"
3567,6,"('CN(C)C=O.O',)","('[Cs+].[F-]',)"
3567,7,"('CCO.Cc1ccccc1.O',)","('O=C([O-])[O-].[Cs+].[Cs+]',)"
3567,8,"('Cc1ccccc1.O.CCOC(C)=O',)","('O=C([O-])O.[Na+],O=C([O-])[O-].[Na+].[Na+]',)"
3567,9,"('O.COCCOC',)","('CCN(CC)CC',)"
3567,10,"('CN(C)C=O',)","('CC(=O)[O-].[K+]',)"
1381,1,"('O.COCCOC',)","('O=C([O-])[O-].[Na+].[Na+]',)"
1381,2,"('COCCOC',)","('O=C([O-])[O-].[K+].[K+]',)"
1381,3,"('O.C1COCCO1',)","('O=C([O-])O.[Na+]',)"
1381,4,"('No Solvent',)","('O=C([O-])[O-].[Cs+].[Cs+]',)"
1381,5,"('CN(C)C=O.O.CCOC(C)=O',)","('No Base',)"
1381,6,"('CN(C)C=O.O',)","('O=P([O-])([O-])[O-].[K+].[K+].[K+]',)"
1381,7,"('O.CCOC(C)=O.C1COCCO1',)","('O=C([O-])O.[Na+],O=C([O-])[O-].[Na+].[Na+]',)"
1381,8,"('Cc1ccccc1.O',)","('CCN(CC)CC',)"
1381,9,"('CCO.Cc1ccccc1.O',)","('[Cs+].[F-]',)"
1381,10,"('CC#N',)","('[K+].[F-]',)"
1527,1,"('O.C1COCCO1.ClCCl',)","('O=C([O-])[O-].[Na+].[Na+]',)"
1527,2,"('O.C1COCCO1',)","('O=P([O-])([O-])[O-].[K+].[K+].[K+]',)"
1527,3,"('Cc1ccccc1.O',)","('O=C([O-])[O-].[K+].[K+]',)"
1527,4,"('O.CCOC(C)=O.C1COCCO1',)","('O=C([O-])O.[Na+]',)"
1527,5,"('CCO.O.COCCOC',)","('O=C([O-])[O-].[Cs+].[Cs+]',)"
1527,6,"('O.C1CCOC1',)","('No Base',)"
1527,7,"('No Solvent',)","('[Cs+].[F-]',)"
1527,8,"('O.COCCOC',)","('CCN(CC)CC',)"
1527,9,"('CN(C)C=O.O.CCOC(C)=O',)","('[OH-].[Na+]',)"
1527,10,"('CCO.Cc1ccccc1.O',)","('O=C([O-])O.[Na+],O=C([O-])[O-].[Na+].[Na+]',)"
3699,1,"('CCO.Cc1ccccc1',)","('O=C([O-])[O-].[K+].[K+]',)"
3699,2,"('O.CCOC(C)=O.C1COCCO1',)","('O=C([O-])[O-].[Na+].[Na+]',)"
3699,3,"('Cc1ccccc1.O',)","('No Base',)"
3699,4,"('Cc1ccccc1',)","('O=C([O-])[O-].[Cs+].[Cs+]',)"
3699,5,"('O.C1COCCO1',)","('O=P([O-])([O-])[O-].[K+].[K+].[K+]',)"
3699,6,"('O.CC#N',)","('O=C([O-])O.[Na+]',)"
3699,7,"('CN(C)C=O',)","('O=C([O-])O.[Na+],O=C([O-])[O-].[Na+].[Na+]',)"
3699,8,"('O.COCCOC',)","('[K+].[F-]',)"
3699,9,"('O.C1CCOC1',)","('CCN(CC)CC',)"
3699,10,"('No Solvent',)","('[Cs+].[F-]',)"
1058,1,"('CCCO',)","('O=C([O-])[O-].[Na+].[Na+]',)"
1058,2,"('O.COCCOC',)","('O=C([O-])[O-].[K+].[K+]',)"
1058,3,"('O.C1COCCO1',)","('O=P([O-])([O-])[O-].[K+].[K+].[K+]',)"
1058,4,"('COCCOC',)","('O=C([O-])O.[Na+]',)"
1058,5,"('CN(C)C=O.O',)","('O=C([O-])[O-].[Cs+].[Cs+]',)"
1058,6,"('CN(C)C=O',)","('[K+].[F-]',)"
1058,7,"('COCCOC.CCOC(C)=O',)","('No Base',)"
1058,8,"('O.CCOC(C)=O.C1COCCO1',)","('O=C([O-])O.[Na+],O=C([O-])[O-].[Na+].[Na+]',)"
1058,9,"('C1COCCO1',)","('[OH-].[Na+]',)"
1058,10,"('C1COCCO1.ClCCl',)","('[Cs+].[F-]',)"
365,1,"('COCCOC',)","('O=C([O-])[O-].[Na+].[Na+]',)"
365,2,"('CCO.Cc1ccccc1',)","('O=P([O-])([O-])[O-].[K+].[K+].[K+]',)"
365,3,"('O.COCCOC',)","('O=C([O-])[O-].[Cs+].[Cs+]',)"
365,4,"('CN(C)C=O',)","('O=C([O-])[O-].[K+].[K+]',)"
365,5,"('COCCOC.CCOC(C)=O',)","('O=C([O-])O.[Na+],O=C([O-])[O-].[Na+].[Na+]',)"
365,6,"('O.C1COCCO1',)","('O=C([O-])O.[Na+]',)"
365,7,"('O.CCOC(C)=O.C1COCCO1',)","('[Cs+].[F-]',)"
365,8,"('CN(C)C=O.O',)","('No Base',)"
365,9,"('C1COCCO1',)","('[OH-].[Na+]',)"
365,10,"('Cc1ccccc1.ClCCl',)","('[K+].[F-]',)"
2161,1,"('O.C1CCOC1.CCOC(C)=O',)","('O=C([O-])[O-].[Cs+].[Cs+]',)"
2161,2,"('O.C1CCOC1',)","('O=C([O-])[O-].[Na+].[Na+]',)"
2161,3,"('O.CCOC(C)=O.C1COCCO1',)","('No Base',)"
2161,4,"('CCO.Cc1ccccc1.O',)","('O=C([O-])[O-].[K+].[K+]',)"
2161,5,"('O.C1COCCO1',)","('O=P([O-])([O-])[O-].[K+].[K+].[K+]',)"
2161,6,"('CCOC(C)=O.C1COCCO1',)","('O=C([O-])O.[Na+]',)"
2161,7,"('CCO.O.COCCOC',)","('[K+].[F-]',)"
2161,8,"('O.COCCOC',)","('[Cs+].[F-]',)"
2161,9,"('CN(C)C=O',)","('O=C([O-])O.[Na+],O=C([O-])[O-].[Na+].[Na+]',)"
2161,10,"('No Solvent',)","('CCN(CC)CC',)"
1805,1,"('O.C1COCCO1',)","('O=C([O-])[O-].[Na+].[Na+]',)"
1805,2,"('O.COCCOC',)","('O=C([O-])[O-].[K+].[K+]',)"
1805,3,"('COCCOC',)","('O=P([O-])([O-])[O-].[K+].[K+].[K+]',)"
1805,4,"('CN(C)C=O',)","('O=C([O-])[O-].[Cs+].[Cs+]',)"
1805,5,"('O.CCOC(C)=O.C1COCCO1',)","('No Base',)"
1805,6,"('CN(C)C=O.O',)","('O=C([O-])O.[Na+]',)"
1805,7,"('CCO.O.COCCOC',)","('[Cs+].[F-]',)"
1805,8,"('COCCOC.ClCCl',)","('O=C([O-])O.[Na+],O=C([O-])[O-].[Na+].[Na+]',)"
1805,9,"('O.C1CCOC1',)","('[K+].[F-]',)"
1805,10,"('O.C1COCCO1.ClCCl',)","('[OH-].[Na+]',)"
1759,1,"('CCO.Cc1ccccc1.O',)","('O=C([O-])[O-].[Na+].[Na+]',)"
1759,2,"('O.COCCOC',)","('O=C([O-])[O-].[K+].[K+]',)"
1759,3,"('O.C1CCOC1',)","('[K+].[F-]',)"
1759,4,"('COCCOC',)","('O=C([O-])[O-].[Cs+].[Cs+]',)"
1759,5,"('C1COCCO1',)","('O=P([O-])([O-])[O-].[K+].[K+].[K+]',)"
1759,6,"('CN(C)C=O',)","('O=C([O-])O.[Na+]',)"
1759,7,"('O.C1COCCO1',)","('No Base',)"
1759,8,"('O.C1COCCO1.ClCCl',)","('O=C([O-])O.[Na+],O=C([O-])[O-].[Na+].[Na+]',)"
1759,9,"('No Solvent',)","('CCN(CC)CC',)"
1759,10,"('O.CCOC(C)=O.C1COCCO1',)","('CC(=O)[O-].[K+]',)"
4103,1,"('CN(C)C=O.O',)","('O=C([O-])[O-].[Na+].[Na+]',)"
4103,2,"('O.CC#N',)","('O=P([O-])([O-])[O-].[K+].[K+].[K+]',)"
4103,3,"('C1COCCO1',)","('O=C([O-])[O-].[K+].[K+]',)"
4103,4,"('O.C1COCCO1',)","('O=C([O-])[O-].[Cs+].[Cs+]',)"
4103,5,"('CCO.Cc1ccccc1',)","('No Base',)"
4103,6,"('No Solvent',)","('O=C([O-])O.[Na+]',)"
4103,7,"('COCCOC',)","('[Cs+].[F-]',)"
4103,8,"('C1CCOC1',)","('[K+].[F-]',)"
4103,9,"('Cc1ccccc1',)","('O=C([O-])O.[Na+],O=C([O-])[O-].[Na+].[Na+]',)"
4103,10,"('O.C1CCOC1',)","('CCN(CC)CC',)"
5059,1,"('CCO.Cc1ccccc1.CCOC(C)=O',)","('O=C([O-])[O-].[K+].[K+]',)"
5059,2,"('C1COCCO1',)","('O=C([O-])[O-].[Na+].[Na+]',)"
5059,3,"('O.COCCOC',)","('O=P([O-])([O-])[O-].[K+].[K+].[K+]',)"
5059,4,"('O.C1COCCO1',)","('No Base',)"
5059,5,"('No Solvent',)","('O=C([O-])[O-].[Cs+].[Cs+]',)"
5059,6,"('CN(C)C=O',)","('O=C([O-])O.[Na+]',)"
5059,7,"('CN(C)C=O.O',)","('CCN(CC)CC',)"
5059,8,"('O.C1CCOC1',)","('[Cs+].[F-]',)"
5059,9,"('O.CCOC(C)=O.C1COCCO1',)","('CC(=O)[O-].[K+]',)"
5059,10,"('COCCOC',)","('[OH-].[Na+]',)"
3755,1,"('C1COCCO1',)","('O=C([O-])[O-].[Na+].[Na+]',)"
3755,2,"('O.C1COCCO1',)","('O=C([O-])[O-].[Cs+].[Cs+]',)"
3755,3,"('O.C1CCOC1',)","('O=C([O-])[O-].[K+].[K+]',)"
3755,4,"('No Solvent',)","('O=P([O-])([O-])[O-].[K+].[K+].[K+]',)"
3755,5,"('CN(C)C=O',)","('No Base',)"
3755,6,"('O.COCCOC',)","('O=C([O-])O.[Na+]',)"
3755,7,"('CN(C)C=O.O',)","('[Cs+].[F-]',)"
3755,8,"('COCCOC',)","('O=C([O-])O.[Na+],O=C([O-])[O-].[Na+].[Na+]',)"
3755,9,"('CN(C)C=O.O.CCOC(C)=O',)","('[K+].[F-]',)"
3755,10,"('O.COCCOC.CCOC(C)=O',)","('O=C([O-])[O-].[Na+].[Na+],[OH-].[Na+]',)"
1521,1,"('CCO.Cc1ccccc1.CCOC(C)=O',)","('[OH-].[Na+]',)"
1521,2,"('O.C1COCCO1',)","('O=C([O-])[O-].[Na+].[Na+]',)"
1521,3,"('CCO.Cc1ccccc1.O',)","('O=C([O-])[O-].[Cs+].[Cs+]',)"
1521,4,"('C1COCCO1',)","('No Base',)"
1521,5,"('C1COCCO1.ClCCl',)","('O=C([O-])[O-].[K+].[K+]',)"
1521,6,"('O.COCCOC',)","('O=C([O-])O.[Na+]',)"
1521,7,"('O.C1COCCO1.ClCCl',)","('O=C([O-])O.[Na+],O=C([O-])[O-].[Na+].[Na+]',)"
1521,8,"('CN(C)C=O',)","('O=P([O-])([O-])[O-].[K+].[K+].[K+]',)"
1521,9,"('No Solvent',)","('[K+].[F-]',)"
1521,10,"('COCCOC',)","('[Cs+].[F-]',)"
1502,1,"('O.C1COCCO1',)","('O=C([O-])[O-].[K+].[K+]',)"
1502,2,"('CCO.Cc1ccccc1.O',)","('O=P([O-])([O-])[O-].[K+].[K+].[K+]',)"
1502,3,"('COCCOC',)","('O=C([O-])[O-].[Na+].[Na+]',)"
1502,4,"('No Solvent',)","('O=C([O-])O.[Na+]',)"
1502,5,"('CN(C)C=O',)","('O=C([O-])[O-].[Cs+].[Cs+]',)"
1502,6,"('CN(C)C=O.O',)","('O=C([O-])O.[Na+],O=C([O-])[O-].[Na+].[Na+]',)"
1502,7,"('C1COCCO1',)","('[Cs+].[F-]',)"
1502,8,"('Cc1ccccc1.O',)","('No Base',)"
1502,9,"('CCO.Cc1ccccc1',)","('CCN(CC)CC',)"
1502,10,"('O.COCCOC',)","('[K+].[F-]',)"
834,1,"('CCO.Cc1ccccc1.O',)","('O=C([O-])[O-].[Na+].[Na+]',)"
834,2,"('CCO',)","('O=C([O-])[O-].[K+].[K+]',)"
834,3,"('C1COCCO1',)","('No Base',)"
834,4,"('O.C1CCOC1',)","('O=P([O-])([O-])[O-].[K+].[K+].[K+]',)"
834,5,"('CCO.Cc1ccccc1.CCOC(C)=O',)","('O=C([O-])O.[Na+],O=C([O-])[O-].[Na+].[Na+]',)"
834,6,"('CCO.Cc1ccccc1',)","('O=C([O-])[O-].[Cs+].[Cs+]',)"
834,7,"('O.CC#N',)","('O=C([O-])O.[Na+]',)"
834,8,"('O.COCCOC',)","('[Cs+].[F-]',)"
834,9,"('CCO.O.COCCOC',)","('[OH-].[Na+]',)"
834,10,"('O.C1COCCO1',)","('CCN(CC)CC',)"
1040,1,"('O.COCCOC',)","('O=C([O-])[O-].[Na+].[Na+]',)"
1040,2,"('O.C1COCCO1',)","('O=C([O-])[O-].[Cs+].[Cs+]',)"
1040,3,"('O.CCOC(C)=O.C1COCCO1',)","('O=P([O-])([O-])[O-].[K+].[K+].[K+]',)"
1040,4,"('CN(C)C=O',)","('No Base',)"
1040,5,"('No Solvent',)","('O=C([O-])[O-].[K+].[K+]',)"
1040,6,"('CCO.Cc1ccccc1.O',)","('[Cs+].[F-]',)"
1040,7,"('COCCOC.ClCCl',)","('O=C([O-])O.[Na+]',)"
1040,8,"('CN(C)C=O.O',)","('O=C([O-])O.[Na+],O=C([O-])[O-].[Na+].[Na+]',)"
1040,9,"('COCCOC',)","('CC(=O)[O-].[K+]',)"
1040,10,"('CO.ClC(Cl)Cl.COCCOC',)","('CCN(CC)CC',)"
5392,1,"('Cc1ccccc1',)","('O=C([O-])[O-].[Na+].[Na+]',)"
5392,2,"('C1COCCO1',)","('O=C([O-])[O-].[K+].[K+]',)"
5392,3,"('O.C1COCCO1',)","('O=C([O-])[O-].[Cs+].[Cs+]',)"
5392,4,"('CCO.O.COCCOC',)","('O=P([O-])([O-])[O-].[K+].[K+].[K+]',)"
5392,5,"('O.COCCOC',)","('No Base',)"
5392,6,"('No Solvent',)","('O=C([O-])O.[Na+]',)"
5392,7,"('CCO.Cc1ccccc1.O',)","('[K+].[F-]',)"
5392,8,"('CCO.Cc1ccccc1',)","('[Cs+].[F-]',)"
5392,9,"('CN(C)C=O',)","('O=C([O-])O.[Na+],O=C([O-])[O-].[Na+].[Na+]',)"
5392,10,"('O.CCOC(C)=O.C1COCCO1',)","('CCN(CC)CC',)"
633,1,"('CCO.Cc1ccccc1',)","('O=C([O-])[O-].[Na+].[Na+]',)"
633,2,"('O.C1COCCO1',)","('O=C([O-])[O-].[K+].[K+]',)"
633,3,"('CCO.Cc1ccccc1.O',)","('O=C([O-])O.[Na+]',)"
633,4,"('CN(C)C=O.O',)","('O=C([O-])[O-].[Cs+].[Cs+]',)"
633,5,"('C1COCCO1',)","('No Base',)"
633,6,"('Cc1ccccc1.O',)","('O=P([O-])([O-])[O-].[K+].[K+].[K+]',)"
633,7,"('O.CCOC(C)=O.C1COCCO1',)","('[K+].[F-]',)"
633,8,"('No Solvent',)","('CCN(CC)CC',)"
633,9,"('CN(C)C=O',)","('[Cs+].[F-]',)"
633,10,"('COCCOC.ClCCl',)","('O=C([O-])O.[Na+],O=C([O-])[O-].[Na+].[Na+]',)"
4238,1,"('C1COCCO1',)","('O=C([O-])[O-].[Na+].[Na+]',)"
4238,2,"('O.COCCOC',)","('O=C([O-])[O-].[Cs+].[Cs+]',)"
4238,3,"('CCO.Cc1ccccc1',)","('O=C([O-])[O-].[K+].[K+]',)"
4238,4,"('O.CCOC(C)=O.C1COCCO1',)","('O=P([O-])([O-])[O-].[K+].[K+].[K+]',)"
4238,5,"('O.C1COCCO1',)","('[Cs+].[F-]',)"
4238,6,"('No Solvent',)","('O=C([O-])O.[Na+]',)"
4238,7,"('CCO.O.COCCOC',)","('CC(=O)[O-].[K+]',)"
4238,8,"('O.CC#N',)","('No Base',)"
4238,9,"('O.COCCOC.ClCCl',)","('[K+].[F-]',)"
4238,10,"('CN(C)C=O',)","('O=C([O-])O.[Na+],O=C([O-])[O-].[Na+].[Na+]',)"
2918,1,"('O.C1COCCO1',)","('O=C([O-])[O-].[Na+].[Na+]',)"
2918,2,"('O.CC#N',)","('O=C([O-])[O-].[K+].[K+]',)"
2918,3,"('CN(C)C=O.O',)","('O=P([O-])([O-])[O-].[K+].[K+].[K+]',)"
2918,4,"('No Solvent',)","('O=C([O-])[O-].[Cs+].[Cs+]',)"
2918,5,"('CN(C)C=O.O.ClCCl',)","('[K+].[F-]',)"
2918,6,"('C1COCCO1',)","('No Base',)"
2918,7,"('O.COCCOC',)","('O=C([O-])O.[Na+]',)"
2918,8,"('CCO.Cc1ccccc1.O',)","('O=C([O-])O.[Na+],O=C([O-])[O-].[Na+].[Na+]',)"
2918,9,"('O.CCOC(C)=O.C1COCCO1',)","('[Cs+].[F-]',)"
2918,10,"('Cc1ccccc1',)","('[OH-].[Na+]',)"
2487,1,"('O.C1COCCO1',)","('O=C([O-])[O-].[Na+].[Na+]',)"
2487,2,"('O.COCCOC',)","('O=C([O-])[O-].[Cs+].[Cs+]',)"
2487,3,"('COCCOC',)","('O=C([O-])[O-].[K+].[K+]',)"
2487,4,"('No Solvent',)","('No Base',)"
2487,5,"('CCO.Cc1ccccc1',)","('O=C([O-])O.[Na+],O=C([O-])[O-].[Na+].[Na+]',)"
2487,6,"('CCO.O.COCCOC',)","('O=P([O-])([O-])[O-].[K+].[K+].[K+]',)"
2487,7,"('O.CCOC(C)=O.C1COCCO1',)","('O=C([O-])O.[Na+]',)"
2487,8,"('C1COCCO1',)","('[K+].[F-]',)"
2487,9,"('O.CC#N',)","('[Cs+].[F-]',)"
2487,10,"('COCCOC.ClCCl',)","('[OH-].[Na+]',)"
1415,1,"('C1CCOC1',)","('O=C([O-])[O-].[Na+].[Na+]',)"
1415,2,"('CN(C)C=O.O',)","('O=C([O-])[O-].[K+].[K+]',)"
1415,3,"('CCO.O.COCCOC',)","('O=C([O-])[O-].[Cs+].[Cs+]',)"
1415,4,"('CN(C)C=O',)","('O=P([O-])([O-])[O-].[K+].[K+].[K+]',)"
1415,5,"('ClCCl',)","('No Base',)"
1415,6,"('O.C1COCCO1',)","('[K+].[F-]',)"
1415,7,"('CCO.COCCOC.ClCCl.CCOC(C)=O.O',)","('CC(=O)[O-].[K+]',)"
1415,8,"('O.COCCOC',)","('[Cs+].[F-]',)"
1415,9,"('C1COCCO1',)","('O=C([O-])O.[Na+]',)"
1415,10,"('O.C1CCOC1',)","('CCN(CC)CC',)"
5239,1,"('CCO.Cc1ccccc1',)","('O=P([O-])([O-])[O-].[K+].[K+].[K+]',)"
5239,2,"('O.C1COCCO1',)","('O=C([O-])[O-].[Na+].[Na+]',)"
5239,3,"('CN(C)C=O.O',)","('O=C([O-])[O-].[K+].[K+]',)"
5239,4,"('O.CC#N',)","('O=C([O-])O.[Na+]',)"
5239,5,"('C1CCOC1.ClCCl',)","('No Base',)"
5239,6,"('COCCOC',)","('O=C([O-])[O-].[Cs+].[Cs+]',)"
5239,7,"('C1COCCO1',)","('[Cs+].[F-]',)"
5239,8,"('C1CCOC1',)","('[K+].[F-]',)"
5239,9,"('COCCOC.ClCCl',)","('CCN(CC)CC',)"
5239,10,"('O.COCCOC',)","('O=C([O-])O.[Na+],O=C([O-])[O-].[Na+].[Na+]',)"
5319,1,"('O.COCCOC',)","('O=C([O-])[O-].[Na+].[Na+]',)"
5319,2,"('O.C1COCCO1',)","('O=C([O-])O.[Na+]',)"
5319,3,"('CN(C)C=O.O',)","('O=P([O-])([O-])[O-].[K+].[K+].[K+]',)"
5319,4,"('CC#N',)","('O=C([O-])[O-].[Cs+].[Cs+]',)"
5319,5,"('O.CC#N',)","('O=C([O-])[O-].[K+].[K+]',)"
5319,6,"('COCCOC',)","('No Base',)"
5319,7,"('O.CCOC(C)=O.C1COCCO1',)","('[Cs+].[F-]',)"
5319,8,"('CN(C)C=O',)","('O=C([O-])O.[Na+],O=C([O-])[O-].[Na+].[Na+]',)"
5319,9,"('CCO.O.COCCOC',)","('[K+].[F-]',)"
5319,10,"('Cc1ccccc1.CC#N',)","('CCN(CC)CC',)"
2133,1,"('O.COCCOC.ClCCl',)","('O=C([O-])[O-].[Na+].[Na+]',)"
2133,2,"('O.C1COCCO1',)","('O=C([O-])[O-].[K+].[K+]',)"
2133,3,"('CCO.Cc1ccccc1',)","('O=C([O-])O.[Na+]',)"
2133,4,"('CCO.Cc1ccccc1.O',)","('No Base',)"
2133,5,"('COCCOC.ClCCl',)","('O=P([O-])([O-])[O-].[K+].[K+].[K+]',)"
2133,6,"('COCCOC',)","('[K+].[F-]',)"
2133,7,"('O.COCCOC',)","('O=C([O-])[O-].[Cs+].[Cs+]',)"
2133,8,"('COCCOC.CCOC(C)=O',)","('[Cs+].[F-]',)"
2133,9,"('O.CC#N',)","('O=C([O-])O.[Na+],O=C([O-])[O-].[Na+].[Na+]',)"
2133,10,"('O.COCCOC.CCOC(C)=O',)","('[OH-].[Na+]',)"
4688,1,"('O.COCCOC',)","('O=C([O-])[O-].[Na+].[Na+]',)"
4688,2,"('O.C1COCCO1',)","('O=C([O-])[O-].[K+].[K+]',)"
4688,3,"('CN(C)C=O',)","('No Base',)"
4688,4,"('CN(C)C=O.O.CCOC(C)=O',)","('O=P([O-])([O-])[O-].[K+].[K+].[K+]',)"
4688,5,"('CCO.COCCOC',)","('O=C([O-])O.[Na+]',)"
4688,6,"('C1COCCO1',)","('O=C([O-])[O-].[Cs+].[Cs+]',)"
4688,7,"('CCO.Cc1ccccc1.O',)","('[Cs+].[F-]',)"
4688,8,"('Cc1ccccc1.O',)","('[OH-].[Na+]',)"
4688,9,"('No Solvent',)","('CCN(CC)CC',)"
4688,10,"('CN(C)C=O.O',)","('O=C([O-])O.[Na+],O=C([O-])[O-].[Na+].[Na+]',)"
1959,1,"('O.CC#N',)","('O=C([O-])[O-].[K+].[K+]',)"
1959,2,"('COCCOC',)","('O=C([O-])[O-].[Na+].[Na+]',)"
1959,3,"('No Solvent',)","('O=P([O-])([O-])[O-].[K+].[K+].[K+]',)"
1959,4,"('CN(C)C=O.O',)","('O=C([O-])O.[Na+]',)"
1959,5,"('C1COCCO1',)","('[Cs+].[F-]',)"
1959,6,"('COCCOC.ClCCl',)","('No Base',)"
1959,7,"('COCCOC.CCOC(C)=O',)","('O=C([O-])[O-].[Cs+].[Cs+]',)"
1959,8,"('CCO.Cc1ccccc1.O',)","('[K+].[F-]',)"
1959,9,"('CCO.Cc1ccccc1',)","('O=C([O-])O.[Na+],O=C([O-])[O-].[Na+].[Na+]',)"
1959,10,"('CN(C)C=O',)","('[OH-].[Na+]',)"
3480,1,"('O.COCCOC',)","('O=C([O-])[O-].[K+].[K+]',)"
3480,2,"('O.C1COCCO1',)","('O=C([O-])[O-].[Na+].[Na+]',)"
3480,3,"('COCCOC',)","('O=C([O-])[O-].[Cs+].[Cs+]',)"
3480,4,"('C1COCCO1',)","('O=P([O-])([O-])[O-].[K+].[K+].[K+]',)"
3480,5,"('CN(C)C=O.O',)","('No Base',)"
3480,6,"('CCO.Cc1ccccc1.O',)","('O=C([O-])O.[Na+],O=C([O-])[O-].[Na+].[Na+]',)"
3480,7,"('O.CCOC(C)=O.C1COCCO1',)","('O=C([O-])O.[Na+]',)"
3480,8,"('No Solvent',)","('[K+].[F-]',)"
3480,9,"('CN(C)C=O',)","('[Cs+].[F-]',)"
3480,10,"('CCO.O.COCCOC',)","('CC(=O)[O-].[K+]',)"
4498,1,"('O.COCCOC',)","('O=C([O-])[O-].[Na+].[Na+]',)"
4498,2,"('O.C1COCCO1',)","('O=C([O-])[O-].[K+].[K+]',)"
4498,3,"('CCO.Cc1ccccc1.CCOC(C)=O',)","('O=P([O-])([O-])[O-].[K+].[K+].[K+]',)"
4498,4,"('COCCOC',)","('O=C([O-])O.[Na+]',)"
4498,5,"('COCCOC.CCOC(C)=O',)","('No Base',)"
4498,6,"('C1CCOC1',)","('O=C([O-])[O-].[Cs+].[Cs+]',)"
4498,7,"('CCO.COCCOC',)","('[Cs+].[F-]',)"
4498,8,"('CCO.Cc1ccccc1',)","('O=C([O-])O.[Na+],O=C([O-])[O-].[Na+].[Na+]',)"
4498,9,"('O.C1COCCO1.ClCCl',)","('[OH-].[Na+]',)"
4498,10,"('Cc1ccccc1.O',)","('CCN(CC)CC',)"
3447,1,"('O.CC#N',)","('O=C([O-])[O-].[Na+].[Na+]',)"
3447,2,"('O.C1COCCO1',)","('O=C([O-])[O-].[K+].[K+]',)"
3447,3,"('CN(C)C=O.O',)","('O=P([O-])([O-])[O-].[K+].[K+].[K+]',)"
3447,4,"('C1COCCO1',)","('O=C([O-])O.[Na+]',)"
3447,5,"('CN(C)C=O',)","('O=C([O-])[O-].[Cs+].[Cs+]',)"
3447,6,"('CCO.O.COCCOC',)","('No Base',)"
3447,7,"('CC#N',)","('[Cs+].[F-]',)"
3447,8,"('COCCOC.CCOC(C)=O',)","('O=C([O-])O.[Na+],O=C([O-])[O-].[Na+].[Na+]',)"
3447,9,"('O.COCCOC',)","('CCN(CC)CC',)"
3447,10,"('COCCOC',)","('[K+].[F-]',)"
149,1,"('O.COCCOC',)","('O=C([O-])[O-].[Na+].[Na+]',)"
149,2,"('COCCOC',)","('O=C([O-])[O-].[K+].[K+]',)"
149,3,"('O.COCCOC.CCOC(C)=O',)","('O=C([O-])[O-].[Cs+].[Cs+]',)"
149,4,"('C1CCOC1',)","('O=P([O-])([O-])[O-].[K+].[K+].[K+]',)"
149,5,"('O.C1COCCO1',)","('O=C([O-])O.[Na+]',)"
149,6,"('CN(C)C=O.O',)","('O=C([O-])O.[Na+],O=C([O-])[O-].[Na+].[Na+]',)"
149,7,"('CN(C)C=O',)","('No Base',)"
149,8,"('No Solvent',)","('[Cs+].[F-]',)"
149,9,"('C1COCCO1',)","('[K+].[F-]',)"
149,10,"('O.CCOC(C)=O.C1COCCO1',)","('CC(=O)[O-].[K+]',)"
1565,1,"('CN(C)C=O.O',)","('O=C([O-])[O-].[Na+].[Na+]',)"
1565,2,"('No Solvent',)","('O=C([O-])[O-].[K+].[K+]',)"
1565,3,"('O.COCCOC',)","('O=C([O-])[O-].[Cs+].[Cs+]',)"
1565,4,"('C1COCCO1',)","('No Base',)"
1565,5,"('O.C1COCCO1',)","('O=P([O-])([O-])[O-].[K+].[K+].[K+]',)"
1565,6,"('O.C1COCCO1.ClCCl',)","('[Cs+].[F-]',)"
1565,7,"('COCCOC',)","('O=C([O-])O.[Na+]',)"
1565,8,"('COCCOC.CCOC(C)=O',)","('[K+].[F-]',)"
1565,9,"('CCO.Cc1ccccc1',)","('O=C([O-])O.[Na+],O=C([O-])[O-].[Na+].[Na+]',)"
1565,10,"('CCO.Cc1ccccc1.O',)","('[OH-].[Na+]',)"
3320,1,"('No Solvent',)","('O=C([O-])[O-].[Cs+].[Cs+]',)"
3320,2,"('O.C1COCCO1',)","('O=C([O-])[O-].[Na+].[Na+]',)"
3320,3,"('CN(C)C=O',)","('O=C([O-])[O-].[K+].[K+]',)"
3320,4,"('O.COCCOC',)","('O=C([O-])O.[Na+]',)"
3320,5,"('C1COCCO1.ClCCl',)","('O=P([O-])([O-])[O-].[K+].[K+].[K+]',)"
3320,6,"('COCCOC',)","('No Base',)"
3320,7,"('C1COCCO1',)","('[K+].[F-]',)"
3320,8,"('CN(C)C=O.O',)","('[Cs+].[F-]',)"
3320,9,"('O.COCCOC.CCOC(C)=O',)","('O=C([O-])O.[Na+],O=C([O-])[O-].[Na+].[Na+]',)"
3320,10,"('O.CC#N',)","('[OH-].[Na+]',)"
486,1,"('CN(C)C=O',)","('O=C([O-])[O-].[Na+].[Na+]',)"
486,2,"('No Solvent',)","('O=C([O-])[O-].[K+].[K+]',)"
486,3,"('COCCOC.CCOC(C)=O',)","('No Base',)"
486,4,"('O.COCCOC',)","('O=P([O-])([O-])[O-].[K+].[K+].[K+]',)"
486,5,"('O.C1CCOC1',)","('O=C([O-])[O-].[Cs+].[Cs+]',)"
486,6,"('O.C1COCCO1',)","('O=C([O-])O.[Na+]',)"
486,7,"('COCCOC',)","('[K+].[F-]',)"
486,8,"('O.C1COCCO1.ClCCl',)","('[OH-].[Na+]',)"
486,9,"('C1CCOC1',)","('O=C([O-])O.[Na+],O=C([O-])[O-].[Na+].[Na+]',)"
486,10,"('CCO.Cc1ccccc1.O',)","('[Cs+].[F-]',)"
3450,1,"('O.C1COCCO1',)","('O=C([O-])[O-].[K+].[K+]',)"
3450,2,"('CN(C)C=O.O',)","('O=C([O-])[O-].[Na+].[Na+]',)"
3450,3,"('C1COCCO1',)","('O=C([O-])[O-].[Cs+].[Cs+]',)"
3450,4,"('O.COCCOC',)","('No Base',)"
3450,5,"('CN(C)C=O',)","('O=P([O-])([O-])[O-].[K+].[K+].[K+]',)"
3450,6,"('No Solvent',)","('O=C([O-])O.[Na+]',)"
3450,7,"('COCCOC',)","('O=C([O-])O.[Na+],O=C([O-])[O-].[Na+].[Na+]',)"
3450,8,"('O.C1CCOC1',)","('[Cs+].[F-]',)"
3450,9,"('C1COCCO1.ClCCl',)","('[K+].[F-]',)"
3450,10,"('CCO.Cc1ccccc1.CCOC(C)=O',)","('[OH-].[Na+]',)"
2082,1,"('O.COCCOC',)","('O=C([O-])[O-].[Na+].[Na+]',)"
2082,2,"('COCCOC',)","('O=C([O-])[O-].[K+].[K+]',)"
2082,3,"('CN(C)C=O.O',)","('O=C([O-])O.[Na+]',)"
2082,4,"('C1COCCO1',)","('O=P([O-])([O-])[O-].[K+].[K+].[K+]',)"
2082,5,"('CC#N',)","('No Base',)"
2082,6,"('COCCOC.ClCCl',)","('O=C([O-])[O-].[Cs+].[Cs+]',)"
2082,7,"('No Solvent',)","('[Cs+].[F-]',)"
2082,8,"('CCO.Cc1ccccc1.O',)","('[K+].[F-]',)"
2082,9,"('CN(C)C=O',)","('O=C([O-])O.[Na+],O=C([O-])[O-].[Na+].[Na+]',)"
2082,10,"('CCO.Cc1ccccc1',)","('CCN(CC)CC',)"
4706,1,"('COCCOC',)","('O=C([O-])[O-].[Na+].[Na+]',)"
4706,2,"('O.CCOC(C)=O.C1COCCO1',)","('O=P([O-])([O-])[O-].[K+].[K+].[K+]',)"
4706,3,"('O.C1COCCO1',)","('O=C([O-])[O-].[Cs+].[Cs+]',)"
4706,4,"('O.C1COCCO1.ClCCl',)","('O=C([O-])[O-].[K+].[K+]',)"
4706,5,"('CN(C)C=O.O',)","('No Base',)"
4706,6,"('CN(C)C=O',)","('[Cs+].[F-]',)"
4706,7,"('O.COCCOC',)","('O=C([O-])O.[Na+]',)"
4706,8,"('COCCOC.CCOC(C)=O',)","('O=C([O-])O.[Na+],O=C([O-])[O-].[Na+].[Na+]',)"
4706,9,"('CCO.Cc1ccccc1.O',)","('[OH-].[Na+]',)"
4706,10,"('O.CC#N',)","('[K+].[F-]',)"
3277,1,"('COCCOC',)","('O=C([O-])[O-].[Na+].[Na+]',)"
3277,2,"('CCO.Cc1ccccc1.O',)","('O=P([O-])([O-])[O-].[K+].[K+].[K+]',)"
3277,3,"('O.CCOC(C)=O.C1COCCO1',)","('O=C([O-])[O-].[K+].[K+]',)"
3277,4,"('O.C1COCCO1',)","('No Base',)"
3277,5,"('O.COCCOC',)","('O=C([O-])[O-].[Cs+].[Cs+]',)"
3277,6,"('O.C1CCOC1',)","('O=C([O-])O.[Na+]',)"
3277,7,"('No Solvent',)","('O=C([O-])O.[Na+],O=C([O-])[O-].[Na+].[Na+]',)"
3277,8,"('C1COCCO1',)","('[Cs+].[F-]',)"
3277,9,"('CN(C)C=O',)","('CCN(CC)CC',)"
3277,10,"('CCO.Cc1ccccc1',)","('[K+].[F-]',)"
4375,1,"('ClCCl',)","('No Base',)"
4375,2,"('O.C1CCOC1',)","('O=C([O-])[O-].[Cs+].[Cs+]',)"
4375,3,"('COCCOC',)","('O=C([O-])[O-].[Na+].[Na+]',)"
4375,4,"('O.COCCOC',)","('[K+].[F-]',)"
4375,5,"('O.CCOC(C)=O.C1COCCO1',)","('O=C([O-])[O-].[K+].[K+]',)"
4375,6,"('No Solvent',)","('O=P([O-])([O-])[O-].[K+].[K+].[K+]',)"
4375,7,"('O.CC#N',)","('O=C([O-])O.[Na+]',)"
4375,8,"('CCO.Cc1ccccc1.O',)","('[Cs+].[F-]',)"
4375,9,"('O.C1COCCO1',)","('O=C([O-])O.[Na+],O=C([O-])[O-].[Na+].[Na+]',)"
4375,10,"('CN(C)C=O.O',)","('[OH-].[Na+]',)"
622,1,"('CN(C)C=O',)","('O=C([O-])[O-].[Na+].[Na+]',)"
622,2,"('CCO.Cc1ccccc1.O',)","('O=C([O-])[O-].[K+].[K+]',)"
622,3,"('O.CCOC(C)=O.C1COCCO1',)","('O=P([O-])([O-])[O-].[K+].[K+].[K+]',)"
622,4,"('Cc1ccccc1.O',)","('O=C([O-])[O-].[Cs+].[Cs+]',)"
622,5,"('O.C1COCCO1',)","('O=C([O-])O.[Na+]',)"
622,6,"('Cc1ccccc1',)","('No Base',)"
622,7,"('C1COCCO1',)","('CCN(CC)CC',)"
622,8,"('O.COCCOC',)","('O=C([O-])O.[Na+],O=C([O-])[O-].[Na+].[Na+]',)"
622,9,"('CCO.Cc1ccccc1',)","('[K+].[F-]',)"
622,10,"('COCCOC',)","('CC(=O)[O-].[K+]',)"
1384,1,"('O.C1COCCO1.ClCCl',)","('O=C([O-])[O-].[K+].[K+]',)"
1384,2,"('O.C1COCCO1',)","('O=C([O-])[O-].[Na+].[Na+]',)"
1384,3,"('COCCOC',)","('O=C([O-])[O-].[Cs+].[Cs+]',)"
1384,4,"('C1COCCO1',)","('O=P([O-])([O-])[O-].[K+].[K+].[K+]',)"
1384,5,"('O.COCCOC',)","('No Base',)"
1384,6,"('No Solvent',)","('O=C([O-])O.[Na+],O=C([O-])[O-].[Na+].[Na+]',)"
1384,7,"('O.CCOC(C)=O.C1COCCO1',)","('O=C([O-])O.[Na+]',)"
1384,8,"('O',)","('[OH-].[Na+]',)"
1384,9,"('Cc1ccccc1',)","('[Cs+].[F-]',)"
1384,10,"('CC#N',)","('[K+].[F-]',)"
1299,1,"('No Solvent',)","('No Base',)"
1299,2,"('O.COCCOC',)","('O=C([O-])[O-].[Na+].[Na+]',)"
1299,3,"('COCCOC',)","('O=C([O-])[O-].[K+].[K+]',)"
1299,4,"('O.C1CCOC1',)","('O=P([O-])([O-])[O-].[K+].[K+].[K+]',)"
1299,5,"('C1COCCO1',)","('O=C([O-])O.[Na+]',)"
1299,6,"('CCO.Cc1ccccc1',)","('O=C([O-])[O-].[Cs+].[Cs+]',)"
1299,7,"('CCO.Cc1ccccc1.O',)","('[K+].[F-]',)"
1299,8,"('Cc1ccccc1',)","('O=C([O-])O.[Na+],O=C([O-])[O-].[Na+].[Na+]',)"
1299,9,"('O.C1COCCO1',)","('CCN(CC)CC',)"
1299,10,"('O.CCOC(C)=O.C1COCCO1',)","('[OH-].[Na+]',)"
4,1,"('O.CCOC(C)=O.C1COCCO1',)","('O=C([O-])[O-].[Na+].[Na+]',)"
4,2,"('O.C1COCCO1',)","('O=C([O-])[O-].[K+].[K+]',)"
4,3,"('CN(C)C=O',)","('O=P([O-])([O-])[O-].[K+].[K+].[K+]',)"
4,4,"('COCCOC',)","('O=C([O-])O.[Na+]',)"
4,5,"('C1COCCO1',)","('O=C([O-])[O-].[Cs+].[Cs+]',)"
4,6,"('CCO.Cc1ccccc1.O',)","('No Base',)"
4,7,"('CCO.Cc1ccccc1',)","('CC(=O)[O-].[K+]',)"
4,8,"('CCO.Cc1ccccc1.CCOC(C)=O',)","('O=C([O-])O.[Na+],O=C([O-])[O-].[Na+].[Na+]',)"
4,9,"('O.CC#N',)","('[OH-].[Na+]',)"
4,10,"('O.COCCOC',)","('[Cs+].[F-]',)"
3819,1,"('O.COCCOC',)","('O=C([O-])[O-].[Na+].[Na+]',)"
3819,2,"('CN(C)C=O.O',)","('O=C([O-])[O-].[K+].[K+]',)"
3819,3,"('C1COCCO1',)","('O=C([O-])[O-].[Cs+].[Cs+]',)"
3819,4,"('COCCOC',)","('O=C([O-])O.[Na+]',)"
3819,5,"('O.CCOC(C)=O.C1COCCO1',)","('No Base',)"
3819,6,"('O.CC#N',)","('O=P([O-])([O-])[O-].[K+].[K+].[K+]',)"
3819,7,"('O.C1COCCO1',)","('[Cs+].[F-]',)"
3819,8,"('CN(C)C=O',)","('[K+].[F-]',)"
3819,9,"('Cc1ccccc1',)","('CCN(CC)CC',)"
3819,10,"('CCO.Cc1ccccc1.O',)","('O=C([O-])O.[Na+],O=C([O-])[O-].[Na+].[Na+]',)"
3176,1,"('O.C1COCCO1',)","('O=C([O-])[O-].[Na+].[Na+]',)"
3176,2,"('COCCOC.CCOC(C)=O',)","('O=C([O-])[O-].[K+].[K+]',)"
3176,3,"('COCCOC',)","('O=C([O-])[O-].[Cs+].[Cs+]',)"
3176,4,"('CCO.Cc1ccccc1.O',)","('O=P([O-])([O-])[O-].[K+].[K+].[K+]',)"
3176,5,"('O.CCOC(C)=O.C1COCCO1',)","('No Base',)"
3176,6,"('CN(C)C=O',)","('O=C([O-])O.[Na+]',)"
3176,7,"('CCO.Cc1ccccc1',)","('O=C([O-])O.[Na+],O=C([O-])[O-].[Na+].[Na+]',)"
3176,8,"('O.CC#N',)","('[Cs+].[F-]',)"
3176,9,"('CN(C)C=O.O',)","('[K+].[F-]',)"
3176,10,"('O.COCCOC',)","('[OH-].[Na+]',)"
4618,1,"('O.C1COCCO1',)","('O=C([O-])[O-].[Na+].[Na+]',)"
4618,2,"('No Solvent',)","('O=C([O-])[O-].[K+].[K+]',)"
4618,3,"('CN(C)C=O.O',)","('O=P([O-])([O-])[O-].[K+].[K+].[K+]',)"
4618,4,"('CCOC(C)=O.CC#N',)","('O=C([O-])[O-].[Cs+].[Cs+]',)"
4618,5,"('C1COCCO1',)","('No Base',)"
4618,6,"('O.CC#N',)","('O=C([O-])O.[Na+]',)"
4618,7,"('O.COCCOC',)","('[Cs+].[F-]',)"
4618,8,"('CN(C)C=O',)","('[K+].[F-]',)"
4618,9,"('O.COCCOC.CCOC(C)=O',)","('O=C([O-])O.[Na+],O=C([O-])[O-].[Na+].[Na+]',)"
4618,10,"('O.CCOC(C)=O.C1COCCO1',)","('[OH-].[Na+]',)"
2460,1,"('C1COCCO1',)","('O=C([O-])[O-].[Na+].[Na+]',)"
2460,2,"('O.C1COCCO1',)","('O=C([O-])[O-].[K+].[K+]',)"
2460,3,"('CCO.Cc1ccccc1',)","('O=P([O-])([O-])[O-].[K+].[K+].[K+]',)"
2460,4,"('CN(C)C=O',)","('O=C([O-])O.[Na+]',)"
2460,5,"('O.CCOC(C)=O.C1COCCO1',)","('O=C([O-])[O-].[Cs+].[Cs+]',)"
2460,6,"('O.C1CCOC1',)","('[Cs+].[F-]',)"
2460,7,"('O.C1COCCO1.ClCCl',)","('No Base',)"
2460,8,"('No Solvent',)","('O=C([O-])O.[Na+],O=C([O-])[O-].[Na+].[Na+]',)"
2460,9,"('CCO.Cc1ccccc1.O',)","('[K+].[F-]',)"
2460,10,"('CCO.O.COCCOC',)","('[OH-].[Na+]',)"
4460,1,"('CCO.O.C1COCCO1',)","('O=C([O-])[O-].[K+].[K+]',)"
4460,2,"('COCCOC',)","('O=C([O-])[O-].[Na+].[Na+]',)"
4460,3,"('O.COCCOC.ClCCl',)","('O=C([O-])[O-].[Cs+].[Cs+]',)"
4460,4,"('O.COCCOC',)","('O=P([O-])([O-])[O-].[K+].[K+].[K+]',)"
4460,5,"('O.C1COCCO1',)","('No Base',)"
4460,6,"('COCCOC.ClCCl',)","('O=C([O-])O.[Na+]',)"
4460,7,"('CCO.O.COCCOC',)","('O=C([O-])O.[Na+],O=C([O-])[O-].[Na+].[Na+]',)"
4460,8,"('C1COCCO1',)","('[K+].[F-]',)"
4460,9,"('CN(C)C=O.O',)","('[Cs+].[F-]',)"
4460,10,"('No Solvent',)","('[OH-].[Na+]',)"
960,1,"('CCO.Cc1ccccc1.O',)","('O=C([O-])[O-].[Na+].[Na+]',)"
960,2,"('C1COCCO1',)","('O=C([O-])[O-].[K+].[K+]',)"
960,3,"('No Solvent',)","('O=C([O-])[O-].[Cs+].[Cs+]',)"
960,4,"('Cc1ccccc1.O',)","('No Base',)"
960,5,"('COCCOC',)","('O=C([O-])O.[Na+]',)"
960,6,"('Cc1ccccc1',)","('O=P([O-])([O-])[O-].[K+].[K+].[K+]',)"
960,7,"('O.COCCOC',)","('[OH-].[Na+]',)"
960,8,"('C1CCOC1',)","('O=C([O-])O.[Na+],O=C([O-])[O-].[Na+].[Na+]',)"
960,9,"('O.CCOC(C)=O.C1COCCO1',)","('[K+].[F-]',)"
960,10,"('CCO.O.COCCOC',)","('CCN(CC)CC',)"
3247,1,"('O.C1COCCO1.ClCCl',)","('O=P([O-])([O-])[O-].[K+].[K+].[K+]',)"
3247,2,"('O.C1COCCO1',)","('O=C([O-])[O-].[K+].[K+]',)"
3247,3,"('O.COCCOC',)","('O=C([O-])[O-].[Na+].[Na+]',)"
3247,4,"('C1COCCO1',)","('O=C([O-])[O-].[Cs+].[Cs+]',)"
3247,5,"('C1COCCO1.ClCCl',)","('O=C([O-])O.[Na+]',)"
3247,6,"('CCO.Cc1ccccc1',)","('No Base',)"
3247,7,"('CN(C)C=O',)","('[Cs+].[F-]',)"
3247,8,"('CCO.COCCOC',)","('[K+].[F-]',)"
3247,9,"('No Solvent',)","('CCN(CC)CC',)"
3247,10,"('O.C1CCOC1',)","('[OH-].[Na+]',)"
4330,1,"('CN(C)C=O.ClCCl',)","('O=C([O-])[O-].[Na+].[Na+]',)"
4330,2,"('COCCOC',)","('O=C([O-])[O-].[K+].[K+]',)"
4330,3,"('O.COCCOC',)","('No Base',)"
4330,4,"('O.C1COCCO1',)","('O=C([O-])[O-].[Cs+].[Cs+]',)"
4330,5,"('CN(C)C=O.O',)","('O=C([O-])O.[Na+]',)"
4330,6,"('CN(C)C=O',)","('O=P([O-])([O-])[O-].[K+].[K+].[K+]',)"
4330,7,"('O.CCOC(C)=O.C1COCCO1',)","('[Cs+].[F-]',)"
4330,8,"('CCO.Cc1ccccc1',)","('[K+].[F-]',)"
4330,9,"('CCO.Cc1ccccc1.O',)","('[OH-].[Na+]',)"
4330,10,"('No Solvent',)","('O=C([O-])O.[Na+],O=C([O-])[O-].[Na+].[Na+]',)"
5287,1,"('No Solvent',)","('O=C([O-])[O-].[Na+].[Na+]',)"
5287,2,"('COCCOC',)","('O=C([O-])[O-].[K+].[K+]',)"
5287,3,"('O.C1COCCO1',)","('O=P([O-])([O-])[O-].[K+].[K+].[K+]',)"
5287,4,"('CN(C)C=O.O',)","('O=C([O-])[O-].[Cs+].[Cs+]',)"
5287,5,"('CCO.Cc1ccccc1',)","('No Base',)"
5287,6,"('C1COCCO1',)","('O=C([O-])O.[Na+]',)"
5287,7,"('O.COCCOC',)","('[K+].[F-]',)"
5287,8,"('CCO.Cc1ccccc1.O',)","('[Cs+].[F-]',)"
5287,9,"('CCOC(C)=O.C1COCCO1',)","('O=C([O-])O.[Na+],O=C([O-])[O-].[Na+].[Na+]',)"
5287,10,"('O.CCOC(C)=O.C1COCCO1',)","('[OH-].[Na+]',)"
2760,1,"('No Solvent',)","('O=C([O-])[O-].[K+].[K+]',)"
2760,2,"('O.COCCOC',)","('O=C([O-])[O-].[Na+].[Na+]',)"
2760,3,"('O.C1COCCO1',)","('O=C([O-])[O-].[Cs+].[Cs+]',)"
2760,4,"('C1COCCO1',)","('O=P([O-])([O-])[O-].[K+].[K+].[K+]',)"
2760,5,"('CCO.Cc1ccccc1',)","('No Base',)"
2760,6,"('CN(C)C=O.O',)","('O=C([O-])O.[Na+]',)"
2760,7,"('O.C1COCCO1.ClCCl',)","('[K+].[F-]',)"
2760,8,"('CN(C)C=O',)","('[Cs+].[F-]',)"
2760,9,"('Cc1ccccc1',)","('O=C([O-])O.[Na+],O=C([O-])[O-].[Na+].[Na+]',)"
2760,10,"('O.CC#N',)","('[OH-].[Na+]',)"
1697,1,"('Cc1ccccc1',)","('O=C([O-])[O-].[K+].[K+]',)"
1697,2,"('CCO.Cc1ccccc1.O',)","('O=P([O-])([O-])[O-].[K+].[K+].[K+]',)"
1697,3,"('CCO.Cc1ccccc1',)","('O=C([O-])[O-].[Na+].[Na+]',)"
1697,4,"('O.C1COCCO1',)","('No Base',)"
1697,5,"('CN(C)C=O.O',)","('O=C([O-])[O-].[Cs+].[Cs+]',)"
1697,6,"('O.COCCOC',)","('O=C([O-])O.[Na+]',)"
1697,7,"('O.C1COCCO1.ClCCl',)","('[K+].[F-]',)"
1697,8,"('CN(C)C=O',)","('O=C([O-])O.[Na+],O=C([O-])[O-].[Na+].[Na+]',)"
1697,9,"('O.CCOC(C)=O.C1COCCO1',)","('[Cs+].[F-]',)"
1697,10,"('COCCOC',)","('[OH-].[Na+]',)"
2881,1,"('COCCOC',)","('O=C([O-])[O-].[Na+].[Na+]',)"
2881,2,"('O.COCCOC',)","('O=C([O-])[O-].[K+].[K+]',)"
2881,3,"('No Solvent',)","('O=P([O-])([O-])[O-].[K+].[K+].[K+]',)"
2881,4,"('CN(C)C=O.O',)","('No Base',)"
2881,5,"('O.C1COCCO1',)","('[K+].[F-]',)"
2881,6,"('CCO.Cc1ccccc1.O',)","('O=C([O-])O.[Na+]',)"
2881,7,"('COCCOC.ClCCl',)","('O=C([O-])[O-].[Cs+].[Cs+]',)"
2881,8,"('Cc1ccccc1',)","('[Cs+].[F-]',)"
2881,9,"('Cc1ccccc1.O',)","('O=C([O-])O.[Na+],O=C([O-])[O-].[Na+].[Na+]',)"
2881,10,"('C1COCCO1',)","('[OH-].[Na+]',)"
2315,1,"('C1COCCO1',)","('O=C([O-])[O-].[Na+].[Na+]',)"
2315,2,"('CN(C)C=O.O.CCOC(C)=O',)","('O=C([O-])[O-].[K+].[K+]',)"
2315,3,"('O.COCCOC',)","('O=C([O-])[O-].[Cs+].[Cs+]',)"
2315,4,"('COCCOC.CCOC(C)=O',)","('O=C([O-])O.[Na+]',)"
2315,5,"('O.COCCOC.CCOC(C)=O',)","('O=P([O-])([O-])[O-].[K+].[K+].[K+]',)"
2315,6,"('CCOC(C)=O.C1COCCO1',)","('No Base',)"
2315,7,"('COCCOC',)","('CCN(CC)CC',)"
2315,8,"('O.C1COCCO1',)","('O=C([O-])O.[Na+],O=C([O-])[O-].[Na+].[Na+]',)"
2315,9,"('CN(C)C=O',)","('[Cs+].[F-]',)"
2315,10,"('CCO.Cc1ccccc1.O',)","('[K+].[F-]',)"
4725,1,"('CCO.Cc1ccccc1',)","('O=C([O-])[O-].[K+].[K+]',)"
4725,2,"('O.C1COCCO1',)","('O=C([O-])[O-].[Na+].[Na+]',)"
4725,3,"('Cc1ccccc1',)","('O=P([O-])([O-])[O-].[K+].[K+].[K+]',)"
4725,4,"('O.COCCOC',)","('O=C([O-])O.[Na+]',)"
4725,5,"('O.CC#N',)","('O=C([O-])[O-].[Cs+].[Cs+]',)"
4725,6,"('CCO.Cc1ccccc1.O',)","('No Base',)"
4725,7,"('C1CCOC1',)","('[K+].[F-]',)"
4725,8,"('CN(C)C=O.O',)","('O=C([O-])O.[Na+],O=C([O-])[O-].[Na+].[Na+]',)"
4725,9,"('COCCOC.CCOC(C)=O',)","('[Cs+].[F-]',)"
4725,10,"('O.C1COCCO1.ClCCl',)","('CCN(CC)CC',)"
3413,1,"('No Solvent',)","('O=C([O-])[O-].[Na+].[Na+]',)"
3413,2,"('O.COCCOC',)","('O=C([O-])[O-].[K+].[K+]',)"
3413,3,"('O.C1COCCO1',)","('O=C([O-])[O-].[Cs+].[Cs+]',)"
3413,4,"('O.CCOC(C)=O.C1COCCO1',)","('No Base',)"
3413,5,"('C1COCCO1',)","('[K+].[F-]',)"
3413,6,"('CN(C)C=O',)","('O=P([O-])([O-])[O-].[K+].[K+].[K+]',)"
3413,7,"('O.C1COCCO1.ClCCl',)","('O=C([O-])O.[Na+]',)"
3413,8,"('CCO.Cc1ccccc1',)","('[Cs+].[F-]',)"
3413,9,"('CN(C)C=O.O',)","('O=C([O-])O.[Na+],O=C([O-])[O-].[Na+].[Na+]',)"
3413,10,"('CCO.Cc1ccccc1.O',)","('[OH-].[Na+]',)"
3799,1,"('COCCOC',)","('O=C([O-])[O-].[Na+].[Na+]',)"
3799,2,"('Cc1ccccc1.O',)","('O=C([O-])[O-].[K+].[K+]',)"
3799,3,"('O.C1COCCO1',)","('O=P([O-])([O-])[O-].[K+].[K+].[K+]',)"
3799,4,"('O.COCCOC',)","('O=C([O-])[O-].[Cs+].[Cs+]',)"
3799,5,"('CCO.Cc1ccccc1',)","('O=C([O-])O.[Na+]',)"
3799,6,"('CCO.Cc1ccccc1.O',)","('No Base',)"
3799,7,"('O.CCOC(C)=O.C1COCCO1',)","('[Cs+].[F-]',)"
3799,8,"('Cc1ccccc1',)","('O=C([O-])O.[Na+],O=C([O-])[O-].[Na+].[Na+]',)"
3799,9,"('O.C1CCOC1',)","('[OH-].[Na+]',)"
3799,10,"('COCCOC.ClCCl',)","('CCN(CC)CC',)"
4808,1,"('O.C1COCCO1',)","('O=C([O-])[O-].[K+].[K+]',)"
4808,2,"('COCCOC',)","('O=C([O-])[O-].[Na+].[Na+]',)"
4808,3,"('O.COCCOC',)","('O=C([O-])O.[Na+]',)"
4808,4,"('CCO.Cc1ccccc1',)","('No Base',)"
4808,5,"('CN(C)C=O.O',)","('O=P([O-])([O-])[O-].[K+].[K+].[K+]',)"
4808,6,"('C1CCOC1',)","('O=C([O-])[O-].[Cs+].[Cs+]',)"
4808,7,"('CN(C)C=O',)","('[Cs+].[F-]',)"
4808,8,"('O.CC#N',)","('O=C([O-])O.[Na+],O=C([O-])[O-].[Na+].[Na+]',)"
4808,9,"('C1COCCO1',)","('[K+].[F-]',)"
4808,10,"('COCCOC.CCOC(C)=O',)","('[OH-].[Na+]',)"
4286,1,"('COCCOC',)","('O=C([O-])[O-].[Na+].[Na+]',)"
4286,2,"('COCCOC.CCOC(C)=O',)","('O=C([O-])[O-].[K+].[K+]',)"
4286,3,"('O.COCCOC',)","('No Base',)"
4286,4,"('CCO.Cc1ccccc1.O',)","('O=C([O-])[O-].[Cs+].[Cs+]',)"
4286,5,"('O.C1COCCO1',)","('O=P([O-])([O-])[O-].[K+].[K+].[K+]',)"
4286,6,"('Cc1ccccc1',)","('O=C([O-])O.[Na+],O=C([O-])[O-].[Na+].[Na+]',)"
4286,7,"('O.C1CCOC1',)","('O=C([O-])O.[Na+]',)"
4286,8,"('C1CCOC1',)","('CCN(CC)CC',)"
4286,9,"('CN(C)C=O',)","('[Cs+].[F-]',)"
4286,10,"('O.COCCOC.ClCCl',)","('[K+].[F-]',)"
4809,1,"('O.C1COCCO1',)","('O=P([O-])([O-])[O-].[K+].[K+].[K+]',)"
4809,2,"('CN(C)C=O.O',)","('O=C([O-])[O-].[K+].[K+]',)"
4809,3,"('O.COCCOC',)","('O=C([O-])[O-].[Na+].[Na+]',)"
4809,4,"('O.CC#N',)","('O=C([O-])O.[Na+]',)"
4809,5,"('O.C1CCOC1',)","('O=C([O-])[O-].[Cs+].[Cs+]',)"
4809,6,"('C1COCCO1',)","('No Base',)"
4809,7,"('No Solvent',)","('[Cs+].[F-]',)"
4809,8,"('COCCOC.CCOC(C)=O',)","('[K+].[F-]',)"
4809,9,"('CC#N',)","('[OH-].[Na+]',)"
4809,10,"('CN(C)C=O',)","('O=C([O-])O.[Na+],O=C([O-])[O-].[Na+].[Na+]',)"
3302,1,"('O.C1COCCO1',)","('O=C([O-])[O-].[Cs+].[Cs+]',)"
3302,2,"('O.CCOC(C)=O.C1COCCO1',)","('O=C([O-])[O-].[Na+].[Na+]',)"
3302,3,"('No Solvent',)","('O=C([O-])[O-].[K+].[K+]',)"
3302,4,"('C1COCCO1',)","('O=C([O-])O.[Na+]',)"
3302,5,"('CN(C)C=O.O',)","('No Base',)"
3302,6,"('Cc1ccccc1.O',)","('O=P([O-])([O-])[O-].[K+].[K+].[K+]',)"
3302,7,"('C1CCOC1',)","('O=C([O-])O.[Na+],O=C([O-])[O-].[Na+].[Na+]',)"
3302,8,"('COCCOC.ClCCl',)","('[K+].[F-]',)"
3302,9,"('O.COCCOC',)","('[OH-].[Na+]',)"
3302,10,"('COCCOC',)","('[Cs+].[F-]',)"
595,1,"('No Solvent',)","('O=C([O-])[O-].[Na+].[Na+]',)"
595,2,"('CCO.Cc1ccccc1.CCOC(C)=O',)","('O=C([O-])[O-].[K+].[K+]',)"
595,3,"('CCO.Cc1ccccc1.O',)","('O=C([O-])[O-].[Cs+].[Cs+]',)"
595,4,"('COCCOC',)","('No Base',)"
595,5,"('C1COCCO1',)","('O=P([O-])([O-])[O-].[K+].[K+].[K+]',)"
595,6,"('O.C1COCCO1',)","('O=C([O-])O.[Na+]',)"
595,7,"('O.C1CCOC1',)","('[K+].[F-]',)"
595,8,"('CN(C)C=O',)","('O=C([O-])O.[Na+],O=C([O-])[O-].[Na+].[Na+]',)"
595,9,"('O.CCOC(C)=O.C1COCCO1',)","('[OH-].[Na+]',)"
595,10,"('O.COCCOC.CCOC(C)=O',)","('[Cs+].[F-]',)"
719,1,"('COCCOC',)","('O=C([O-])[O-].[Na+].[Na+]',)"
719,2,"('O.COCCOC',)","('O=C([O-])[O-].[K+].[K+]',)"
719,3,"('C1COCCO1',)","('O=P([O-])([O-])[O-].[K+].[K+].[K+]',)"
719,4,"('C1COCCO1.ClCCl',)","('O=C([O-])[O-].[Cs+].[Cs+]',)"
719,5,"('CN(C)C=O.O',)","('O=C([O-])O.[Na+]',)"
719,6,"('CN(C)C=O',)","('No Base',)"
719,7,"('No Solvent',)","('[K+].[F-]',)"
719,8,"('O.C1COCCO1',)","('[Cs+].[F-]',)"
719,9,"('CCO.O.COCCOC',)","('O=C([O-])O.[Na+],O=C([O-])[O-].[Na+].[Na+]',)"
719,10,"('O.C1COCCO1.ClCCl',)","('CC(=O)[O-].[K+]',)"
2318,1,"('C1COCCO1',)","('O=C([O-])[O-].[Na+].[Na+]',)"
2318,2,"('CN(C)C=O',)","('O=C([O-])[O-].[K+].[K+]',)"
2318,3,"('O.C1COCCO1',)","('O=P([O-])([O-])[O-].[K+].[K+].[K+]',)"
2318,4,"('CCO.Cc1ccccc1',)","('O=C([O-])O.[Na+]',)"
2318,5,"('Cc1ccccc1.O',)","('O=C([O-])[O-].[Cs+].[Cs+]',)"
2318,6,"('CCO.Cc1ccccc1.O',)","('No Base',)"
2318,7,"('O.CC#N',)","('O=C([O-])O.[Na+],O=C([O-])[O-].[Na+].[Na+]',)"
2318,8,"('O.COCCOC',)","('[Cs+].[F-]',)"
2318,9,"('O.CCOC(C)=O.C1COCCO1',)","('[OH-].[Na+]',)"
2318,10,"('No Solvent',)","('[K+].[F-]',)"
1269,1,"('O.COCCOC',)","('O=C([O-])[O-].[Na+].[Na+]',)"
1269,2,"('COCCOC',)","('O=C([O-])[O-].[K+].[K+]',)"
1269,3,"('Cc1ccccc1',)","('No Base',)"
1269,4,"('CCO.Cc1ccccc1.O',)","('O=P([O-])([O-])[O-].[K+].[K+].[K+]',)"
1269,5,"('CN(C)C=O',)","('O=C([O-])[O-].[Cs+].[Cs+]',)"
1269,6,"('O.CCOC(C)=O.C1COCCO1',)","('O=C([O-])O.[Na+]',)"
1269,7,"('CCO.Cc1ccccc1',)","('[K+].[F-]',)"
1269,8,"('O.C1COCCO1',)","('[Cs+].[F-]',)"
1269,9,"('No Solvent',)","('O=C([O-])O.[Na+],O=C([O-])[O-].[Na+].[Na+]',)"
1269,10,"('COCCOC.CCOC(C)=O',)","('CCN(CC)CC',)"
4836,1,"('O.C1COCCO1',)","('O=P([O-])([O-])[O-].[K+].[K+].[K+]',)"
4836,2,"('CN(C)C=O',)","('O=C([O-])[O-].[Na+].[Na+]',)"
4836,3,"('CN(C)C=O.O',)","('O=C([O-])[O-].[K+].[K+]',)"
4836,4,"('O.COCCOC',)","('O=C([O-])[O-].[Cs+].[Cs+]',)"
4836,5,"('CCO.Cc1ccccc1.O',)","('O=C([O-])O.[Na+]',)"
4836,6,"('Cc1ccccc1.O',)","('No Base',)"
4836,7,"('O.CCOC(C)=O.C1COCCO1',)","('CCN(CC)CC',)"
4836,8,"('O.CC#N',)","('O=C([O-])O.[Na+],O=C([O-])[O-].[Na+].[Na+]',)"
4836,9,"('No Solvent',)","('[K+].[F-]',)"
4836,10,"('COCCOC.CCOC(C)=O',)","('[Cs+].[F-]',)"
202,1,"('COCCOC',)","('O=C([O-])[O-].[Na+].[Na+]',)"
202,2,"('C1COCCO1',)","('O=C([O-])[O-].[K+].[K+]',)"
202,3,"('O.COCCOC',)","('O=C([O-])[O-].[Cs+].[Cs+]',)"
202,4,"('No Solvent',)","('O=C([O-])O.[Na+]',)"
202,5,"('CN(C)C=O',)","('No Base',)"
202,6,"('O.COCCOC.CCOC(C)=O',)","('O=P([O-])([O-])[O-].[K+].[K+].[K+]',)"
202,7,"('CCO.Cc1ccccc1.O',)","('[K+].[F-]',)"
202,8,"('O.C1COCCO1',)","('[Cs+].[F-]',)"
202,9,"('CCO.Cc1ccccc1.CCOC(C)=O',)","('O=C([O-])O.[Na+],O=C([O-])[O-].[Na+].[Na+]',)"
202,10,"('O.CCOC(C)=O.C1COCCO1',)","('[OH-].[Na+]',)"
4715,1,"('CN(C)C=O.O',)","('O=C([O-])[O-].[K+].[K+]',)"
4715,2,"('CN(C)C=O',)","('O=C([O-])[O-].[Na+].[Na+]',)"
4715,3,"('O.C1COCCO1',)","('O=C([O-])[O-].[Cs+].[Cs+]',)"
4715,4,"('CCO.Cc1ccccc1.O',)","('O=P([O-])([O-])[O-].[K+].[K+].[K+]',)"
4715,5,"('C1COCCO1',)","('O=C([O-])O.[Na+]',)"
4715,6,"('No Solvent',)","('No Base',)"
4715,7,"('CCO.O.COCCOC',)","('[Cs+].[F-]',)"
4715,8,"('COCCOC',)","('[K+].[F-]',)"
4715,9,"('O.CC#N',)","('CCN(CC)CC',)"
4715,10,"('O.COCCOC',)","('[OH-].[Na+]',)"
5320,1,"('O.C1COCCO1.ClCCl',)","('O=C([O-])[O-].[Na+].[Na+]',)"
5320,2,"('O.CC#N',)","('O=P([O-])([O-])[O-].[K+].[K+].[K+]',)"
5320,3,"('CCO.Cc1ccccc1.O',)","('O=C([O-])[O-].[Cs+].[Cs+]',)"
5320,4,"('O.C1COCCO1',)","('O=C([O-])[O-].[K+].[K+]',)"
5320,5,"('C1COCCO1',)","('No Base',)"
5320,6,"('No Solvent',)","('O=C([O-])O.[Na+]',)"
5320,7,"('O.COCCOC',)","('O=C([O-])O.[Na+],O=C([O-])[O-].[Na+].[Na+]',)"
5320,8,"('O.CCOC(C)=O.C1COCCO1',)","('[OH-].[Na+]',)"
5320,9,"('CC#N',)","('[K+].[F-]',)"
5320,10,"('CN(C)C=O.O',)","('[Cs+].[F-]',)"
3530,1,"('CCO.Cc1ccccc1.O',)","('O=C([O-])[O-].[Na+].[Na+]',)"
3530,2,"('O.C1COCCO1',)","('O=C([O-])[O-].[K+].[K+]',)"
3530,3,"('CN(C)C=O',)","('O=C([O-])[O-].[Cs+].[Cs+]',)"
3530,4,"('No Solvent',)","('O=P([O-])([O-])[O-].[K+].[K+].[K+]',)"
3530,5,"('O.CCOC(C)=O.C1COCCO1',)","('O=C([O-])O.[Na+]',)"
3530,6,"('O.COCCOC',)","('O=C([O-])O.[Na+],O=C([O-])[O-].[Na+].[Na+]',)"
3530,7,"('COCCOC',)","('[K+].[F-]',)"
3530,8,"('C1COCCO1',)","('No Base',)"
3530,9,"('C1CCOC1',)","('CCN(CC)CC',)"
3530,10,"('CCO.Cc1ccccc1',)","('[Cs+].[F-]',)"
2729,1,"('O.COCCOC',)","('O=C([O-])[O-].[K+].[K+]',)"
2729,2,"('O.C1COCCO1',)","('O=C([O-])[O-].[Na+].[Na+]',)"
2729,3,"('COCCOC',)","('O=C([O-])[O-].[Cs+].[Cs+]',)"
2729,4,"('CCO.Cc1ccccc1.O',)","('O=P([O-])([O-])[O-].[K+].[K+].[K+]',)"
2729,5,"('O.CCOC(C)=O.C1COCCO1',)","('No Base',)"
2729,6,"('No Solvent',)","('O=C([O-])O.[Na+],O=C([O-])[O-].[Na+].[Na+]',)"
2729,7,"('CN(C)C=O',)","('[Cs+].[F-]',)"
2729,8,"('CCO.O.COCCOC',)","('O=C([O-])O.[Na+]',)"
2729,9,"('C1COCCO1',)","('[K+].[F-]',)"
2729,10,"('CN(C)C=O.O',)","('[OH-].[Na+]',)"
4222,1,"('C1COCCO1',)","('O=C([O-])[O-].[Na+].[Na+]',)"
4222,2,"('O.C1COCCO1',)","('O=C([O-])[O-].[K+].[K+]',)"
4222,3,"('CN(C)C=O',)","('O=C([O-])[O-].[Cs+].[Cs+]',)"
4222,4,"('O.COCCOC',)","('O=P([O-])([O-])[O-].[K+].[K+].[K+]',)"
4222,5,"('O.CCOC(C)=O.COCCOC',)","('No Base',)"
4222,6,"('C1CCOC1',)","('O=C([O-])O.[Na+]',)"
4222,7,"('COCCOC',)","('[Cs+].[F-]',)"
4222,8,"('No Solvent',)","('O=C([O-])O.[Na+],O=C([O-])[O-].[Na+].[Na+]',)"
4222,9,"('C1COCCO1.ClCCl',)","('CC(=O)[O-].[K+]',)"
4222,10,"('O.CCOC(C)=O.C1COCCO1',)","('CCN(CC)CC',)"
4424,1,"('CCCO',)","('O=C([O-])[O-].[K+].[K+]',)"
4424,2,"('O.C1COCCO1',)","('O=C([O-])[O-].[Na+].[Na+]',)"
4424,3,"('COCCOC',)","('O=P([O-])([O-])[O-].[K+].[K+].[K+]',)"
4424,4,"('CCO.Cc1ccccc1',)","('O=C([O-])O.[Na+]',)"
4424,5,"('C1COCCO1',)","('No Base',)"
4424,6,"('CN(C)C=O',)","('O=C([O-])[O-].[Cs+].[Cs+]',)"
4424,7,"('No Solvent',)","('[K+].[F-]',)"
4424,8,"('O.COCCOC',)","('[Cs+].[F-]',)"
4424,9,"('O.COCCOC.ClCCl',)","('O=C([O-])O.[Na+],O=C([O-])[O-].[Na+].[Na+]',)"
4424,10,"('COCCOC.CCOC(C)=O',)","('[OH-].[Na+]',)"
935,1,"('CCO.Cc1ccccc1',)","('O=C([O-])[O-].[K+].[K+]',)"
935,2,"('O.COCCOC',)","('O=C([O-])[O-].[Na+].[Na+]',)"
935,3,"('C1COCCO1',)","('O=P([O-])([O-])[O-].[K+].[K+].[K+]',)"
935,4,"('COCCOC',)","('No Base',)"
935,5,"('No Solvent',)","('O=C([O-])O.[Na+]',)"
935,6,"('O.COCCOC.ClCCl',)","('O=C([O-])[O-].[Cs+].[Cs+]',)"
935,7,"('O.C1COCCO1',)","('[Cs+].[F-]',)"
935,8,"('O.CC#N',)","('O=C([O-])O.[Na+],O=C([O-])[O-].[Na+].[Na+]',)"
935,9,"('CN(C)C=O',)","('[K+].[F-]',)"
935,10,"('C1CCOC1',)","('[OH-].[Na+]',)"
2628,1,"('CCOC(C)=O.CC#N',)","('O=C([O-])[O-].[Na+].[Na+]',)"
2628,2,"('O.CC#N',)","('O=C([O-])[O-].[K+].[K+]',)"
2628,3,"('CC#N',)","('O=C([O-])O.[Na+]',)"
2628,4,"('O.C1COCCO1',)","('O=C([O-])[O-].[Cs+].[Cs+]',)"
2628,5,"('CCO.Cc1ccccc1',)","('O=P([O-])([O-])[O-].[K+].[K+].[K+]',)"
2628,6,"('CCO.Cc1ccccc1.O',)","('No Base',)"
2628,7,"('C1COCCO1',)","('CCN(CC)CC',)"
2628,8,"('CN(C)C=O',)","('O=C([O-])O.[Na+],O=C([O-])[O-].[Na+].[Na+]',)"
2628,9,"('O.C1CCOC1',)","('[K+].[F-]',)"
2628,10,"('O.COCCOC',)","('[OH-].[Na+]',)"
765,1,"('O.C1COCCO1',)","('O=C([O-])[O-].[K+].[K+]',)"
765,2,"('COCCOC.CCOC(C)=O',)","('O=C([O-])[O-].[Na+].[Na+]',)"
765,3,"('CN(C)C=O',)","('O=C([O-])[O-].[Cs+].[Cs+]',)"
765,4,"('COCCOC',)","('O=P([O-])([O-])[O-].[K+].[K+].[K+]',)"
765,5,"('C1COCCO1',)","('No Base',)"
765,6,"('O.CCOC(C)=O.C1COCCO1',)","('[Cs+].[F-]',)"
765,7,"('O.CC#N',)","('O=C([O-])O.[Na+]',)"
765,8,"('O.C1COCCO1.ClCCl',)","('O=C([O-])O.[Na+],O=C([O-])[O-].[Na+].[Na+]',)"
765,9,"('O.COCCOC',)","('[OH-].[Na+]',)"
765,10,"('O.C1CCOC1',)","('CC(=O)[O-].[K+]',)"
1015,1,"('No Solvent',)","('[K+].[F-]',)"
1015,2,"('CN(C)C=O',)","('O=C([O-])[O-].[K+].[K+]',)"
1015,3,"('O.COCCOC',)","('O=C([O-])[O-].[Na+].[Na+]',)"
1015,4,"('CN(C)C=O.O',)","('O=P([O-])([O-])[O-].[K+].[K+].[K+]',)"
1015,5,"('C1COCCO1',)","('O=C([O-])[O-].[Cs+].[Cs+]',)"
1015,6,"('COCCOC',)","('O=C([O-])O.[Na+]',)"
1015,7,"('C1CCOC1',)","('No Base',)"
1015,8,"('O.C1COCCO1',)","('[Cs+].[F-]',)"
1015,9,"('CCO.Cc1ccccc1',)","('[OH-].[Na+]',)"
1015,10,"('O.CC#N',)","('CCN(CC)CC',)"
2346,1,"('O.CC#N',)","('O=P([O-])([O-])[O-].[Na+].[Na+].[Na+],CC(=O)[O-].[Na+],CC(=O)[O-].[K+],O=P([O-])([O-])[O-].[K+].[K+].[K+]',)"
2346,2,"('CN(C)C=O.O',)","('O=P([O-])([O-])[O-].[K+].[K+].[K+]',)"
2346,3,"('CCO.COCCOC',)","('O=C([O-])[O-].[Na+].[Na+]',)"
2346,4,"('C1COCCO1',)","('O=C([O-])[O-].[Cs+].[Cs+]',)"
2346,5,"('CCO.O.COCCOC',)","('O=C([O-])[O-].[K+].[K+]',)"
2346,6,"('No Solvent',)","('O=C([O-])O.[Na+]',)"
2346,7,"('O.C1COCCO1',)","('No Base',)"
2346,8,"('CCO.Cc1ccccc1.O',)","('[K+].[F-]',)"
2346,9,"('O.CCOC(C)=O.C1COCCO1',)","('[Cs+].[F-]',)"
2346,10,"('O.C1COCCO1.ClCCl',)","('O=C([O-])O.[Na+],O=C([O-])[O-].[Na+].[Na+]',)"
2115,1,"('O.CC#N',)","('O=C([O-])[O-].[Na+].[Na+]',)"
2115,2,"('CC#N',)","('[K+].[F-]',)"
2115,3,"('CCO.Cc1ccccc1.O',)","('O=C([O-])[O-].[K+].[K+]',)"
2115,4,"('O.C1COCCO1',)","('O=C([O-])O.[Na+]',)"
2115,5,"('C1COCCO1',)","('O=C([O-])[O-].[Cs+].[Cs+]',)"
2115,6,"('CN(C)C=O',)","('O=P([O-])([O-])[O-].[K+].[K+].[K+]',)"
2115,7,"('No Solvent',)","('CC(=O)[O-].[K+]',)"
2115,8,"('O.COCCOC',)","('No Base',)"
2115,9,"('CCO.Cc1ccccc1',)","('[Cs+].[F-]',)"
2115,10,"('CCO.O.COCCOC',)","('O=C([O-])O.[Na+],O=C([O-])[O-].[Na+].[Na+]',)"
2695,1,"('O.C1COCCO1',)","('O=C([O-])[O-].[Na+].[Na+]',)"
2695,2,"('CN(C)C=O.O',)","('O=P([O-])([O-])[O-].[K+].[K+].[K+]',)"
2695,3,"('O.COCCOC',)","('O=C([O-])[O-].[Cs+].[Cs+]',)"
2695,4,"('No Solvent',)","('O=C([O-])O.[Na+]',)"
2695,5,"('C1COCCO1',)","('O=C([O-])[O-].[K+].[K+]',)"
2695,6,"('CN(C)C=O',)","('[Cs+].[F-]',)"
2695,7,"('COCCOC',)","('No Base',)"
2695,8,"('O.CCOC(C)=O.C1COCCO1',)","('[K+].[F-]',)"
2695,9,"('O.C1COCCO1.ClCCl',)","('O=C([O-])O.[Na+],O=C([O-])[O-].[Na+].[Na+]',)"
2695,10,"('CCO.Cc1ccccc1',)","('CC(=O)[O-].[K+]',)"
3689,1,"('Cc1ccccc1',)","('O=P([O-])([O-])[O-].[K+].[K+].[K+]',)"
3689,2,"('CN(C)C=O',)","('O=C([O-])[O-].[Na+].[Na+]',)"
3689,3,"('C1COCCO1',)","('O=C([O-])[O-].[K+].[K+]',)"
3689,4,"('COCCOC',)","('O=C([O-])[O-].[Cs+].[Cs+]',)"
3689,5,"('O.COCCOC',)","('O=C([O-])O.[Na+]',)"
3689,6,"('No Solvent',)","('No Base',)"
3689,7,"('O.CCOC(C)=O.C1COCCO1',)","('O=C([O-])O.[Na+],O=C([O-])[O-].[Na+].[Na+]',)"
3689,8,"('CCOC(C)=O.C1COCCO1',)","('CCN(CC)CC',)"
3689,9,"('Cc1ccccc1.O',)","('[Cs+].[F-]',)"
3689,10,"('O.C1CCOC1',)","('[K+].[F-]',)"
3418,1,"('No Solvent',)","('O=C([O-])[O-].[Na+].[Na+]',)"
3418,2,"('O.COCCOC',)","('O=C([O-])[O-].[K+].[K+]',)"
3418,3,"('O.C1COCCO1',)","('O=C([O-])[O-].[Cs+].[Cs+]',)"
3418,4,"('C1COCCO1',)","('No Base',)"
3418,5,"('O.CCOC(C)=O.C1COCCO1',)","('O=P([O-])([O-])[O-].[K+].[K+].[K+]',)"
3418,6,"('CN(C)C=O',)","('[K+].[F-]',)"
3418,7,"('O.C1COCCO1.ClCCl',)","('O=C([O-])O.[Na+]',)"
3418,8,"('CN(C)C=O.O',)","('[Cs+].[F-]',)"
3418,9,"('CCO.Cc1ccccc1.O',)","('O=C([O-])O.[Na+],O=C([O-])[O-].[Na+].[Na+]',)"
3418,10,"('CCO.Cc1ccccc1',)","('[OH-].[Na+]',)"
387,1,"('O.COCCOC',)","('O=C([O-])[O-].[Na+].[Na+]',)"
387,2,"('CCO.Cc1ccccc1',)","('O=P([O-])([O-])[O-].[K+].[K+].[K+]',)"
387,3,"('C1COCCO1',)","('O=C([O-])O.[Na+]',)"
387,4,"('Cc1ccccc1',)","('O=C([O-])[O-].[K+].[K+]',)"
387,5,"('O.C1COCCO1',)","('No Base',)"
387,6,"('CN(C)C=O',)","('O=C([O-])[O-].[Cs+].[Cs+]',)"
387,7,"('O.CCOC(C)=O.C1COCCO1',)","('O=C([O-])O.[Na+],O=C([O-])[O-].[Na+].[Na+]',)"
387,8,"('O.C1COCCO1.ClCCl',)","('[K+].[F-]',)"
387,9,"('CN(C)C=O.O',)","('[Cs+].[F-]',)"
387,10,"('COCCOC',)","('CCN(CC)CC',)"
2137,1,"('CN(C)C=O',)","('O=C([O-])[O-].[Na+].[Na+]',)"
2137,2,"('O.C1COCCO1',)","('O=C([O-])[O-].[K+].[K+]',)"
2137,3,"('CCO',)","('CCN(CC)CC',)"
2137,4,"('CCO.Cc1ccccc1.O',)","('No Base',)"
2137,5,"('O.C1CCOC1',)","('O=C([O-])O.[Na+]',)"
2137,6,"('COCCOC',)","('O=P([O-])([O-])[O-].[K+].[K+].[K+]',)"
2137,7,"('CN(C)C=O.ClCCl',)","('O=C([O-])[O-].[Cs+].[Cs+]',)"
2137,8,"('O.COCCOC',)","('[K+].[F-]',)"
2137,9,"('CN(C)C=O.O',)","('O=C([O-])O.[Na+],O=C([O-])[O-].[Na+].[Na+]',)"
2137,10,"('CC#N',)","('[Cs+].[F-]',)"
1049,1,"('CCCO',)","('O=C([O-])[O-].[Na+].[Na+]',)"
1049,2,"('COCCOC',)","('O=C([O-])[O-].[K+].[K+]',)"
1049,3,"('O.C1COCCO1',)","('O=P([O-])([O-])[O-].[K+].[K+].[K+]',)"
1049,4,"('O.COCCOC',)","('O=C([O-])O.[Na+]',)"
1049,5,"('C1COCCO1',)","('No Base',)"
1049,6,"('O.CC#N',)","('O=C([O-])[O-].[Cs+].[Cs+]',)"
1049,7,"('COCCOC.CCOC(C)=O',)","('[K+].[F-]',)"
1049,8,"('O.COCCOC.ClCCl',)","('[Cs+].[F-]',)"
1049,9,"('C1COCCO1.ClCCl',)","('O=C([O-])O.[Na+],O=C([O-])[O-].[Na+].[Na+]',)"
1049,10,"('C1CCOC1',)","('[OH-].[Na+]',)"
3451,1,"('O.C1COCCO1',)","('O=C([O-])[O-].[K+].[K+]',)"
3451,2,"('CN(C)C=O.O',)","('O=C([O-])[O-].[Na+].[Na+]',)"
3451,3,"('C1COCCO1',)","('O=C([O-])[O-].[Cs+].[Cs+]',)"
3451,4,"('O.COCCOC',)","('No Base',)"
3451,5,"('CN(C)C=O',)","('O=P([O-])([O-])[O-].[K+].[K+].[K+]',)"
3451,6,"('No Solvent',)","('O=C([O-])O.[Na+]',)"
3451,7,"('COCCOC',)","('O=C([O-])O.[Na+],O=C([O-])[O-].[Na+].[Na+]',)"
3451,8,"('C1COCCO1.ClCCl',)","('[K+].[F-]',)"
3451,9,"('O.C1CCOC1',)","('[Cs+].[F-]',)"
3451,10,"('CCO.Cc1ccccc1.CCOC(C)=O',)","('CC(=O)[O-].[K+]',)"
4344,1,"('No Solvent',)","('O=C([O-])[O-].[Na+].[Na+]',)"
4344,2,"('CCO.Cc1ccccc1.O',)","('O=C([O-])[O-].[K+].[K+]',)"
4344,3,"('O.C1COCCO1',)","('O=C([O-])[O-].[Cs+].[Cs+]',)"
4344,4,"('O.COCCOC',)","('O=P([O-])([O-])[O-].[K+].[K+].[K+]',)"
4344,5,"('COCCOC',)","('O=C([O-])O.[Na+]',)"
4344,6,"('CCO.Cc1ccccc1',)","('No Base',)"
4344,7,"('Cc1ccccc1',)","('[K+].[F-]',)"
4344,8,"('CC#N',)","('[Cs+].[F-]',)"
4344,9,"('CN(C)C=O.O',)","('O=C([O-])O.[Na+],O=C([O-])[O-].[Na+].[Na+]',)"
4344,10,"('C1COCCO1',)","('CCN(CC)CC',)"
4773,1,"('COCCOC',)","('O=C([O-])[O-].[Na+].[Na+]',)"
4773,2,"('O.COCCOC',)","('O=C([O-])[O-].[Cs+].[Cs+]',)"
4773,3,"('O.C1COCCO1',)","('O=C([O-])[O-].[K+].[K+]',)"
4773,4,"('O.CCOC(C)=O.C1COCCO1',)","('O=P([O-])([O-])[O-].[K+].[K+].[K+]',)"
4773,5,"('O.CC#N',)","('O=C([O-])O.[Na+]',)"
4773,6,"('No Solvent',)","('O=C([O-])O.[Na+],O=C([O-])[O-].[Na+].[Na+]',)"
4773,7,"('CCO.O.COCCOC',)","('No Base',)"
4773,8,"('C1COCCO1',)","('[Cs+].[F-]',)"
4773,9,"('CN(C)C=O',)","('[K+].[F-]',)"
4773,10,"('CN(C)C=O.O',)","('CC(=O)[O-].[K+]',)"
3190,1,"('O.CC#N',)","('O=P([O-])([O-])[O-].[Na+].[Na+].[Na+],CC(=O)[O-].[Na+],CC(=O)[O-].[K+],O=P([O-])([O-])[O-].[K+].[K+].[K+]',)"
3190,2,"('CN(C)C=O.O',)","('O=C([O-])[O-].[Na+].[Na+]',)"
3190,3,"('CCO.O.COCCOC',)","('O=P([O-])([O-])[O-].[K+].[K+].[K+]',)"
3190,4,"('O.CCOC(C)=O.C1COCCO1',)","('O=C([O-])[O-].[Cs+].[Cs+]',)"
3190,5,"('O.C1CCOC1',)","('O=C([O-])O.[Na+]',)"
3190,6,"('O.C1COCCO1',)","('O=C([O-])[O-].[K+].[K+]',)"
3190,7,"('C1COCCO1',)","('[K+].[F-]',)"
3190,8,"('O.COCCOC',)","('O=P([O-])([O-])[O-].[K+].[K+].[K+],CC(=O)[O-].[K+]',)"
3190,9,"('CN(C)C=O',)","('CC(=O)[O-].[K+]',)"
3190,10,"('CCO.Cc1ccccc1.O',)","('No Base',)"
2028,1,"('COCCOC',)","('O=C([O-])[O-].[Na+].[Na+]',)"
2028,2,"('CN(C)C=O.O',)","('O=C([O-])[O-].[K+].[K+]',)"
2028,3,"('O.COCCOC',)","('O=C([O-])O.[Na+]',)"
2028,4,"('O.C1COCCO1',)","('O=C([O-])[O-].[Cs+].[Cs+]',)"
2028,5,"('O.CCOC(C)=O.C1COCCO1',)","('O=P([O-])([O-])[O-].[K+].[K+].[K+]',)"
2028,6,"('CN(C)C=O',)","('No Base',)"
2028,7,"('Cc1ccccc1',)","('[K+].[F-]',)"
2028,8,"('O.COCCOC.CCOC(C)=O',)","('[Cs+].[F-]',)"
2028,9,"('CCO.Cc1ccccc1.O',)","('O=C([O-])O.[Na+],O=C([O-])[O-].[Na+].[Na+]',)"
2028,10,"('O.CC#N',)","('CCN(CC)CC',)"
1084,1,"('No Solvent',)","('[K+].[F-]',)"
1084,2,"('O.COCCOC',)","('O=C([O-])[O-].[K+].[K+]',)"
1084,3,"('C1CCOC1',)","('O=C([O-])[O-].[Na+].[Na+]',)"
1084,4,"('CN(C)C=O',)","('O=C([O-])[O-].[Cs+].[Cs+]',)"
1084,5,"('CN(C)C=O.O',)","('O=P([O-])([O-])[O-].[K+].[K+].[K+]',)"
1084,6,"('O.C1COCCO1',)","('O=C([O-])O.[Na+]',)"
1084,7,"('C1COCCO1',)","('No Base',)"
1084,8,"('COCCOC',)","('[Cs+].[F-]',)"
1084,9,"('CCO.Cc1ccccc1.O',)","('O=C([O-])O.[Na+],O=C([O-])[O-].[Na+].[Na+]',)"
1084,10,"('O.CC#N',)","('[OH-].[Na+]',)"
1813,1,"('C1COCCO1',)","('O=C([O-])[O-].[Na+].[Na+]',)"
1813,2,"('CN(C)C=O',)","('O=C([O-])[O-].[Cs+].[Cs+]',)"
1813,3,"('O.CCOC(C)=O.C1COCCO1',)","('O=P([O-])([O-])[O-].[K+].[K+].[K+]',)"
1813,4,"('O.C1CCOC1',)","('No Base',)"
1813,5,"('CCO.Cc1ccccc1',)","('O=C([O-])O.[Na+]',)"
1813,6,"('O.COCCOC.CCOC(C)=O',)","('[Cs+].[F-]',)"
1813,7,"('COCCOC',)","('O=C([O-])[O-].[K+].[K+]',)"
1813,8,"('CCO.O.COCCOC',)","('[K+].[F-]',)"
1813,9,"('O.C1COCCO1',)","('[OH-].[Na+]',)"
1813,10,"('O.COCCOC.ClCCl',)","('O=C([O-])O.[Na+],O=C([O-])[O-].[Na+].[Na+]',)"
4302,1,"('O.C1COCCO1.ClCCl',)","('O=C([O-])[O-].[Cs+].[Cs+]',)"
4302,2,"('O.C1COCCO1',)","('O=C([O-])[O-].[Na+].[Na+]',)"
4302,3,"('O.COCCOC',)","('O=P([O-])([O-])[O-].[K+].[K+].[K+]',)"
4302,4,"('CN(C)C=O.O',)","('O=C([O-])[O-].[K+].[K+]',)"
4302,5,"('No Solvent',)","('O=C([O-])O.[Na+]',)"
4302,6,"('CN(C)C=O',)","('No Base',)"
4302,7,"('CCO.O.COCCOC',)","('[K+].[F-]',)"
4302,8,"('C1COCCO1',)","('CCN(CC)CC',)"
4302,9,"('O.CCOC(C)=O.C1COCCO1',)","('[Cs+].[F-]',)"
4302,10,"('O.CC#N',)","('O=C([O-])O.[Na+],O=C([O-])[O-].[Na+].[Na+]',)"
1292,1,"('O.C1COCCO1',)","('O=C([O-])[O-].[K+].[K+]',)"
1292,2,"('CN(C)C=O',)","('O=C([O-])[O-].[Na+].[Na+]',)"
1292,3,"('Cc1ccccc1.O',)","('O=C([O-])[O-].[Cs+].[Cs+]',)"
1292,4,"('O.COCCOC',)","('O=C([O-])O.[Na+]',)"
1292,5,"('COCCOC',)","('O=P([O-])([O-])[O-].[K+].[K+].[K+]',)"
1292,6,"('O.CCOC(C)=O.C1COCCO1',)","('No Base',)"
1292,7,"('C1COCCO1',)","('[OH-].[Na+]',)"
1292,8,"('No Solvent',)","('[Cs+].[F-]',)"
1292,9,"('CCO.Cc1ccccc1.O',)","('CCN(CC)CC',)"
1292,10,"('O.C1COCCO1.ClCCl',)","('O=C([O-])O.[Na+],O=C([O-])[O-].[Na+].[Na+]',)"
1095,1,"('CCO',)","('CCN(CC)CC',)"
1095,2,"('O.COCCOC',)","('O=C([O-])[O-].[K+].[K+]',)"
1095,3,"('COCCOC',)","('O=C([O-])[O-].[Na+].[Na+]',)"
1095,4,"('CN(C)C=O',)","('O=C([O-])O.[Na+]',)"
1095,5,"('O.C1COCCO1',)","('O=P([O-])([O-])[O-].[K+].[K+].[K+]',)"
1095,6,"('CN(C)C=O.O',)","('No Base',)"
1095,7,"('Cc1ccccc1.O',)","('O=C([O-])[O-].[Cs+].[Cs+]',)"
1095,8,"('CC#N',)","('[OH-].[Na+]',)"
1095,9,"('O.COCCOC.CCOC(C)=O',)","('O=C([O-])O.[Na+],O=C([O-])[O-].[Na+].[Na+]',)"
1095,10,"('CCO.Cc1ccccc1.O',)","('[Cs+].[F-]',)"
5118,1,"('CCO.COCCOC',)","('O=C([O-])[O-].[Na+].[Na+]',)"
5118,2,"('O.COCCOC',)","('No Base',)"
5118,3,"('No Solvent',)","('O=C([O-])[O-].[K+].[K+]',)"
5118,4,"('O.C1COCCO1',)","('O=C([O-])O.[Na+]',)"
5118,5,"('C1COCCO1',)","('O=C([O-])[O-].[Cs+].[Cs+]',)"
5118,6,"('COCCOC',)","('[Cs+].[F-]',)"
5118,7,"('CCO.O.COCCOC',)","('O=P([O-])([O-])[O-].[K+].[K+].[K+]',)"
5118,8,"('O.C1CCOC1',)","('O=C([O-])O.[Na+],O=C([O-])[O-].[Na+].[Na+]',)"
5118,9,"('CCO.Cc1ccccc1.O',)","('[K+].[F-]',)"
5118,10,"('COCCOC.ClCCl',)","('CCN(CC)CC',)"
4852,1,"('O.C1COCCO1',)","('O=C([O-])[O-].[Cs+].[Cs+]',)"
4852,2,"('O.CCOC(C)=O.C1COCCO1',)","('O=C([O-])[O-].[Na+].[Na+]',)"
4852,3,"('CN(C)C=O',)","('O=C([O-])[O-].[K+].[K+]',)"
4852,4,"('CCO.Cc1ccccc1.O',)","('O=P([O-])([O-])[O-].[K+].[K+].[K+]',)"
4852,5,"('COCCOC',)","('O=C([O-])O.[Na+]',)"
4852,6,"('O.CC#N',)","('No Base',)"
4852,7,"('CCO.O.COCCOC',)","('[K+].[F-]',)"
4852,8,"('O.COCCOC',)","('[Cs+].[F-]',)"
4852,9,"('CCO.Cc1ccccc1',)","('CCN(CC)CC',)"
4852,10,"('CN(C)C=O.O',)","('O=C([O-])O.[Na+],O=C([O-])[O-].[Na+].[Na+]',)"
1139,1,"('CCOC(C)=O.C1COCCO1',)","('O=C([O-])[O-].[Cs+].[Cs+]',)"
1139,2,"('ClCCl.C1COCCO1.CCOC(C)=O',)","('O=C([O-])[O-].[K+].[K+]',)"
1139,3,"('CN(C)C=O',)","('O=C([O-])[O-].[Na+].[Na+]',)"
1139,4,"('O.C1COCCO1',)","('O=P([O-])([O-])[O-].[K+].[K+].[K+]',)"
1139,5,"('C1COCCO1',)","('O=C([O-])O.[Na+]',)"
1139,6,"('CCO.O.COCCOC',)","('No Base',)"
1139,7,"('CCO.Cc1ccccc1',)","('[Cs+].[F-]',)"
1139,8,"('Cc1ccccc1',)","('O=C([O-])O.[Na+],O=C([O-])[O-].[Na+].[Na+]',)"
1139,9,"('O.COCCOC',)","('[K+].[F-]',)"
1139,10,"('O.C1COCCO1.ClCCl',)","('[OH-].[Na+]',)"
3096,1,"('CN(C)C=O.O',)","('O=P([O-])([O-])[O-].[K+].[K+].[K+]',)"
3096,2,"('C1COCCO1',)","('O=C([O-])[O-].[Na+].[Na+]',)"
3096,3,"('COCCOC',)","('O=C([O-])O.[Na+]',)"
3096,4,"('O.COCCOC',)","('O=C([O-])[O-].[Cs+].[Cs+]',)"
3096,5,"('O.C1COCCO1',)","('O=C([O-])[O-].[K+].[K+]',)"
3096,6,"('O.CC#N',)","('No Base',)"
3096,7,"('No Solvent',)","('[K+].[F-]',)"
3096,8,"('CN(C)C=O',)","('O=C([O-])O.[Na+],O=C([O-])[O-].[Na+].[Na+]',)"
3096,9,"('CCOC(C)=O.C1COCCO1',)","('[Cs+].[F-]',)"
3096,10,"('O.C1COCCO1.ClCCl',)","('[OH-].[Na+]',)"
1013,1,"('No Solvent',)","('[K+].[F-]',)"
1013,2,"('C1COCCO1',)","('O=C([O-])[O-].[K+].[K+]',)"
1013,3,"('CN(C)C=O',)","('O=C([O-])[O-].[Na+].[Na+]',)"
1013,4,"('CCO.Cc1ccccc1',)","('O=P([O-])([O-])[O-].[K+].[K+].[K+]',)"
1013,5,"('O.COCCOC',)","('O=C([O-])O.[Na+]',)"
1013,6,"('CN(C)C=O.O',)","('O=C([O-])[O-].[Cs+].[Cs+]',)"
1013,7,"('C1CCOC1',)","('No Base',)"
1013,8,"('COCCOC',)","('[Cs+].[F-]',)"
1013,9,"('O.C1COCCO1.ClCCl',)","('CCN(CC)CC',)"
1013,10,"('O.C1COCCO1',)","('[OH-].[Na+]',)"
2408,1,"('COCCOC.CCOC(C)=O',)","('O=C([O-])[O-].[Na+].[Na+]',)"
2408,2,"('No Solvent',)","('O=C([O-])[O-].[K+].[K+]',)"
2408,3,"('O.COCCOC',)","('No Base',)"
2408,4,"('COCCOC',)","('O=C([O-])[O-].[Cs+].[Cs+]',)"
2408,5,"('CCO.O.COCCOC',)","('O=P([O-])([O-])[O-].[K+].[K+].[K+]',)"
2408,6,"('COCCOC.ClCCl',)","('[K+].[F-]',)"
2408,7,"('O.C1COCCO1',)","('O=C([O-])O.[Na+]',)"
2408,8,"('C1COCCO1',)","('[OH-].[Na+]',)"
2408,9,"('O.C1CCOC1',)","('CCN(CC)CC',)"
2408,10,"('C1COCCO1.ClCCl',)","('[Cs+].[F-]',)"
1183,1,"('COCCOC',)","('O=C([O-])[O-].[Na+].[Na+]',)"
1183,2,"('O.COCCOC',)","('O=C([O-])[O-].[K+].[K+]',)"
1183,3,"('No Solvent',)","('O=P([O-])([O-])[O-].[K+].[K+].[K+]',)"
1183,4,"('C1COCCO1',)","('O=C([O-])[O-].[Cs+].[Cs+]',)"
1183,5,"('O.C1COCCO1',)","('O=C([O-])O.[Na+]',)"
1183,6,"('CCO.Cc1ccccc1.CCOC(C)=O',)","('No Base',)"
1183,7,"('C1CCOC1',)","('O=C([O-])O.[Na+],O=C([O-])[O-].[Na+].[Na+]',)"
1183,8,"('CC#N',)","('[Cs+].[F-]',)"
1183,9,"('CN(C)C=O.O',)","('[K+].[F-]',)"
1183,10,"('O.COCCOC.CCOC(C)=O',)","('[OH-].[Na+]',)"
1939,1,"('O.COCCOC',)","('O=C([O-])[O-].[Na+].[Na+]',)"
1939,2,"('O.C1COCCO1',)","('O=C([O-])[O-].[K+].[K+]',)"
1939,3,"('No Solvent',)","('No Base',)"
1939,4,"('CCO.Cc1ccccc1.O',)","('O=P([O-])([O-])[O-].[K+].[K+].[K+]',)"
1939,5,"('COCCOC',)","('O=C([O-])O.[Na+]',)"
1939,6,"('O.C1CCOC1',)","('O=C([O-])[O-].[Cs+].[Cs+]',)"
1939,7,"('CN(C)C=O.O',)","('O=C([O-])O.[Na+],O=C([O-])[O-].[Na+].[Na+]',)"
1939,8,"('CN(C)C=O',)","('[K+].[F-]',)"
1939,9,"('O.CCOC(C)=O.C1COCCO1',)","('[Cs+].[F-]',)"
1939,10,"('Cc1ccccc1.O',)","('CCN(CC)CC',)"
2323,1,"('O.COCCOC',)","('[Cs+].[F-]',)"
2323,2,"('CN(C)C=O.O',)","('O=C([O-])[O-].[Na+].[Na+]',)"
2323,3,"('No Solvent',)","('No Base',)"
2323,4,"('COCCOC',)","('O=C([O-])[O-].[K+].[K+]',)"
2323,5,"('CCO.COCCOC',)","('O=C([O-])O.[Na+]',)"
2323,6,"('CN(C)C=O',)","('O=C([O-])[O-].[Cs+].[Cs+]',)"
2323,7,"('C1COCCO1',)","('O=P([O-])([O-])[O-].[K+].[K+].[K+]',)"
2323,8,"('O.C1COCCO1',)","('[K+].[F-]',)"
2323,9,"('O.CC#N',)","('CC(=O)[O-].[K+]',)"
2323,10,"('O.CCOC(C)=O.C1COCCO1',)","('O=C([O-])O.[Na+],O=C([O-])[O-].[Na+].[Na+]',)"
721,1,"('COCCOC',)","('O=C([O-])[O-].[Na+].[Na+]',)"
721,2,"('C1COCCO1',)","('O=C([O-])[O-].[K+].[K+]',)"
721,3,"('No Solvent',)","('O=C([O-])[O-].[Cs+].[Cs+]',)"
721,4,"('O.COCCOC',)","('O=C([O-])O.[Na+]',)"
721,5,"('CN(C)C=O',)","('O=P([O-])([O-])[O-].[K+].[K+].[K+]',)"
721,6,"('O.C1COCCO1',)","('O=C([O-])O.[Na+],O=C([O-])[O-].[Na+].[Na+]',)"
721,7,"('O.COCCOC.CCOC(C)=O',)","('No Base',)"
721,8,"('CN(C)C=O.O',)","('CC(=O)[O-].[K+]',)"
721,9,"('CCO.O.COCCOC',)","('[K+].[F-]',)"
721,10,"('CCO.Cc1ccccc1',)","('[Cs+].[F-]',)"
2421,1,"('COCCOC',)","('CCN(CC)CC',)"
2421,2,"('O.C1COCCO1',)","('O=P([O-])([O-])[O-].[K+].[K+].[K+]',)"
2421,3,"('CCO',)","('O=C([O-])[O-].[Na+].[Na+]',)"
2421,4,"('O.COCCOC',)","('O=C([O-])[O-].[K+].[K+]',)"
2421,5,"('CN(C)C=O.O',)","('O=C([O-])O.[Na+]',)"
2421,6,"('CN(C)C=O',)","('O=C([O-])[O-].[Cs+].[Cs+]',)"
2421,7,"('O.COCCOC.CCOC(C)=O',)","('No Base',)"
2421,8,"('C1COCCO1',)","('O=C([O-])O.[Na+],O=C([O-])[O-].[Na+].[Na+]',)"
2421,9,"('CCO.Cc1ccccc1.O',)","('[K+].[F-]',)"
2421,10,"('O.CC#N',)","('[OH-].[Na+]',)"
3481,1,"('O.COCCOC',)","('O=C([O-])[O-].[Na+].[Na+]',)"
3481,2,"('O.C1COCCO1',)","('O=C([O-])[O-].[K+].[K+]',)"
3481,3,"('CCO.Cc1ccccc1.O',)","('O=C([O-])[O-].[Cs+].[Cs+]',)"
3481,4,"('C1COCCO1',)","('No Base',)"
3481,5,"('O.C1COCCO1.ClCCl',)","('O=C([O-])O.[Na+]',)"
3481,6,"('COCCOC',)","('O=P([O-])([O-])[O-].[K+].[K+].[K+]',)"
3481,7,"('No Solvent',)","('O=C([O-])O.[Na+],O=C([O-])[O-].[Na+].[Na+]',)"
3481,8,"('CN(C)C=O.O',)","('[Cs+].[F-]',)"
3481,9,"('O.CCOC(C)=O.C1COCCO1',)","('[K+].[F-]',)"
3481,10,"('CN(C)C=O',)","('[OH-].[Na+]',)"
5079,1,"('No Solvent',)","('O=C([O-])[O-].[Cs+].[Cs+]',)"
5079,2,"('CN(C)C=O.O',)","('O=C([O-])[O-].[Na+].[Na+]',)"
5079,3,"('C1COCCO1',)","('O=C([O-])[O-].[K+].[K+]',)"
5079,4,"('O.C1COCCO1',)","('O=P([O-])([O-])[O-].[K+].[K+].[K+]',)"
5079,5,"('O.COCCOC',)","('O=C([O-])O.[Na+]',)"
5079,6,"('CN(C)C=O',)","('No Base',)"
5079,7,"('CCO.Cc1ccccc1.O',)","('[K+].[F-]',)"
5079,8,"('O.CCOC(C)=O.C1COCCO1',)","('[OH-].[Na+]',)"
5079,9,"('O.CC#N',)","('O=C([O-])O.[Na+],O=C([O-])[O-].[Na+].[Na+]',)"
5079,10,"('O.C1COCCO1.ClCCl',)","('CCN(CC)CC',)"
357,1,"('O.COCCOC',)","('O=C([O-])O.[Na+]',)"
357,2,"('COCCOC',)","('O=C([O-])[O-].[Na+].[Na+]',)"
357,3,"('No Solvent',)","('O=C([O-])[O-].[K+].[K+]',)"
357,4,"('CCO.Cc1ccccc1',)","('O=P([O-])([O-])[O-].[K+].[K+].[K+]',)"
357,5,"('O.C1COCCO1',)","('O=C([O-])[O-].[Cs+].[Cs+]',)"
357,6,"('CN(C)C=O',)","('No Base',)"
357,7,"('CN(C)C=O.O',)","('O=C([O-])O.[Na+],O=C([O-])[O-].[Na+].[Na+]',)"
357,8,"('CCO.O.COCCOC',)","('[Cs+].[F-]',)"
357,9,"('C1COCCO1',)","('[K+].[F-]',)"
357,10,"('C1COCCO1.ClCCl',)","('[OH-].[Na+]',)"
4237,1,"('C1COCCO1',)","('O=C([O-])[O-].[Na+].[Na+]',)"
4237,2,"('O.C1COCCO1',)","('O=C([O-])[O-].[K+].[K+]',)"
4237,3,"('O.C1COCCO1.ClCCl',)","('O=C([O-])[O-].[Cs+].[Cs+]',)"
4237,4,"('O.CCOC(C)=O.C1COCCO1',)","('O=P([O-])([O-])[O-].[K+].[K+].[K+]',)"
4237,5,"('CCO.Cc1ccccc1',)","('O=C([O-])O.[Na+]',)"
4237,6,"('COCCOC',)","('No Base',)"
4237,7,"('CN(C)C=O',)","('[Cs+].[F-]',)"
4237,8,"('No Solvent',)","('[OH-].[Na+]',)"
4237,9,"('CCO.O.COCCOC',)","('O=C([O-])O.[Na+],O=C([O-])[O-].[Na+].[Na+]',)"
4237,10,"('COCCOC.ClCCl',)","('CC(=O)[O-].[K+]',)"
513,1,"('C1COCCO1',)","('O=C([O-])O.[Na+]',)"
513,2,"('COCCOC',)","('O=C([O-])[O-].[Na+].[Na+]',)"
513,3,"('O.COCCOC',)","('O=P([O-])([O-])[O-].[K+].[K+].[K+]',)"
513,4,"('CN(C)C=O.O',)","('O=C([O-])[O-].[K+].[K+]',)"
513,5,"('No Solvent',)","('No Base',)"
513,6,"('O.CCOC(C)=O.C1COCCO1',)","('O=C([O-])[O-].[Cs+].[Cs+]',)"
513,7,"('O.C1COCCO1',)","('[Cs+].[F-]',)"
513,8,"('CCO.Cc1ccccc1',)","('O=C([O-])O.[Na+],O=C([O-])[O-].[Na+].[Na+]',)"
513,9,"('CCO.Cc1ccccc1.O',)","('CCN(CC)CC',)"
513,10,"('O.CC#N',)","('CC(=O)[O-].[K+]',)"
2870,1,"('C1COCCO1',)","('O=C([O-])[O-].[Na+].[Na+]',)"
2870,2,"('O.C1COCCO1',)","('O=C([O-])[O-].[K+].[K+]',)"
2870,3,"('COCCOC',)","('O=P([O-])([O-])[O-].[K+].[K+].[K+]',)"
2870,4,"('CCO.Cc1ccccc1',)","('O=C([O-])[O-].[Cs+].[Cs+]',)"
2870,5,"('CN(C)C=O',)","('O=C([O-])O.[Na+]',)"
2870,6,"('O.COCCOC',)","('No Base',)"
2870,7,"('COCCOC.CCOC(C)=O',)","('[Cs+].[F-]',)"
2870,8,"('CN(C)C=O.O',)","('CCN(CC)CC',)"
2870,9,"('O.CCOC(C)=O.C1COCCO1',)","('[Ba+2].[OH-].[OH-]',)"
2870,10,"('CCO.COCCOC',)","('[OH-].[Na+]',)"
3484,1,"('O.C1COCCO1',)","('O=C([O-])[O-].[Na+].[Na+]',)"
3484,2,"('O.COCCOC',)","('O=C([O-])[O-].[K+].[K+]',)"
3484,3,"('COCCOC',)","('O=P([O-])([O-])[O-].[K+].[K+].[K+]',)"
3484,4,"('C1CCOC1',)","('O=C([O-])O.[Na+]',)"
3484,5,"('CCO.Cc1ccccc1.CCOC(C)=O',)","('O=C([O-])[O-].[Cs+].[Cs+]',)"
3484,6,"('CN(C)C=O',)","('O=C([O-])O.[Na+],O=C([O-])[O-].[Na+].[Na+]',)"
3484,7,"('CCO.Cc1ccccc1.O',)","('No Base',)"
3484,8,"('No Solvent',)","('[OH-].[Na+]',)"
3484,9,"('CN(C)C=O.O',)","('[K+].[F-]',)"
3484,10,"('C1COCCO1',)","('CCN(CC)CC',)"
4225,1,"('C1COCCO1',)","('O=C([O-])[O-].[Na+].[Na+]',)"
4225,2,"('O.C1COCCO1',)","('O=C([O-])[O-].[Cs+].[Cs+]',)"
4225,3,"('O.COCCOC',)","('O=C([O-])[O-].[K+].[K+]',)"
4225,4,"('O.C1COCCO1.ClCCl',)","('O=P([O-])([O-])[O-].[K+].[K+].[K+]',)"
4225,5,"('CCO.Cc1ccccc1',)","('[Cs+].[F-]',)"
4225,6,"('C1CCOC1',)","('No Base',)"
4225,7,"('CN(C)C=O.O',)","('O=C([O-])O.[Na+]',)"
4225,8,"('CN(C)C=O',)","('O=C([O-])O.[Na+],O=C([O-])[O-].[Na+].[Na+]',)"
4225,9,"('O.COCCOC.ClCCl',)","('CC(=O)[O-].[K+]',)"
4225,10,"('COCCOC',)","('[K+].[F-]',)"
38,1,"('O.COCCOC',)","('O=C([O-])[O-].[Na+].[Na+]',)"
38,2,"('COCCOC',)","('O=C([O-])[O-].[K+].[K+]',)"
38,3,"('CCO.Cc1ccccc1',)","('O=P([O-])([O-])[O-].[K+].[K+].[K+]',)"
38,4,"('O.C1COCCO1',)","('No Base',)"
38,5,"('Cc1ccccc1.O',)","('O=C([O-])O.[Na+]',)"
38,6,"('CCO.Cc1ccccc1.O',)","('O=C([O-])[O-].[Cs+].[Cs+]',)"
38,7,"('COCCOC.CCOC(C)=O',)","('O=C([O-])O.[Na+],O=C([O-])[O-].[Na+].[Na+]',)"
38,8,"('C1CCOC1',)","('[Cs+].[F-]',)"
38,9,"('O.CCOC(C)=O.C1COCCO1',)","('CCN(CC)CC',)"
38,10,"('C1COCCO1',)","('[K+].[F-]',)"
1151,1,"('CCOC(C)=O.C1COCCO1',)","('O=C([O-])[O-].[Cs+].[Cs+]',)"
1151,2,"('ClCCl.C1COCCO1.CCOC(C)=O',)","('O=C([O-])[O-].[Na+].[Na+]',)"
1151,3,"('O.C1COCCO1',)","('O=C([O-])[O-].[K+].[K+]',)"
1151,4,"('CN(C)C=O',)","('O=P([O-])([O-])[O-].[K+].[K+].[K+]',)"
1151,5,"('C1COCCO1',)","('O=C([O-])O.[Na+]',)"
1151,6,"('O.COCCOC',)","('No Base',)"
1151,7,"('O.CCOC(C)=O.C1COCCO1',)","('[Cs+].[F-]',)"
1151,8,"('CCO.Cc1ccccc1',)","('[K+].[F-]',)"
1151,9,"('O.C1COCCO1.ClCCl',)","('O=C([O-])O.[Na+],O=C([O-])[O-].[Na+].[Na+]',)"
1151,10,"('Cc1ccccc1',)","('CCN(CC)CC',)"
693,1,"('O.COCCOC',)","('O=C([O-])O.[Na+]',)"
693,2,"('No Solvent',)","('O=C([O-])[O-].[Na+].[Na+]',)"
693,3,"('O.CCOC(C)=O.C1COCCO1',)","('No Base',)"
693,4,"('Cc1ccccc1',)","('O=C([O-])[O-].[K+].[K+]',)"
693,5,"('COCCOC',)","('O=P([O-])([O-])[O-].[K+].[K+].[K+]',)"
693,6,"('CN(C)C=O.O',)","('O=C([O-])O.[Na+],O=C([O-])[O-].[Na+].[Na+]',)"
693,7,"('O.C1COCCO1',)","('O=C([O-])[O-].[Cs+].[Cs+]',)"
693,8,"('C1COCCO1',)","('[Cs+].[F-]',)"
693,9,"('O.CCOC(C)=O.COCCOC',)","('CCN(CC)CC',)"
693,10,"('O.C1COCCO1.ClCCl',)","('[K+].[F-]',)"
4176,1,"('CCO.Cc1ccccc1',)","('O=C([O-])[O-].[Na+].[Na+]',)"
4176,2,"('COCCOC',)","('O=C([O-])[O-].[K+].[K+]',)"
4176,3,"('O.COCCOC',)","('No Base',)"
4176,4,"('O.C1COCCO1',)","('O=P([O-])([O-])[O-].[K+].[K+].[K+]',)"
4176,5,"('COCCOC.CCOC(C)=O',)","('O=C([O-])O.[Na+]',)"
4176,6,"('O.COCCOC.ClCCl',)","('O=C([O-])O.[Na+],O=C([O-])[O-].[Na+].[Na+]',)"
4176,7,"('C1CCOC1',)","('O=C([O-])[O-].[Cs+].[Cs+]',)"
4176,8,"('O.CC#N',)","('[Cs+].[F-]',)"
4176,9,"('O.CCOC(C)=O.COCCOC',)","('[OH-].[Na+]',)"
4176,10,"('Cc1ccccc1.O',)","('[K+].[F-]',)"
4249,1,"('O.CCOC(C)=O.C1COCCO1',)","('O=C([O-])[O-].[K+].[K+]',)"
4249,2,"('O.C1COCCO1',)","('O=C([O-])[O-].[Cs+].[Cs+]',)"
4249,3,"('CN(C)C=O',)","('O=P([O-])([O-])[O-].[K+].[K+].[K+]',)"
4249,4,"('O.COCCOC',)","('O=C([O-])[O-].[Na+].[Na+]',)"
4249,5,"('CN(C)C=O.O',)","('O=C([O-])O.[Na+]',)"
4249,6,"('CCO.O.COCCOC',)","('[K+].[F-]',)"
4249,7,"('COCCOC',)","('No Base',)"
4249,8,"('O.C1CCOC1',)","('O=C([O-])O.[Na+],O=C([O-])[O-].[Na+].[Na+]',)"
4249,9,"('CCO.Cc1ccccc1.O',)","('CCN(CC)CC',)"
4249,10,"('No Solvent',)","('CC(=O)[O-].[K+]',)"
3092,1,"('CN(C)C=O',)","('O=C([O-])[O-].[Cs+].[Cs+]',)"
3092,2,"('CN(C)C=O.O',)","('O=C([O-])[O-].[Na+].[Na+]',)"
3092,3,"('O.C1COCCO1',)","('O=P([O-])([O-])[O-].[K+].[K+].[K+]',)"
3092,4,"('COCCOC.CCOC(C)=O',)","('O=C([O-])[O-].[K+].[K+]',)"
3092,5,"('CN(C)C=O.ClCCl',)","('O=C([O-])O.[Na+]',)"
3092,6,"('O.C1COCCO1.ClCCl',)","('No Base',)"
3092,7,"('O.COCCOC',)","('[Cs+].[F-]',)"
3092,8,"('C1COCCO1',)","('[K+].[F-]',)"
3092,9,"('CCO.Cc1ccccc1',)","('CC(=O)[O-].[K+]',)"
3092,10,"('COCCOC',)","('CCN(CC)CC',)"
214,1,"('O.COCCOC',)","('O=C([O-])[O-].[Na+].[Na+]',)"
214,2,"('O.C1COCCO1.ClCCl',)","('O=C([O-])[O-].[K+].[K+]',)"
214,3,"('O.C1COCCO1',)","('O=P([O-])([O-])[O-].[K+].[K+].[K+]',)"
214,4,"('CCO.O.COCCOC',)","('O=C([O-])[O-].[Cs+].[Cs+]',)"
214,5,"('C1COCCO1',)","('O=C([O-])O.[Na+]',)"
214,6,"('O.COCCOC.CO.ClC(Cl)Cl.C1CCOC1',)","('[OH-].[Na+]',)"
214,7,"('CN(C)C=O.O',)","('No Base',)"
214,8,"('CCO.Cc1ccccc1.O',)","('[Cs+].[F-]',)"
214,9,"('No Solvent',)","('CCN(CC)CC',)"
214,10,"('CN(C)C=O',)","('[K+].[F-]',)"
3263,1,"('CN(C)C=O.O',)","('O=C([O-])[O-].[Na+].[Na+]',)"
3263,2,"('O.C1COCCO1',)","('O=C([O-])O.[Na+]',)"
3263,3,"('C1COCCO1',)","('O=C([O-])[O-].[K+].[K+]',)"
3263,4,"('CN(C)C=O',)","('O=P([O-])([O-])[O-].[K+].[K+].[K+]',)"
3263,5,"('O.COCCOC',)","('O=C([O-])[O-].[Cs+].[Cs+]',)"
3263,6,"('CCO.Cc1ccccc1.O',)","('No Base',)"
3263,7,"('O.CC#N',)","('[K+].[F-]',)"
3263,8,"('Cc1ccccc1.O',)","('CCN(CC)CC',)"
3263,9,"('COCCOC',)","('[Cs+].[F-]',)"
3263,10,"('O',)","('O=C([O-])O.[Na+],O=C([O-])[O-].[Na+].[Na+]',)"
1027,1,"('No Solvent',)","('[K+].[F-]',)"
1027,2,"('CN(C)C=O.O',)","('O=C([O-])[O-].[Cs+].[Cs+]',)"
1027,3,"('CN(C)C=O',)","('O=C([O-])[O-].[K+].[K+]',)"
1027,4,"('O.COCCOC',)","('O=C([O-])[O-].[Na+].[Na+]',)"
1027,5,"('CCO.Cc1ccccc1.O',)","('O=P([O-])([O-])[O-].[K+].[K+].[K+]',)"
1027,6,"('O.C1COCCO1',)","('O=C([O-])O.[Na+]',)"
1027,7,"('CCO.Cc1ccccc1',)","('No Base',)"
1027,8,"('COCCOC',)","('[OH-].[Na+]',)"
1027,9,"('O.C1CCOC1',)","('[Cs+].[F-]',)"
1027,10,"('O.CC#N',)","('O=C([O-])O.[Na+],O=C([O-])[O-].[Na+].[Na+]',)"
4714,1,"('CN(C)C=O.O',)","('O=C([O-])[O-].[Na+].[Na+]',)"
4714,2,"('CN(C)C=O',)","('O=C([O-])[O-].[Cs+].[Cs+]',)"
4714,3,"('CCO.Cc1ccccc1.O',)","('O=C([O-])[O-].[K+].[K+]',)"
4714,4,"('C1COCCO1',)","('O=P([O-])([O-])[O-].[K+].[K+].[K+]',)"
4714,5,"('O.C1COCCO1',)","('No Base',)"
4714,6,"('No Solvent',)","('O=C([O-])O.[Na+]',)"
4714,7,"('COCCOC',)","('[K+].[F-]',)"
4714,8,"('O.CC#N',)","('CCN(CC)CC',)"
4714,9,"('CCO.O.COCCOC',)","('[Cs+].[F-]',)"
4714,10,"('O.CCOC(C)=O.C1COCCO1',)","('[OH-].[Na+]',)"
1407,1,"('O.C1COCCO1',)","('O=C([O-])[O-].[Na+].[Na+]',)"
1407,2,"('COCCOC',)","('O=C([O-])O.[Na+]',)"
1407,3,"('O.COCCOC',)","('O=C([O-])[O-].[Cs+].[Cs+]',)"
1407,4,"('No Solvent',)","('O=C([O-])[O-].[K+].[K+]',)"
1407,5,"('C1COCCO1',)","('O=P([O-])([O-])[O-].[K+].[K+].[K+]',)"
1407,6,"('COCCOC.CCOC(C)=O',)","('No Base',)"
1407,7,"('O.C1COCCO1.ClCCl',)","('[Cs+].[F-]',)"
1407,8,"('CN(C)C=O',)","('[K+].[F-]',)"
1407,9,"('C1COCCO1.ClCCl',)","('CCN(CC)CC',)"
1407,10,"('Cc1ccccc1',)","('CC(=O)[O-].[K+]',)"
1219,1,"('CCO',)","('CCN(CC)CC',)"
1219,2,"('CN(C)C=O',)","('O=C([O-])[O-].[Na+].[Na+]',)"
1219,3,"('COCCOC',)","('O=C([O-])[O-].[K+].[K+]',)"
1219,4,"('CC#N',)","('O=P([O-])([O-])[O-].[K+].[K+].[K+]',)"
1219,5,"('O.COCCOC',)","('O=C([O-])O.[Na+]',)"
1219,6,"('CCO.Cc1ccccc1.O',)","('O=C([O-])[O-].[Cs+].[Cs+]',)"
1219,7,"('O.C1COCCO1',)","('No Base',)"
1219,8,"('Cc1ccccc1.O',)","('[Cs+].[F-]',)"
1219,9,"('C1COCCO1',)","('O=C([O-])O.[Na+],O=C([O-])[O-].[Na+].[Na+]',)"
1219,10,"('CN(C)C=O.O',)","('[K+].[F-]',)"
2566,1,"('No Solvent',)","('O=C([O-])[O-].[Na+].[Na+]',)"
2566,2,"('O.CC#N',)","('[Cs+].[F-]',)"
2566,3,"('COCCOC',)","('O=C([O-])[O-].[K+].[K+]',)"
2566,4,"('O.C1COCCO1',)","('O=C([O-])[O-].[Cs+].[Cs+]',)"
2566,5,"('CCO.Cc1ccccc1.O',)","('O=C([O-])O.[Na+]',)"
2566,6,"('CO.Cc1ccccc1',)","('O=P([O-])([O-])[O-].[K+].[K+].[K+]',)"
2566,7,"('O.COCCOC',)","('No Base',)"
2566,8,"('C1COCCO1',)","('[K+].[F-]',)"
2566,9,"('CN(C)C=O',)","('O=C([O-])O.[Na+],O=C([O-])[O-].[Na+].[Na+]',)"
2566,10,"('O.C1CCOC1',)","('CCN(CC)CC',)"
5066,1,"('O.C1COCCO1',)","('O=C([O-])[O-].[Na+].[Na+]',)"
5066,2,"('CN(C)C=O',)","('O=C([O-])[O-].[K+].[K+]',)"
5066,3,"('C1COCCO1',)","('O=C([O-])[O-].[Cs+].[Cs+]',)"
5066,4,"('COCCOC',)","('O=C([O-])O.[Na+]',)"
5066,5,"('O.COCCOC',)","('O=P([O-])([O-])[O-].[K+].[K+].[K+]',)"
5066,6,"('No Solvent',)","('No Base',)"
5066,7,"('CN(C)C=O.O',)","('[Cs+].[F-]',)"
5066,8,"('CCO.Cc1ccccc1',)","('O=C([O-])O.[Na+],O=C([O-])[O-].[Na+].[Na+]',)"
5066,9,"('Cc1ccccc1.O.CCOC(C)=O',)","('[K+].[F-]',)"
5066,10,"('O.CC#N',)","('CCN(CC)CC',)"
4065,1,"('CN(C)C=O',)","('O=C([O-])[O-].[Na+].[Na+]',)"
4065,2,"('O.C1CCOC1',)","('O=C([O-])[O-].[K+].[K+]',)"
4065,3,"('C1COCCO1.ClCCl',)","('O=P([O-])([O-])[O-].[K+].[K+].[K+]',)"
4065,4,"('CCO.O.COCCOC',)","('O=C([O-])O.[Na+]',)"
4065,5,"('O.C1COCCO1',)","('O=C([O-])[O-].[Cs+].[Cs+]',)"
4065,6,"('O.CC#N',)","('No Base',)"
4065,7,"('O.COCCOC',)","('CCN(CC)CC',)"
4065,8,"('O.C1COCCO1.ClCCl',)","('[K+].[F-]',)"
4065,9,"('O.C1CCOC1.CCOC(C)=O',)","('O=C([O-])O.[Na+],O=C([O-])[O-].[Na+].[Na+]',)"
4065,10,"('CCO',)","('[Cs+].[F-]',)"
1592,1,"('O.COCCOC',)","('O=C([O-])[O-].[Na+].[Na+]',)"
1592,2,"('CN(C)C=O',)","('O=P([O-])([O-])[O-].[K+].[K+].[K+]',)"
1592,3,"('O.C1COCCO1',)","('O=C([O-])[O-].[K+].[K+]',)"
1592,4,"('CCO.Cc1ccccc1',)","('No Base',)"
1592,5,"('CCO.COCCOC.CCOC(C)=O',)","('O=C([O-])O.[Na+]',)"
1592,6,"('C1COCCO1',)","('O=C([O-])[O-].[Cs+].[Cs+]',)"
1592,7,"('CN(C)C=O.O',)","('[OH-].[Na+]',)"
1592,8,"('O.CCOC(C)=O.CC#N',)","('CCN(CC)CC',)"
1592,9,"('Cc1ccccc1',)","('[Cs+].[F-]',)"
1592,10,"('Cc1ccccc1.O',)","('O=C([O-])O.[Na+],O=C([O-])[O-].[Na+].[Na+]',)"
2136,1,"('O.COCCOC',)","('O=C([O-])[O-].[K+].[K+]',)"
2136,2,"('CCO.Cc1ccccc1',)","('O=C([O-])[O-].[Na+].[Na+]',)"
2136,3,"('COCCOC',)","('No Base',)"
2136,4,"('O.C1COCCO1',)","('O=P([O-])([O-])[O-].[K+].[K+].[K+]',)"
2136,5,"('Cc1ccccc1.O',)","('O=C([O-])O.[Na+]',)"
2136,6,"('C1CCOC1',)","('O=C([O-])O.[Na+],O=C([O-])[O-].[Na+].[Na+]',)"
2136,7,"('CCO.Cc1ccccc1.O',)","('O=C([O-])[O-].[Cs+].[Cs+]',)"
2136,8,"('O.CC#N',)","('[OH-].[Na+]',)"
2136,9,"('COCCOC.CCOC(C)=O',)","('[Cs+].[F-]',)"
2136,10,"('O.COCCOC.ClCCl',)","('[K+].[F-]',)"
1086,1,"('O.C1COCCO1',)","('O=C([O-])[O-].[Na+].[Na+]',)"
1086,2,"('Cc1ccccc1',)","('O=C([O-])[O-].[K+].[K+]',)"
1086,3,"('COCCOC',)","('No Base',)"
1086,4,"('O.CC#N',)","('O=P([O-])([O-])[O-].[K+].[K+].[K+]',)"
1086,5,"('COCCOC.ClCCl',)","('O=C([O-])[O-].[Cs+].[Cs+]',)"
1086,6,"('CCO.Cc1ccccc1',)","('O=C([O-])O.[Na+]',)"
1086,7,"('C1COCCO1',)","('[K+].[F-]',)"
1086,8,"('O.COCCOC',)","('O=C([O-])O.[Na+],O=C([O-])[O-].[Na+].[Na+]',)"
1086,9,"('Cc1ccccc1.O',)","('[Cs+].[F-]',)"
1086,10,"('CN(C)C=O.O',)","('[OH-].[Na+]',)"
2786,1,"('COCCOC',)","('O=C([O-])[O-].[K+].[K+]',)"
2786,2,"('CN(C)C=O',)","('O=C([O-])[O-].[Na+].[Na+]',)"
2786,3,"('O.COCCOC',)","('O=P([O-])([O-])[O-].[K+].[K+].[K+]',)"
2786,4,"('C1COCCO1',)","('O=C([O-])[O-].[Cs+].[Cs+]',)"
2786,5,"('O.C1COCCO1',)","('O=C([O-])O.[Na+]',)"
2786,6,"('CN(C)C=O.O',)","('No Base',)"
2786,7,"('Cc1ccccc1.O',)","('[Cs+].[F-]',)"
2786,8,"('CCO.Cc1ccccc1.O',)","('[OH-].[Na+]',)"
2786,9,"('O.CCOC(C)=O.C1COCCO1',)","('O=C([O-])O.[Na+],O=C([O-])[O-].[Na+].[Na+]',)"
2786,10,"('C1CCOC1',)","('[K+].[F-]',)"
535,1,"('No Solvent',)","('[K+].[F-]',)"
535,2,"('CCOC(C)=O',)","('O=C([O-])[O-].[K+].[K+]',)"
535,3,"('C1CCOC1',)","('O=C([O-])[O-].[Cs+].[Cs+]',)"
535,4,"('O.COCCOC',)","('O=C([O-])[O-].[Na+].[Na+]',)"
535,5,"('COCCOC',)","('O=P([O-])([O-])[O-].[K+].[K+].[K+]',)"
535,6,"('CN(C)C=O.O',)","('O=C([O-])O.[Na+]',)"
535,7,"('CCO.Cc1ccccc1',)","('No Base',)"
535,8,"('CCO.Cc1ccccc1.O',)","('[Cs+].[F-]',)"
535,9,"('CCOC(C)=O.C1COCCO1',)","('O=C([O-])O.[Na+],O=C([O-])[O-].[Na+].[Na+]',)"
535,10,"('O.C1COCCO1',)","('CCN(CC)CC',)"
4892,1,"('O.C1COCCO1',)","('O=C([O-])[O-].[Cs+].[Cs+]',)"
4892,2,"('CN(C)C=O',)","('O=C([O-])[O-].[Na+].[Na+]',)"
4892,3,"('CCO.Cc1ccccc1.O',)","('O=C([O-])[O-].[K+].[K+]',)"
4892,4,"('No Solvent',)","('O=P([O-])([O-])[O-].[K+].[K+].[K+]',)"
4892,5,"('COCCOC',)","('No Base',)"
4892,6,"('O.COCCOC',)","('O=C([O-])O.[Na+]',)"
4892,7,"('O.CCOC(C)=O.C1COCCO1',)","('[K+].[F-]',)"
4892,8,"('O.C1COCCO1.ClCCl',)","('[Cs+].[F-]',)"
4892,9,"('CCO.Cc1ccccc1',)","('CCN(CC)CC',)"
4892,10,"('C1COCCO1',)","('O=C([O-])O.[Na+],O=C([O-])[O-].[Na+].[Na+]',)"
2576,1,"('No Solvent',)","('O=P([O-])([O-])[O-].[K+].[K+].[K+]',)"
2576,2,"('O.C1COCCO1',)","('O=C([O-])[O-].[K+].[K+]',)"
2576,3,"('C1COCCO1',)","('O=C([O-])[O-].[Na+].[Na+]',)"
2576,4,"('CN(C)C=O',)","('O=C([O-])[O-].[Cs+].[Cs+]',)"
2576,5,"('O.CC#N',)","('No Base',)"
2576,6,"('O.COCCOC',)","('O=C([O-])O.[Na+]',)"
2576,7,"('CCO.Cc1ccccc1.O',)","('[K+].[F-]',)"
2576,8,"('COCCOC',)","('[Cs+].[F-]',)"
2576,9,"('C1CCOC1',)","('O=C([O-])O.[Na+],O=C([O-])[O-].[Na+].[Na+]',)"
2576,10,"('CN(C)C=O.O',)","('CCN(CC)CC',)"
4866,1,"('O.C1COCCO1',)","('O=C([O-])[O-].[Cs+].[Cs+]',)"
4866,2,"('O.COCCOC',)","('O=C([O-])[O-].[Na+].[Na+]',)"
4866,3,"('CN(C)C=O',)","('O=C([O-])[O-].[K+].[K+]',)"
4866,4,"('O.CCOC(C)=O.C1COCCO1',)","('O=P([O-])([O-])[O-].[K+].[K+].[K+]',)"
4866,5,"('COCCOC',)","('O=C([O-])O.[Na+]',)"
4866,6,"('No Solvent',)","('[K+].[F-]',)"
4866,7,"('CN(C)C=O.O',)","('No Base',)"
4866,8,"('O.CC#N',)","('[Cs+].[F-]',)"
4866,9,"('CCO.O.COCCOC',)","('O=C([O-])O.[Na+],O=C([O-])[O-].[Na+].[Na+]',)"
4866,10,"('CCO.Cc1ccccc1.O',)","('[OH-].[Na+]',)"
3788,1,"('C1COCCO1',)","('O=C([O-])[O-].[K+].[K+]',)"
3788,2,"('CN(C)C=O',)","('O=C([O-])[O-].[Na+].[Na+]',)"
3788,3,"('No Solvent',)","('O=C([O-])[O-].[Cs+].[Cs+]',)"
3788,4,"('O.C1COCCO1.ClCCl',)","('O=P([O-])([O-])[O-].[K+].[K+].[K+]',)"
3788,5,"('CN(C)C=O.O.CCOC(C)=O',)","('[K+].[F-]',)"
3788,6,"('CCO.Cc1ccccc1.O',)","('No Base',)"
3788,7,"('CN(C)C=O.O',)","('[Cs+].[F-]',)"
3788,8,"('COCCOC',)","('CCN(CC)CC',)"
3788,9,"('C1COCCO1.ClCCl',)","('O=C([O-])O.[Na+]',)"
3788,10,"('O.COCCOC',)","('CC(=O)[O-].[K+]',)"
5251,1,"('O.C1COCCO1',)","('O=P([O-])([O-])[O-].[K+].[K+].[K+]',)"
5251,2,"('CCO.Cc1ccccc1',)","('O=C([O-])[O-].[Na+].[Na+]',)"
5251,3,"('CCO.O.COCCOC',)","('O=C([O-])[O-].[K+].[K+]',)"
5251,4,"('No Solvent',)","('No Base',)"
5251,5,"('C1COCCO1',)","('O=C([O-])[O-].[Cs+].[Cs+]',)"
5251,6,"('CN(C)C=O.O',)","('O=C([O-])O.[Na+]',)"
5251,7,"('O.CC#N',)","('[OH-].[Na+]',)"
5251,8,"('COCCOC',)","('[Cs+].[F-]',)"
5251,9,"('O.COCCOC.ClCCl',)","('[K+].[F-]',)"
5251,10,"('CCO.Cc1ccccc1.O',)","('O=C([O-])O.[Na+],O=C([O-])[O-].[Na+].[Na+]',)"
1542,1,"('No Solvent',)","('O=C([O-])[O-].[Cs+].[Cs+]',)"
1542,2,"('COCCOC',)","('O=C([O-])[O-].[Na+].[Na+]',)"
1542,3,"('C1COCCO1',)","('O=C([O-])[O-].[K+].[K+]',)"
1542,4,"('CCO.Cc1ccccc1.O',)","('No Base',)"
1542,5,"('O.CCOC(C)=O.C1COCCO1',)","('O=P([O-])([O-])[O-].[K+].[K+].[K+]',)"
1542,6,"('CN(C)C=O',)","('[K+].[F-]',)"
1542,7,"('O.C1COCCO1',)","('[OH-].[Na+]',)"
1542,8,"('O.CC#N',)","('O=C([O-])O.[Na+]',)"
1542,9,"('O.COCCOC',)","('O=C([O-])O.[Na+],O=C([O-])[O-].[Na+].[Na+]',)"
1542,10,"('CN(C)C=O.O.CCOC(C)=O',)","('[Cs+].[F-]',)"
549,1,"('C1COCCO1',)","('O=C([O-])[O-].[Na+].[Na+]',)"
549,2,"('O.COCCOC',)","('O=C([O-])[O-].[K+].[K+]',)"
549,3,"('Cc1ccccc1',)","('No Base',)"
549,4,"('CO.Cc1ccccc1',)","('O=P([O-])([O-])[O-].[K+].[K+].[K+]',)"
549,5,"('CCO.Cc1ccccc1.O.CCOC(C)=O',)","('O=C([O-])[O-].[Cs+].[Cs+]',)"
549,6,"('CCO.Cc1ccccc1',)","('O=C([O-])O.[Na+]',)"
549,7,"('CCO.Cc1ccccc1.O',)","('[Cs+].[F-]',)"
549,8,"('O.C1COCCO1',)","('[K+].[F-]',)"
549,9,"('No Solvent',)","('O=C([O-])O.[Na+],O=C([O-])[O-].[Na+].[Na+]',)"
549,10,"('O.CCOC(C)=O.C1COCCO1',)","('CCN(CC)CC',)"
1185,1,"('O.C1COCCO1',)","('O=C([O-])[O-].[Na+].[Na+]',)"
1185,2,"('CN(C)C=O',)","('O=C([O-])[O-].[K+].[K+]',)"
1185,3,"('O.COCCOC',)","('O=C([O-])[O-].[Cs+].[Cs+]',)"
1185,4,"('O.C1CCOC1',)","('O=P([O-])([O-])[O-].[K+].[K+].[K+]',)"
1185,5,"('C1COCCO1',)","('No Base',)"
1185,6,"('O.CCOC(C)=O.C1COCCO1',)","('O=C([O-])O.[Na+]',)"
1185,7,"('COCCOC',)","('[K+].[F-]',)"
1185,8,"('CCO.Cc1ccccc1.O',)","('[Cs+].[F-]',)"
1185,9,"('O.C1COCCO1.ClCCl',)","('CCN(CC)CC',)"
1185,10,"('Cc1ccccc1.O',)","('O=C([O-])O.[Na+],O=C([O-])[O-].[Na+].[Na+]',)"
4221,1,"('C1COCCO1',)","('O=C([O-])[O-].[Na+].[Na+]',)"
4221,2,"('O.C1COCCO1',)","('O=C([O-])[O-].[Cs+].[Cs+]',)"
4221,3,"('CN(C)C=O',)","('O=C([O-])[O-].[K+].[K+]',)"
4221,4,"('O.COCCOC',)","('[Cs+].[F-]',)"
4221,5,"('CCO.Cc1ccccc1',)","('O=P([O-])([O-])[O-].[K+].[K+].[K+]',)"
4221,6,"('O.COCCOC.ClCCl',)","('CC(=O)[O-].[K+]',)"
4221,7,"('COCCOC',)","('O=C([O-])O.[Na+],O=C([O-])[O-].[Na+].[Na+]',)"
4221,8,"('O.CCOC(C)=O.C1COCCO1',)","('O=C([O-])O.[Na+]',)"
4221,9,"('CCO.O.COCCOC',)","('No Base',)"
4221,10,"('O.C1COCCO1.ClCCl',)","('[OH-].[Na+]',)"
3626,1,"('CCO.O.COCCOC',)","('O=C([O-])[O-].[Na+].[Na+]',)"
3626,2,"('Cc1ccccc1',)","('O=C([O-])[O-].[K+].[K+]',)"
3626,3,"('C1COCCO1',)","('O=C([O-])O.[Na+]',)"
3626,4,"('CCO.Cc1ccccc1',)","('O=P([O-])([O-])[O-].[K+].[K+].[K+]',)"
3626,5,"('O.COCCOC',)","('No Base',)"
3626,6,"('O.C1COCCO1',)","('[Cs+].[F-]',)"
3626,7,"('O.CCOC(C)=O.C1COCCO1',)","('O=C([O-])[O-].[Cs+].[Cs+]',)"
3626,8,"('CN(C)C=O.O',)","('[OH-].[Na+]',)"
3626,9,"('Cc1ccccc1.O',)","('O=C([O-])O.[Na+],O=C([O-])[O-].[Na+].[Na+]',)"
3626,10,"('CCO.Cc1ccccc1.CCOC(C)=O',)","('[K+].[F-]',)"
190,1,"('No Solvent',)","('No Base',)"
190,2,"('O.COCCOC',)","('O=C([O-])[O-].[Na+].[Na+]',)"
190,3,"('CN(C)C=O.O',)","('O=P([O-])([O-])[O-].[K+].[K+].[K+]',)"
190,4,"('C1COCCO1',)","('O=C([O-])[O-].[Cs+].[Cs+]',)"
190,5,"('O.CCOC(C)=O.C1COCCO1',)","('O=C([O-])[O-].[K+].[K+]',)"
190,6,"('COCCOC',)","('O=C([O-])O.[Na+]',)"
190,7,"('O.C1COCCO1',)","('CCN(CC)CC',)"
190,8,"('CCO.Cc1ccccc1.O',)","('[Cs+].[F-]',)"
190,9,"('O.COCCOC.CCOC(C)=O',)","('[K+].[F-]',)"
190,10,"('C1CCOC1',)","('[OH-].[Na+]',)"
639,1,"('O.CC#N',)","('O=C([O-])[O-].[K+].[K+]',)"
639,2,"('O.C1COCCO1',)","('O=C([O-])[O-].[Na+].[Na+]',)"
639,3,"('CCO.Cc1ccccc1',)","('O=C([O-])[O-].[Cs+].[Cs+]',)"
639,4,"('COCCOC',)","('O=P([O-])([O-])[O-].[K+].[K+].[K+]',)"
639,5,"('O.CCOC(C)=O.C1COCCO1',)","('No Base',)"
639,6,"('O.COCCOC',)","('O=C([O-])O.[Na+]',)"
639,7,"('CN(C)C=O',)","('O=C([O-])O.[Na+],O=C([O-])[O-].[Na+].[Na+]',)"
639,8,"('No Solvent',)","('[Cs+].[F-]',)"
639,9,"('C1COCCO1',)","('[K+].[F-]',)"
639,10,"('C1CCOC1',)","('CCN(CC)CC',)"
3540,1,"('CCO.O.COCCOC',)","('O=C([O-])[O-].[Na+].[Na+]',)"
3540,2,"('CN(C)C=O.O.CCOC(C)=O',)","('O=C([O-])[O-].[K+].[K+]',)"
3540,3,"('O.COCCOC',)","('O=C([O-])[O-].[Cs+].[Cs+]',)"
3540,4,"('O.C1COCCO1',)","('O=P([O-])([O-])[O-].[K+].[K+].[K+]',)"
3540,5,"('COCCOC',)","('O=C([O-])O.[Na+]',)"
3540,6,"('O.CCOC(C)=O.C1COCCO1',)","('No Base',)"
3540,7,"('CN(C)C=O',)","('[Cs+].[F-]',)"
3540,8,"('CN(C)C=O.O',)","('CC(=O)[O-].[K+]',)"
3540,9,"('O.COCCOC.CCOC(C)=O',)","('O=C([O-])O.[Na+],O=C([O-])[O-].[Na+].[Na+]',)"
3540,10,"('COCCOC.CCOC(C)=O',)","('[K+].[F-]',)"
927,1,"('CCO.Cc1ccccc1',)","('O=C([O-])[O-].[K+].[K+]',)"
927,2,"('O.COCCOC',)","('O=C([O-])[O-].[Na+].[Na+]',)"
927,3,"('O.C1COCCO1',)","('O=P([O-])([O-])[O-].[K+].[K+].[K+]',)"
927,4,"('No Solvent',)","('O=C([O-])O.[Na+]',)"
927,5,"('O.CCOC(C)=O.C1COCCO1',)","('No Base',)"
927,6,"('C1COCCO1',)","('O=C([O-])[O-].[Cs+].[Cs+]',)"
927,7,"('O.CC#N',)","('[K+].[F-]',)"
927,8,"('Cc1ccccc1',)","('O=C([O-])O.[Na+],O=C([O-])[O-].[Na+].[Na+]',)"
927,9,"('COCCOC',)","('[Cs+].[F-]',)"
927,10,"('CN(C)C=O',)","('CCN(CC)CC',)"
4010,1,"('CN(C)C=O',)","('O=C([O-])[O-].[K+].[K+]',)"
4010,2,"('No Solvent',)","('O=C([O-])[O-].[Na+].[Na+]',)"
4010,3,"('O.COCCOC',)","('O=P([O-])([O-])[O-].[K+].[K+].[K+]',)"
4010,4,"('COCCOC.CCOC(C)=O',)","('O=C([O-])O.[Na+]',)"
4010,5,"('O.CCOC(C)=O.C1COCCO1',)","('O=C([O-])[O-].[Cs+].[Cs+]',)"
4010,6,"('COCCOC',)","('No Base',)"
4010,7,"('Cc1ccccc1.O',)","('[K+].[F-]',)"
4010,8,"('C1CCOC1',)","('CC(=O)[O-].[K+]',)"
4010,9,"('CCO.Cc1ccccc1.O',)","('O=C([O-])O.[Na+],O=C([O-])[O-].[Na+].[Na+]',)"
4010,10,"('O.C1COCCO1.ClCCl',)","('[OH-].[Na+]',)"
1266,1,"('O.CC#N',)","('O=C([O-])[O-].[Na+].[Na+]',)"
1266,2,"('CN(C)C=O.O',)","('O=C([O-])[O-].[Cs+].[Cs+]',)"
1266,3,"('CCO.O',)","('O=C([O-])[O-].[K+].[K+]',)"
1266,4,"('O.C1COCCO1',)","('[K+].[F-]',)"
1266,5,"('C1COCCO1',)","('No Base',)"
1266,6,"('O.C1COCCO1.ClCCl',)","('O=P([O-])([O-])[O-].[K+].[K+].[K+]',)"
1266,7,"('No Solvent',)","('[Cs+].[F-]',)"
1266,8,"('CN(C)C=O',)","('O=C([O-])O.[Na+]',)"
1266,9,"('CCO.Cc1ccccc1.O',)","('O=C([O-])O.[Na+],O=C([O-])[O-].[Na+].[Na+]',)"
1266,10,"('COCCOC',)","('[OH-].[Na+]',)"
2917,1,"('O.CC#N',)","('O=C([O-])[O-].[Na+].[Na+]',)"
2917,2,"('O.C1COCCO1',)","('O=C([O-])[O-].[K+].[K+]',)"
2917,3,"('CN(C)C=O.O',)","('O=C([O-])[O-].[Cs+].[Cs+]',)"
2917,4,"('CN(C)C=O.O.ClCCl',)","('O=P([O-])([O-])[O-].[K+].[K+].[K+]',)"
2917,5,"('CCO.Cc1ccccc1.O',)","('[K+].[F-]',)"
2917,6,"('No Solvent',)","('No Base',)"
2917,7,"('CC#N',)","('O=C([O-])O.[Na+]',)"
2917,8,"('C1COCCO1',)","('[Cs+].[F-]',)"
2917,9,"('O.COCCOC',)","('O=C([O-])O.[Na+],O=C([O-])[O-].[Na+].[Na+]',)"
2917,10,"('Cc1ccccc1',)","('[OH-].[Na+]',)"
695,1,"('O.COCCOC',)","('O=C([O-])O.[Na+]',)"
695,2,"('No Solvent',)","('O=C([O-])[O-].[Na+].[Na+]',)"
695,3,"('O.CCOC(C)=O.C1COCCO1',)","('O=C([O-])[O-].[K+].[K+]',)"
695,4,"('O.C1COCCO1',)","('No Base',)"
695,5,"('C1COCCO1',)","('O=C([O-])O.[Na+],O=C([O-])[O-].[Na+].[Na+]',)"
695,6,"('Cc1ccccc1',)","('O=P([O-])([O-])[O-].[K+].[K+].[K+]',)"
695,7,"('CN(C)C=O.O',)","('[Cs+].[F-]',)"
695,8,"('O.C1COCCO1.ClCCl',)","('O=C([O-])[O-].[Cs+].[Cs+]',)"
695,9,"('COCCOC',)","('CCN(CC)CC',)"
695,10,"('O.CCOC(C)=O.COCCOC',)","('CC(=O)[O-].[K+]',)"
908,1,"('CCO.Cc1ccccc1',)","('O=C([O-])[O-].[Na+].[Na+]',)"
908,2,"('ClCCl',)","('O=C([O-])[O-].[K+].[K+]',)"
908,3,"('No Solvent',)","('O=P([O-])([O-])[O-].[K+].[K+].[K+]',)"
908,4,"('CN(C)C=O.O',)","('[OH-].[Na+]',)"
908,5,"('O.COCCOC',)","('No Base',)"
908,6,"('COCCOC',)","('[K+].[F-]',)"
908,7,"('O.CC#N',)","('O=C([O-])[O-].[Cs+].[Cs+]',)"
908,8,"('C1COCCO1',)","('CCN(CC)CC',)"
908,9,"('CCO.Cc1ccccc1.CCOC(C)=O',)","('O=C([O-])O.[Na+]',)"
908,10,"('O',)","('O=C([O-])O.[Na+],O=C([O-])[O-].[Na+].[Na+]',)"
5177,1,"('O.C1COCCO1',)","('O=C([O-])[O-].[Cs+].[Cs+]',)"
5177,2,"('O.CCOC(C)=O.C1COCCO1',)","('O=C([O-])[O-].[Na+].[Na+]',)"
5177,3,"('C1COCCO1',)","('O=C([O-])[O-].[K+].[K+]',)"
5177,4,"('COCCOC',)","('O=P([O-])([O-])[O-].[K+].[K+].[K+]',)"
5177,5,"('O.COCCOC',)","('No Base',)"
5177,6,"('CCO.Cc1ccccc1',)","('O=C([O-])O.[Na+]',)"
5177,7,"('CN(C)C=O',)","('[Cs+].[F-]',)"
5177,8,"('O.C1COCCO1.ClCCl',)","('O=C([O-])O.[Na+],O=C([O-])[O-].[Na+].[Na+]',)"
5177,9,"('C1CCOC1',)","('CCN(CC)CC',)"
5177,10,"('CCO.Cc1ccccc1.O',)","('[K+].[F-]',)"
5207,1,"('O.C1COCCO1',)","('O=C([O-])[O-].[K+].[K+]',)"
5207,2,"('O.COCCOC',)","('O=C([O-])[O-].[Na+].[Na+]',)"
5207,3,"('COCCOC',)","('O=C([O-])[O-].[Cs+].[Cs+]',)"
5207,4,"('CCO.Cc1ccccc1.O',)","('O=P([O-])([O-])[O-].[K+].[K+].[K+]',)"
5207,5,"('C1COCCO1',)","('O=C([O-])O.[Na+]',)"
5207,6,"('C1CCOC1',)","('No Base',)"
5207,7,"('No Solvent',)","('[Cs+].[F-]',)"
5207,8,"('CN(C)C=O.O',)","('O=C([O-])O.[Na+],O=C([O-])[O-].[Na+].[Na+]',)"
5207,9,"('CN(C)C=O',)","('CCN(CC)CC',)"
5207,10,"('O.CCOC(C)=O.C1COCCO1',)","('[K+].[F-]',)"
381,1,"('O.C1CCOC1',)","('O=C([O-])[O-].[K+].[K+]',)"
381,2,"('C1COCCO1',)","('[K+].[F-]',)"
381,3,"('O.C1COCCO1',)","('O=C([O-])[O-].[Na+].[Na+]',)"
381,4,"('CCO.Cc1ccccc1',)","('O=C([O-])[O-].[Cs+].[Cs+]',)"
381,5,"('No Solvent',)","('O=P([O-])([O-])[O-].[K+].[K+].[K+]',)"
381,6,"('CN(C)C=O.O',)","('No Base',)"
381,7,"('O.COCCOC',)","('O=C([O-])O.[Na+]',)"
381,8,"('CCO.Cc1ccccc1.O',)","('[Cs+].[F-]',)"
381,9,"('O.CCOC(C)=O.C1COCCO1',)","('O=C([O-])O.[Na+],O=C([O-])[O-].[Na+].[Na+]',)"
381,10,"('O.CC#N',)","('CC(=O)[O-].[K+]',)"
1603,1,"('O.C1COCCO1',)","('O=C([O-])[O-].[K+].[K+]',)"
1603,2,"('O.C1COCCO1.ClCCl',)","('O=C([O-])[O-].[Na+].[Na+]',)"
1603,3,"('CCO.Cc1ccccc1',)","('O=P([O-])([O-])[O-].[K+].[K+].[K+]',)"
1603,4,"('COCCOC',)","('O=C([O-])[O-].[Cs+].[Cs+]',)"
1603,5,"('O.CC#N',)","('O=C([O-])O.[Na+]',)"
1603,6,"('C1COCCO1',)","('No Base',)"
1603,7,"('CCO.O.COCCOC',)","('[Cs+].[F-]',)"
1603,8,"('CN(C)C=O',)","('[OH-].[Na+]',)"
1603,9,"('Cc1ccccc1.O',)","('[K+].[F-]',)"
1603,10,"('COCCOC.CCOC(C)=O',)","('O=C([O-])O.[Na+],O=C([O-])[O-].[Na+].[Na+]',)"
2946,1,"('O.C1COCCO1.ClCCl',)","('O=C([O-])[O-].[Na+].[Na+]',)"
2946,2,"('O.C1COCCO1',)","('O=C([O-])O.[Na+]',)"
2946,3,"('O.COCCOC',)","('O=C([O-])[O-].[K+].[K+]',)"
2946,4,"('CN(C)C=O.O',)","('O=P([O-])([O-])[O-].[K+].[K+].[K+]',)"
2946,5,"('O.CCOC(C)=O.C1COCCO1',)","('O=C([O-])[O-].[Cs+].[Cs+]',)"
2946,6,"('C1COCCO1',)","('O=C([O-])O.[Na+],O=C([O-])[O-].[Na+].[Na+]',)"
2946,7,"('Cc1ccccc1',)","('No Base',)"
2946,8,"('O.COCCOC.CCOC(C)=O',)","('[K+].[F-]',)"
2946,9,"('CN(C)C=O',)","('[Cs+].[F-]',)"
2946,10,"('COCCOC',)","('CC(=O)[O-].[K+]',)"
2840,1,"('O.COCCOC',)","('O=C([O-])[O-].[Na+].[Na+]',)"
2840,2,"('ClCCl',)","('O=C([O-])[O-].[Cs+].[Cs+]',)"
2840,3,"('O.C1COCCO1',)","('No Base',)"
2840,4,"('C1COCCO1',)","('O=C([O-])[O-].[K+].[K+]',)"
2840,5,"('O.C1CCOC1',)","('O=P([O-])([O-])[O-].[K+].[K+].[K+]',)"
2840,6,"('O.CCOC(C)=O.C1COCCO1',)","('O=C([O-])O.[Na+]',)"
2840,7,"('No Solvent',)","('O=C([O-])O.[Na+],O=C([O-])[O-].[Na+].[Na+]',)"
2840,8,"('O.CC#N',)","('[Cs+].[F-]',)"
2840,9,"('Cc1ccccc1',)","('[OH-].[Na+]',)"
2840,10,"('CN(C)C=O',)","('[K+].[F-]',)"
125,1,"('O.C1COCCO1',)","('O=C([O-])[O-].[K+].[K+]',)"
125,2,"('C1COCCO1',)","('O=C([O-])[O-].[Na+].[Na+]',)"
125,3,"('No Solvent',)","('O=C([O-])[O-].[Cs+].[Cs+]',)"
125,4,"('CCO.Cc1ccccc1',)","('[K+].[F-]',)"
125,5,"('COCCOC',)","('O=C([O-])O.[Na+]',)"
125,6,"('CN(C)C=O',)","('O=P([O-])([O-])[O-].[K+].[K+].[K+]',)"
125,7,"('O.COCCOC',)","('No Base',)"
125,8,"('CCO.Cc1ccccc1.O',)","('[OH-].[Na+]',)"
125,9,"('C1CCOC1',)","('O=C([O-])O.[Na+],O=C([O-])[O-].[Na+].[Na+]',)"
125,10,"('CCO.O.COCCOC',)","('CC(=O)[O-].[K+]',)"
2455,1,"('C1COCCO1',)","('O=C([O-])[O-].[Na+].[Na+]',)"
2455,2,"('O.COCCOC',)","('O=C([O-])[O-].[K+].[K+]',)"
2455,3,"('O.C1COCCO1',)","('O=P([O-])([O-])[O-].[K+].[K+].[K+]',)"
2455,4,"('COCCOC',)","('O=C([O-])O.[Na+]',)"
2455,5,"('CCO.Cc1ccccc1.O',)","('[Cs+].[F-]',)"
2455,6,"('CN(C)C=O',)","('O=C([O-])[O-].[Cs+].[Cs+]',)"
2455,7,"('O.C1COCCO1.ClCCl',)","('No Base',)"
2455,8,"('CN(C)C=O.O',)","('[K+].[F-]',)"
2455,9,"('Cc1ccccc1.O',)","('O=C([O-])O.[Na+],O=C([O-])[O-].[Na+].[Na+]',)"
2455,10,"('O.C1CCOC1',)","('CCN(CC)CC',)"
2304,1,"('COCCOC',)","('O=C([O-])[O-].[Na+].[Na+]',)"
2304,2,"('C1COCCO1',)","('O=C([O-])[O-].[K+].[K+]',)"
2304,3,"('O.C1COCCO1',)","('O=C([O-])O.[Na+]',)"
2304,4,"('CO.ClCCl',)","('O=P([O-])([O-])[O-].[K+].[K+].[K+]',)"
2304,5,"('CCO.Cc1ccccc1.O',)","('O=C([O-])[O-].[Cs+].[Cs+]',)"
2304,6,"('O.COCCOC',)","('No Base',)"
2304,7,"('No Solvent',)","('[Cs+].[F-]',)"
2304,8,"('O.CC#N',)","('[K+].[F-]',)"
2304,9,"('C1CCOC1',)","('O=C([O-])O.[Na+],O=C([O-])[O-].[Na+].[Na+]',)"
2304,10,"('O.COCCOC.CCOC(C)=O',)","('[OH-].[Na+]',)"
3745,1,"('CCO.Cc1ccccc1.O',)","('O=C([O-])[O-].[K+].[K+]',)"
3745,2,"('O.C1CCOC1',)","('O=C([O-])[O-].[Na+].[Na+]',)"
3745,3,"('No Solvent',)","('O=C([O-])[O-].[Cs+].[Cs+]',)"
3745,4,"('Cc1ccccc1.O',)","('No Base',)"
3745,5,"('O.COCCOC',)","('O=C([O-])O.[Na+]',)"
3745,6,"('COCCOC',)","('O=P([O-])([O-])[O-].[K+].[K+].[K+]',)"
3745,7,"('O.C1COCCO1',)","('O=C([O-])O.[Na+],O=C([O-])[O-].[Na+].[Na+]',)"
3745,8,"('O.C1COCCO1.ClCCl',)","('[K+].[F-]',)"
3745,9,"('C1COCCO1',)","('[OH-].[Na+]',)"
3745,10,"('O.CCOC(C)=O.C1COCCO1',)","('CCN(CC)CC',)"
3227,1,"('O.COCCOC',)","('O=P([O-])([O-])[O-].[K+].[K+].[K+]',)"
3227,2,"('ClCCl.CC#N',)","('O=C([O-])[O-].[K+].[K+]',)"
3227,3,"('COCCOC',)","('O=C([O-])[O-].[Na+].[Na+]',)"
3227,4,"('O.C1CCOC1',)","('O=C([O-])O.[Na+]',)"
3227,5,"('CN(C)C=O.O',)","('No Base',)"
3227,6,"('O.CCOC(C)=O.C1COCCO1',)","('O=C([O-])[O-].[Cs+].[Cs+]',)"
3227,7,"('O.C1COCCO1',)","('[Cs+].[F-]',)"
3227,8,"('CCO.Cc1ccccc1',)","('O=C([O-])[O-].[K+].[K+],CC(=O)[O-].[Na+],CC(=O)[O-].[K+],O=C([O-])[O-].[Na+].[Na+]',)"
3227,9,"('CCOC(C)=O.C1COCCO1',)","('[K+].[F-]',)"
3227,10,"('No Solvent',)","('O=C([O-])O.[Na+],O=C([O-])[O-].[Na+].[Na+]',)"
2006,1,"('C1COCCO1',)","('O=C([O-])[O-].[K+].[K+]',)"
2006,2,"('O.C1COCCO1',)","('O=C([O-])[O-].[Na+].[Na+]',)"
2006,3,"('O.CC#N',)","('O=P([O-])([O-])[O-].[K+].[K+].[K+]',)"
2006,4,"('C1COCCO1.ClCCl',)","('No Base',)"
2006,5,"('CCO.Cc1ccccc1',)","('O=C([O-])[O-].[Cs+].[Cs+]',)"
2006,6,"('O.COCCOC',)","('O=C([O-])O.[Na+]',)"
2006,7,"('C1CCOC1',)","('O=C([O-])O.[Na+],O=C([O-])[O-].[Na+].[Na+]',)"
2006,8,"('CCO.O.COCCOC',)","('[OH-].[Na+]',)"
2006,9,"('O.CCOC(C)=O.C1COCCO1',)","('CC(=O)[O-].[K+]',)"
2006,10,"('CCO.COCCOC',)","('[Cs+].[F-]',)"
4812,1,"('COCCOC',)","('O=P([O-])([O-])[O-].[K+].[K+].[K+]',)"
4812,2,"('O.C1COCCO1',)","('O=C([O-])[O-].[K+].[K+]',)"
4812,3,"('O.C1CCOC1',)","('O=C([O-])[O-].[Na+].[Na+]',)"
4812,4,"('No Solvent',)","('O=C([O-])[O-].[Cs+].[Cs+]',)"
4812,5,"('CN(C)C=O.O',)","('O=C([O-])O.[Na+]',)"
4812,6,"('C1COCCO1',)","('No Base',)"
4812,7,"('O.CC#N',)","('[Cs+].[F-]',)"
4812,8,"('O.COCCOC',)","('[K+].[F-]',)"
4812,9,"('COCCOC.CCOC(C)=O',)","('[OH-].[Na+]',)"
4812,10,"('O.COCCOC.ClCCl',)","('CCN(CC)CC',)"
2967,1,"('Cc1ccccc1',)","('O=C([O-])[O-].[K+].[K+]',)"
2967,2,"('O.C1COCCO1',)","('O=C([O-])[O-].[Na+].[Na+]',)"
2967,3,"('O.COCCOC',)","('O=C([O-])O.[Na+]',)"
2967,4,"('COCCOC',)","('No Base',)"
2967,5,"('CN(C)C=O',)","('O=P([O-])([O-])[O-].[K+].[K+].[K+]',)"
2967,6,"('CCO.Cc1ccccc1',)","('O=C([O-])[O-].[Cs+].[Cs+]',)"
2967,7,"('CCO.O.COCCOC',)","('[Cs+].[F-]',)"
2967,8,"('No Solvent',)","('O=C([O-])O.[Na+],O=C([O-])[O-].[Na+].[Na+]',)"
2967,9,"('O.CCOC(C)=O.C1COCCO1',)","('[K+].[F-]',)"
2967,10,"('CCO.Cc1ccccc1.O',)","('[OH-].[Na+]',)"
2187,1,"('COCCOC',)","('[Cs+].[F-]',)"
2187,2,"('CN(C)C=O',)","('O=C([O-])[O-].[K+].[K+]',)"
2187,3,"('No Solvent',)","('O=C([O-])[O-].[Na+].[Na+]',)"
2187,4,"('O.COCCOC',)","('O=C([O-])[O-].[Cs+].[Cs+]',)"
2187,5,"('C1COCCO1',)","('O=P([O-])([O-])[O-].[K+].[K+].[K+]',)"
2187,6,"('CN(C)C=O.CCOC(C)=O',)","('No Base',)"
2187,7,"('CCO.Cc1ccccc1.O',)","('O=C([O-])O.[Na+]',)"
2187,8,"('CN(C)C=O.O',)","('O=C([O-])O.[Na+],O=C([O-])[O-].[Na+].[Na+]',)"
2187,9,"('O.C1CCOC1',)","('[K+].[F-]',)"
2187,10,"('O.CC#N',)","('CC(=O)[O-].[K+]',)"
4617,1,"('CCO.Cc1ccccc1.O',)","('O=C([O-])[O-].[Na+].[Na+]',)"
4617,2,"('No Solvent',)","('O=C([O-])[O-].[K+].[K+]',)"
4617,3,"('C1COCCO1',)","('O=P([O-])([O-])[O-].[K+].[K+].[K+]',)"
4617,4,"('O.C1COCCO1',)","('O=C([O-])[O-].[Cs+].[Cs+]',)"
4617,5,"('CN(C)C=O.O',)","('O=C([O-])O.[Na+]',)"
4617,6,"('CC#N',)","('No Base',)"
4617,7,"('CCOC(C)=O.CC#N',)","('[K+].[F-]',)"
4617,8,"('CN(C)C=O',)","('[Cs+].[F-]',)"
4617,9,"('CCO.Cc1ccccc1',)","('[OH-].[Na+]',)"
4617,10,"('CCCO',)","('O=C([O-])O.[Na+],O=C([O-])[O-].[Na+].[Na+]',)"
660,1,"('CN(C)C=O',)","('O=C([O-])[O-].[K+].[K+]',)"
660,2,"('O.COCCOC',)","('O=C([O-])[O-].[Na+].[Na+]',)"
660,3,"('C1COCCO1',)","('O=C([O-])[O-].[Cs+].[Cs+]',)"
660,4,"('O.C1COCCO1',)","('O=P([O-])([O-])[O-].[K+].[K+].[K+]',)"
660,5,"('CN(C)C=O.O',)","('O=C([O-])O.[Na+]',)"
660,6,"('No Solvent',)","('No Base',)"
660,7,"('Cc1ccccc1.O',)","('[Cs+].[F-]',)"
660,8,"('O.CCOC(C)=O.C1COCCO1',)","('[OH-].[Na+]',)"
660,9,"('C1CCOC1',)","('[K+].[F-]',)"
660,10,"('COCCOC',)","('CCN(CC)CC',)"
2877,1,"('O.COCCOC',)","('O=C([O-])[O-].[K+].[K+]',)"
2877,2,"('O.C1COCCO1',)","('O=C([O-])[O-].[Na+].[Na+]',)"
2877,3,"('CCO.Cc1ccccc1',)","('O=P([O-])([O-])[O-].[K+].[K+].[K+]',)"
2877,4,"('COCCOC',)","('O=C([O-])O.[Na+]',)"
2877,5,"('CCO.Cc1ccccc1.O',)","('No Base',)"
2877,6,"('O.CCOC(C)=O.C1COCCO1',)","('O=C([O-])[O-].[Cs+].[Cs+]',)"
2877,7,"('C1COCCO1',)","('O=C([O-])O.[Na+],O=C([O-])[O-].[Na+].[Na+]',)"
2877,8,"('C1CCOC1',)","('[OH-].[Na+]',)"
2877,9,"('CN(C)C=O.O',)","('[Cs+].[F-]',)"
2877,10,"('CCO.O.COCCOC',)","('[K+].[F-]',)"
1173,1,"('O.COCCOC',)","('O=C([O-])[O-].[Na+].[Na+]',)"
1173,2,"('O.C1COCCO1',)","('O=C([O-])[O-].[K+].[K+]',)"
1173,3,"('CCO.Cc1ccccc1',)","('O=C([O-])[O-].[Cs+].[Cs+]',)"
1173,4,"('CN(C)C=O',)","('No Base',)"
1173,5,"('O.CCOC(C)=O.C1COCCO1',)","('O=P([O-])([O-])[O-].[K+].[K+].[K+]',)"
1173,6,"('COCCOC',)","('O=C([O-])O.[Na+]',)"
1173,7,"('C1CCOC1',)","('[Cs+].[F-]',)"
1173,8,"('No Solvent',)","('O=C([O-])O.[Na+],O=C([O-])[O-].[Na+].[Na+]',)"
1173,9,"('COCCOC.ClCCl',)","('[K+].[F-]',)"
1173,10,"('Cc1ccccc1',)","('CCN(CC)CC',)"
3605,1,"('O.COCCOC',)","('O=C([O-])[O-].[Na+].[Na+]',)"
3605,2,"('CC#N',)","('O=C([O-])[O-].[K+].[K+]',)"
3605,3,"('CN(C)C=O',)","('O=C([O-])O.[Na+]',)"
3605,4,"('COCCOC',)","('O=P([O-])([O-])[O-].[K+].[K+].[K+]',)"
3605,5,"('CCO.Cc1ccccc1',)","('No Base',)"
3605,6,"('CCO.Cc1ccccc1.O',)","('O=C([O-])[O-].[Cs+].[Cs+]',)"
3605,7,"('O.C1CCOC1',)","('[K+].[F-]',)"
3605,8,"('O.CC#N',)","('[Cs+].[F-]',)"
3605,9,"('O.C1COCCO1',)","('O=C([O-])O.[Na+],O=C([O-])[O-].[Na+].[Na+]',)"
3605,10,"('Cc1ccccc1.O',)","('[OH-].[Na+]',)"
1426,1,"('CN(C)C=O',)","('O=C([O-])[O-].[Cs+].[Cs+]',)"
1426,2,"('CCO.O.COCCOC',)","('O=C([O-])[O-].[K+].[K+]',)"
1426,3,"('CN(C)C=O.O',)","('O=C([O-])[O-].[Na+].[Na+]',)"
1426,4,"('ClCCl',)","('O=P([O-])([O-])[O-].[K+].[K+].[K+]',)"
1426,5,"('C1COCCO1',)","('No Base',)"
1426,6,"('O.C1COCCO1',)","('[K+].[F-]',)"
1426,7,"('C1CCOC1',)","('[Cs+].[F-]',)"
1426,8,"('No Solvent',)","('O=C([O-])O.[Na+]',)"
1426,9,"('O.COCCOC',)","('CC(=O)[O-].[K+]',)"
1426,10,"('CCO.COCCOC.ClCCl.CCOC(C)=O.O',)","('[OH-].[Na+]',)"
5,1,"('O.COCCOC',)","('O=C([O-])[O-].[Na+].[Na+]',)"
5,2,"('CCO.Cc1ccccc1.O',)","('O=C([O-])[O-].[K+].[K+]',)"
5,3,"('COCCOC',)","('No Base',)"
5,4,"('No Solvent',)","('O=P([O-])([O-])[O-].[K+].[K+].[K+]',)"
5,5,"('COCCOC.CCOC(C)=O',)","('[OH-].[Na+]',)"
5,6,"('CN(C)C=O.O',)","('O=C([O-])O.[Na+]',)"
5,7,"('Cc1ccccc1',)","('O=C([O-])[O-].[Cs+].[Cs+]',)"
5,8,"('C1COCCO1',)","('CC(=O)[O-].[K+]',)"
5,9,"('O.C1CCOC1',)","('O=C([O-])O.[Na+],O=C([O-])[O-].[Na+].[Na+]',)"
5,10,"('CCO.Cc1ccccc1',)","('CCN(CC)CC',)"
1753,1,"('O.C1COCCO1',)","('O=C([O-])[O-].[Cs+].[Cs+]',)"
1753,2,"('CN(C)C=O.O',)","('O=C([O-])[O-].[Na+].[Na+]',)"
1753,3,"('CN(C)C=O',)","('O=C([O-])[O-].[K+].[K+]',)"
1753,4,"('CCO.O.COCCOC',)","('CC(=O)[O-].[K+]',)"
1753,5,"('CC#N',)","('O=P([O-])([O-])[O-].[K+].[K+].[K+]',)"
1753,6,"('O.COCCOC',)","('O=C([O-])O.[Na+]',)"
1753,7,"('CCO.Cc1ccccc1',)","('[Cs+].[F-]',)"
1753,8,"('O.COCCOC.CCOC(C)=O',)","('[K+].[F-]',)"
1753,9,"('COCCOC.CCOC(C)=O',)","('No Base',)"
1753,10,"('O.CCOC(C)=O.C1COCCO1',)","('CCN(CC)CC',)"
86,1,"('O.COCCOC',)","('O=C([O-])[O-].[Na+].[Na+]',)"
86,2,"('CN(C)C=O',)","('O=C([O-])[O-].[K+].[K+]',)"
86,3,"('COCCOC',)","('O=C([O-])O.[Na+]',)"
86,4,"('O.C1COCCO1',)","('O=C([O-])[O-].[Cs+].[Cs+]',)"
86,5,"('No Solvent',)","('No Base',)"
86,6,"('C1COCCO1',)","('O=P([O-])([O-])[O-].[K+].[K+].[K+]',)"
86,7,"('O.C1CCOC1',)","('O=C([O-])O.[Na+],O=C([O-])[O-].[Na+].[Na+]',)"
86,8,"('CCO.Cc1ccccc1',)","('[Cs+].[F-]',)"
86,9,"('CCO.Cc1ccccc1.O',)","('[K+].[F-]',)"
86,10,"('Cc1ccccc1',)","('CC(=O)[O-].[K+]',)"
4278,1,"('O.COCCOC.CCOC(C)=O',)","('O=C([O-])[O-].[Na+].[Na+]',)"
4278,2,"('O.COCCOC',)","('O=C([O-])[O-].[K+].[K+]',)"
4278,3,"('CN(C)C=O',)","('O=C([O-])O.[Na+]',)"
4278,4,"('O.C1COCCO1',)","('No Base',)"
4278,5,"('COCCOC',)","('O=P([O-])([O-])[O-].[K+].[K+].[K+]',)"
4278,6,"('No Solvent',)","('O=C([O-])[O-].[Cs+].[Cs+]',)"
4278,7,"('Cc1ccccc1',)","('[Cs+].[F-]',)"
4278,8,"('CCO.Cc1ccccc1.O',)","('[K+].[F-]',)"
4278,9,"('C1COCCO1',)","('CCN(CC)CC',)"
4278,10,"('Cc1ccccc1.O',)","('O=C([O-])O.[Na+],O=C([O-])[O-].[Na+].[Na+]',)"
2921,1,"('O.CC#N',)","('O=C([O-])[O-].[Na+].[Na+]',)"
2921,2,"('O.C1COCCO1',)","('O=C([O-])[O-].[K+].[K+]',)"
2921,3,"('CN(C)C=O.O',)","('O=P([O-])([O-])[O-].[K+].[K+].[K+]',)"
2921,4,"('No Solvent',)","('O=C([O-])[O-].[Cs+].[Cs+]',)"
2921,5,"('CN(C)C=O.O.ClCCl',)","('No Base',)"
2921,6,"('O.CCOC(C)=O.C1COCCO1',)","('[K+].[F-]',)"
2921,7,"('CCO.Cc1ccccc1.O',)","('O=C([O-])O.[Na+]',)"
2921,8,"('O.COCCOC',)","('O=C([O-])O.[Na+],O=C([O-])[O-].[Na+].[Na+]',)"
2921,9,"('C1COCCO1',)","('[Cs+].[F-]',)"
2921,10,"('Cc1ccccc1',)","('[OH-].[Na+]',)"
3786,1,"('CC#N',)","('O=C([O-])[O-].[Na+].[Na+]',)"
3786,2,"('CCOC(C)=O.CC#N',)","('O=C([O-])[O-].[Cs+].[Cs+]',)"
3786,3,"('COCCOC',)","('O=C([O-])[O-].[K+].[K+]',)"
3786,4,"('O.CC#N',)","('No Base',)"
3786,5,"('O.C1COCCO1',)","('O=P([O-])([O-])[O-].[K+].[K+].[K+]',)"
3786,6,"('C1COCCO1',)","('O=C([O-])O.[Na+]',)"
3786,7,"('CCO.O.COCCOC',)","('[OH-].[Na+]',)"
3786,8,"('O.COCCOC',)","('O=C([O-])O.[Na+],O=C([O-])[O-].[Na+].[Na+]',)"
3786,9,"('CN(C)C=O.O',)","('[Cs+].[F-]',)"
3786,10,"('CCO.Cc1ccccc1.O',)","('[K+].[F-]',)"
591,1,"('CCO.Cc1ccccc1.O',)","('O=C([O-])O.[Na+]',)"
591,2,"('CN(C)C=O',)","('O=C([O-])[O-].[Na+].[Na+]',)"
591,3,"('No Solvent',)","('O=C([O-])[O-].[Cs+].[Cs+]',)"
591,4,"('O.CCOC(C)=O.C1COCCO1',)","('O=C([O-])[O-].[K+].[K+]',)"
591,5,"('CCO.O.COCCOC',)","('O=P([O-])([O-])[O-].[K+].[K+].[K+]',)"
591,6,"('COCCOC',)","('O=C([O-])O.[Na+],O=C([O-])[O-].[Na+].[Na+]',)"
591,7,"('C1COCCO1',)","('No Base',)"
591,8,"('O.C1COCCO1',)","('[Cs+].[F-]',)"
591,9,"('O.C1COCCO1.ClCCl',)","('[K+].[F-]',)"
591,10,"('O.COCCOC',)","('[OH-].[Na+]',)"
385,1,"('O.COCCOC',)","('O=C([O-])[O-].[Na+].[Na+]',)"
385,2,"('O.C1COCCO1',)","('O=C([O-])[O-].[K+].[K+]',)"
385,3,"('COCCOC',)","('No Base',)"
385,4,"('O.C1CCOC1',)","('O=P([O-])([O-])[O-].[K+].[K+].[K+]',)"
385,5,"('O.CC#N',)","('O=C([O-])[O-].[Cs+].[Cs+]',)"
385,6,"('CN(C)C=O',)","('[Cs+].[F-]',)"
385,7,"('No Solvent',)","('O=C([O-])O.[Na+]',)"
385,8,"('CCO.Cc1ccccc1.O',)","('[K+].[F-]',)"
385,9,"('Cc1ccccc1',)","('O=C([O-])O.[Na+],O=C([O-])[O-].[Na+].[Na+]',)"
385,10,"('C1COCCO1',)","('[OH-].[Na+]',)"
3231,1,"('O.COCCOC',)","('O=C([O-])[O-].[Na+].[Na+]',)"
3231,2,"('O.C1COCCO1',)","('O=C([O-])O.[Na+]',)"
3231,3,"('C1COCCO1',)","('O=C([O-])O.[Na+],O=C([O-])[O-].[Na+].[Na+]',)"
3231,4,"('COCCOC',)","('O=C([O-])[O-].[Cs+].[Cs+]',)"
3231,5,"('CCO.Cc1ccccc1.O',)","('[Cs+].[F-]',)"
3231,6,"('CC#N.O.C1CCOC1.CCOC(C)=O',)","('No Base',)"
3231,7,"('O.C1COCCO1.ClCCl',)","('O=P([O-])([O-])[O-].[K+].[K+].[K+]',)"
3231,8,"('O.CC#N',)","('O=C([O-])[O-].[K+].[K+]',)"
3231,9,"('CN(C)C=O.O',)","('CC(=O)[O-].[K+]',)"
3231,10,"('O.CCOC(C)=O.C1COCCO1',)","('CCN(CC)CC',)"
4899,1,"('O.C1COCCO1',)","('O=C([O-])[O-].[Cs+].[Cs+]',)"
4899,2,"('CN(C)C=O',)","('O=C([O-])[O-].[Na+].[Na+]',)"
4899,3,"('O.CCOC(C)=O.C1COCCO1',)","('O=C([O-])O.[Na+]',)"
4899,4,"('CCO.O.COCCOC',)","('O=C([O-])[O-].[K+].[K+]',)"
4899,5,"('O.COCCOC',)","('O=P([O-])([O-])[O-].[K+].[K+].[K+]',)"
4899,6,"('COCCOC',)","('No Base',)"
4899,7,"('CN(C)C=O.O',)","('[K+].[F-]',)"
4899,8,"('CCO.Cc1ccccc1',)","('CCN(CC)CC',)"
4899,9,"('CCO.Cc1ccccc1.O',)","('[Cs+].[F-]',)"
4899,10,"('C1COCCO1',)","('O=C([O-])O.[Na+],O=C([O-])[O-].[Na+].[Na+]',)"
532,1,"('No Solvent',)","('[K+].[F-]',)"
532,2,"('C1CCOC1',)","('O=C([O-])[O-].[K+].[K+]',)"
532,3,"('CCO.Cc1ccccc1.O',)","('O=P([O-])([O-])[O-].[K+].[K+].[K+]',)"
532,4,"('O.COCCOC',)","('O=C([O-])O.[Na+]',)"
532,5,"('CCOC(C)=O',)","('O=C([O-])[O-].[Na+].[Na+]',)"
532,6,"('COCCOC',)","('O=C([O-])[O-].[Cs+].[Cs+]',)"
532,7,"('CN(C)C=O.O',)","('No Base',)"
532,8,"('O.C1COCCO1',)","('[Cs+].[F-]',)"
532,9,"('C1COCCO1',)","('CCN(CC)CC',)"
532,10,"('O.C1CCOC1',)","('[OH-].[Na+]',)"
1221,1,"('CCO.O.COCCOC',)","('O=C([O-])[O-].[K+].[K+]',)"
1221,2,"('CN(C)C=O',)","('O=C([O-])[O-].[Cs+].[Cs+]',)"
1221,3,"('No Solvent',)","('O=P([O-])([O-])[O-].[K+].[K+].[K+]',)"
1221,4,"('CN(C)C=O.O',)","('O=C([O-])[O-].[Na+].[Na+]',)"
1221,5,"('O.COCCOC',)","('No Base',)"
1221,6,"('O.COCCOC.ClCCl',)","('[K+].[F-]',)"
1221,7,"('O.CCOC(C)=O.C1COCCO1',)","('O=C([O-])O.[Na+]',)"
1221,8,"('O.C1COCCO1',)","('CC(=O)[O-].[K+]',)"
1221,9,"('COCCOC',)","('[Cs+].[F-]',)"
1221,10,"('O.C1COCCO1.ClCCl',)","('O=C([O-])O.[Na+],O=C([O-])[O-].[Na+].[Na+]',)"
1924,1,"('CCO.Cc1ccccc1.CCOC(C)=O',)","('[OH-].[Na+]',)"
1924,2,"('CCO.Cc1ccccc1.O',)","('O=C([O-])[O-].[Na+].[Na+]',)"
1924,3,"('CCO.Cc1ccccc1',)","('O=C([O-])O.[Na+]',)"
1924,4,"('CN(C)C=O',)","('O=P([O-])([O-])[O-].[K+].[K+].[K+]',)"
1924,5,"('COCCOC',)","('O=C([O-])O.[Na+],O=C([O-])[O-].[Na+].[Na+]',)"
1924,6,"('O.COCCOC',)","('O=C([O-])[O-].[K+].[K+]',)"
1924,7,"('C1COCCO1',)","('O=C([O-])[O-].[Cs+].[Cs+]',)"
1924,8,"('O.C1COCCO1',)","('[K+].[F-]',)"
1924,9,"('O.CCOC(C)=O.C1COCCO1',)","('No Base',)"
1924,10,"('O.COCCOC.CCOC(C)=O',)","('CC(=O)[O-].[K+]',)"
2295,1,"('C1COCCO1',)","('O=C([O-])O.[Na+]',)"
2295,2,"('No Solvent',)","('O=C([O-])[O-].[Na+].[Na+]',)"
2295,3,"('O.COCCOC',)","('O=C([O-])[O-].[K+].[K+]',)"
2295,4,"('COCCOC',)","('O=C([O-])[O-].[Cs+].[Cs+]',)"
2295,5,"('O.C1COCCO1',)","('No Base',)"
2295,6,"('O.CCOC(C)=O.C1COCCO1',)","('O=P([O-])([O-])[O-].[K+].[K+].[K+]',)"
2295,7,"('CN(C)C=O.O',)","('[Cs+].[F-]',)"
2295,8,"('CN(C)C=O',)","('[K+].[F-]',)"
2295,9,"('CC(C)O',)","('O=C([O-])O.[Na+],O=C([O-])[O-].[Na+].[Na+]',)"
2295,10,"('CCO.Cc1ccccc1.O',)","('[OH-].[Na+]',)"
4996,1,"('O.C1COCCO1',)","('O=C([O-])[O-].[Na+].[Na+]',)"
4996,2,"('O.CCOC(C)=O.C1COCCO1',)","('O=C([O-])[O-].[K+].[K+]',)"
4996,3,"('O.COCCOC',)","('O=C([O-])[O-].[Cs+].[Cs+]',)"
4996,4,"('COCCOC',)","('O=P([O-])([O-])[O-].[K+].[K+].[K+]',)"
4996,5,"('COCCOC.CCOC(C)=O',)","('O=C([O-])O.[Na+]',)"
4996,6,"('CCO.Cc1ccccc1.O',)","('No Base',)"
4996,7,"('Cc1ccccc1.O',)","('[Cs+].[F-]',)"
4996,8,"('C1COCCO1',)","('[K+].[F-]',)"
4996,9,"('CCO.Cc1ccccc1',)","('CCN(CC)CC',)"
4996,10,"('COCCOC.ClCCl',)","('O=C([O-])O.[Na+],O=C([O-])[O-].[Na+].[Na+]',)"
4607,1,"('O.C1COCCO1',)","('O=C([O-])[O-].[K+].[K+]',)"
4607,2,"('C1COCCO1',)","('O=P([O-])([O-])[O-].[K+].[K+].[K+]',)"
4607,3,"('No Solvent',)","('O=C([O-])[O-].[Na+].[Na+]',)"
4607,4,"('CN(C)C=O',)","('O=C([O-])O.[Na+]',)"
4607,5,"('Cc1ccccc1.O',)","('O=C([O-])[O-].[Cs+].[Cs+]',)"
4607,6,"('CN(C)C=O.O',)","('No Base',)"
4607,7,"('O.CC#N',)","('[Cs+].[F-]',)"
4607,8,"('O.C1COCCO1.ClCCl',)","('[K+].[F-]',)"
4607,9,"('CCO.Cc1ccccc1.O',)","('O=C([O-])O.[Na+],O=C([O-])[O-].[Na+].[Na+]',)"
4607,10,"('CCO.Cc1ccccc1',)","('CCN(C(C)C)C(C)C',)"
4445,1,"('O.C1COCCO1',)","('O=C([O-])[O-].[K+].[K+]',)"
4445,2,"('COCCOC',)","('O=C([O-])[O-].[Na+].[Na+]',)"
4445,3,"('CN(C)C=O',)","('O=C([O-])[O-].[Cs+].[Cs+]',)"
4445,4,"('C1COCCO1',)","('No Base',)"
4445,5,"('CN(C)C=O.O',)","('O=P([O-])([O-])[O-].[K+].[K+].[K+]',)"
4445,6,"('CCO.O.COCCOC',)","('O=C([O-])O.[Na+]',)"
4445,7,"('O.CC#N',)","('O=C([O-])O.[Na+],O=C([O-])[O-].[Na+].[Na+]',)"
4445,8,"('CCO.Cc1ccccc1.O',)","('[Cs+].[F-]',)"
4445,9,"('O.CCOC(C)=O.C1COCCO1',)","('CCN(CC)CC',)"
4445,10,"('C1COCCO1.ClCCl',)","('[K+].[F-]',)"
2993,1,"('O.C1COCCO1',)","('O=C([O-])[O-].[K+].[K+]',)"
2993,2,"('COCCOC',)","('O=C([O-])[O-].[Cs+].[Cs+]',)"
2993,3,"('C1COCCO1.ClCCl',)","('O=C([O-])[O-].[Na+].[Na+]',)"
2993,4,"('No Solvent',)","('O=P([O-])([O-])[O-].[K+].[K+].[K+]',)"
2993,5,"('O.COCCOC',)","('O=C([O-])O.[Na+]',)"
2993,6,"('O.C1CCOC1',)","('No Base',)"
2993,7,"('C1COCCO1',)","('O=C([O-])O.[Na+],O=C([O-])[O-].[Na+].[Na+]',)"
2993,8,"('CN(C)C=O',)","('[Cs+].[F-]',)"
2993,9,"('O.C1COCCO1.ClCCl',)","('CCN(CC)CC',)"
2993,10,"('CCO.O.COCCOC',)","('[K+].[F-]',)"
4666,1,"('CN(C)C=O.O',)","('O=C([O-])[O-].[K+].[K+]',)"
4666,2,"('O.C1COCCO1',)","('O=C([O-])[O-].[Na+].[Na+]',)"
4666,3,"('O.COCCOC',)","('O=P([O-])([O-])[O-].[K+].[K+].[K+]',)"
4666,4,"('C1COCCO1',)","('O=C([O-])[O-].[Cs+].[Cs+]',)"
4666,5,"('O.C1COCCO1.ClCCl',)","('O=C([O-])O.[Na+]',)"
4666,6,"('O.CC#N',)","('No Base',)"
4666,7,"('CN(C)C=O',)","('[K+].[F-]',)"
4666,8,"('CCO.Cc1ccccc1.O',)","('CCN(CC)CC',)"
4666,9,"('COCCOC',)","('[Cs+].[F-]',)"
4666,10,"('CCCO.O',)","('O=C([O-])O.[Na+],O=C([O-])[O-].[Na+].[Na+]',)"
5057,1,"('CCO.Cc1ccccc1.CCOC(C)=O',)","('O=C([O-])[O-].[Na+].[Na+]',)"
5057,2,"('O.C1COCCO1',)","('O=C([O-])[O-].[K+].[K+]',)"
5057,3,"('C1COCCO1',)","('No Base',)"
5057,4,"('CN(C)C=O.O',)","('O=C([O-])[O-].[Cs+].[Cs+]',)"
5057,5,"('O.COCCOC',)","('O=P([O-])([O-])[O-].[K+].[K+].[K+]',)"
5057,6,"('No Solvent',)","('O=C([O-])O.[Na+]',)"
5057,7,"('CN(C)C=O',)","('[Cs+].[F-]',)"
5057,8,"('O.C1CCOC1',)","('CCN(CC)CC',)"
5057,9,"('COCCOC',)","('CC(=O)[O-].[K+]',)"
5057,10,"('O.C1COCCO1.ClCCl',)","('O=C([O-])O.[Na+],O=C([O-])[O-].[Na+].[Na+]',)"
2094,1,"('O.C1COCCO1',)","('O=P([O-])([O-])[O-].[K+].[K+].[K+]',)"
2094,2,"('Cc1ccccc1.O',)","('O=C([O-])[O-].[Na+].[Na+]',)"
2094,3,"('O.COCCOC',)","('No Base',)"
2094,4,"('CN(C)C=O.O',)","('O=C([O-])[O-].[K+].[K+]',)"
2094,5,"('CN(C)C=O',)","('O=C([O-])[O-].[Cs+].[Cs+]',)"
2094,6,"('C1COCCO1',)","('O=C([O-])O.[Na+]',)"
2094,7,"('COCCOC.CCOC(C)=O',)","('[Cs+].[F-]',)"
2094,8,"('O.CCOC(C)=O.C1COCCO1',)","('[K+].[F-]',)"
2094,9,"('O.CC#N',)","('CCN(CC)CC',)"
2094,10,"('No Solvent',)","('O=C([O-])O.[Na+],O=C([O-])[O-].[Na+].[Na+]',)"
2701,1,"('O.COCCOC',)","('O=C([O-])[O-].[K+].[K+]',)"
2701,2,"('O.C1COCCO1',)","('O=C([O-])[O-].[Na+].[Na+]',)"
2701,3,"('COCCOC',)","('O=C([O-])[O-].[Cs+].[Cs+]',)"
2701,4,"('No Solvent',)","('O=P([O-])([O-])[O-].[K+].[K+].[K+]',)"
2701,5,"('CN(C)C=O',)","('No Base',)"
2701,6,"('O.CCOC(C)=O.C1COCCO1',)","('O=C([O-])O.[Na+]',)"
2701,7,"('CCO.Cc1ccccc1.O',)","('O=C([O-])O.[Na+],O=C([O-])[O-].[Na+].[Na+]',)"
2701,8,"('CCO.Cc1ccccc1',)","('[K+].[F-]',)"
2701,9,"('O.C1CCOC1',)","('CC(=O)[O-].[K+]',)"
2701,10,"('Cc1ccccc1.O',)","('CCN(CC)CC',)"
54,1,"('COCCOC',)","('O=C([O-])[O-].[Na+].[Na+]',)"
54,2,"('Cc1ccccc1.O',)","('O=C([O-])[O-].[K+].[K+]',)"
54,3,"('No Solvent',)","('No Base',)"
54,4,"('O.COCCOC',)","('O=P([O-])([O-])[O-].[K+].[K+].[K+]',)"
54,5,"('C1COCCO1',)","('O=C([O-])O.[Na+]',)"
54,6,"('COCCOC.ClCCl',)","('O=C([O-])[O-].[Cs+].[Cs+]',)"
54,7,"('O.CCOC(C)=O.C1COCCO1',)","('O=C([O-])O.[Na+],O=C([O-])[O-].[Na+].[Na+]',)"
54,8,"('O.C1COCCO1',)","('[K+].[F-]',)"
54,9,"('CN(C)C=O',)","('CC(=O)[O-].[K+]',)"
54,10,"('CCO.Cc1ccccc1',)","('[Cs+].[F-]',)"
184,1,"('No Solvent',)","('No Base',)"
184,2,"('O.COCCOC',)","('O=C([O-])[O-].[Na+].[Na+]',)"
184,3,"('O.C1COCCO1',)","('O=P([O-])([O-])[O-].[K+].[K+].[K+]',)"
184,4,"('CN(C)C=O.O',)","('O=C([O-])[O-].[Cs+].[Cs+]',)"
184,5,"('COCCOC',)","('O=C([O-])[O-].[K+].[K+]',)"
184,6,"('O.CCOC(C)=O.C1COCCO1',)","('O=C([O-])O.[Na+]',)"
184,7,"('C1COCCO1',)","('[K+].[F-]',)"
184,8,"('O.C1CCOC1',)","('[OH-].[Na+]',)"
184,9,"('C1CCOC1',)","('[Cs+].[F-]',)"
184,10,"('O.COCCOC.CCOC(C)=O',)","('CCN(CC)CC',)"
775,1,"('O.CC#N',)","('O=C([O-])[O-].[Na+].[Na+]',)"
775,2,"('C1COCCO1',)","('O=C([O-])[O-].[K+].[K+]',)"
775,3,"('C1CCOC1',)","('O=P([O-])([O-])[O-].[K+].[K+].[K+]',)"
775,4,"('O.C1COCCO1',)","('No Base',)"
775,5,"('O.CCOC(C)=O.C1COCCO1',)","('O=C([O-])O.[Na+]',)"
775,6,"('COCCOC',)","('O=C([O-])[O-].[Cs+].[Cs+]',)"
775,7,"('CN(C)C=O.O',)","('[K+].[F-]',)"
775,8,"('CCO.Cc1ccccc1',)","('[Cs+].[F-]',)"
775,9,"('CC#N',)","('O=C([O-])O.[Na+],O=C([O-])[O-].[Na+].[Na+]',)"
775,10,"('O.COCCOC',)","('CCN(CC)CC',)"
1003,1,"('No Solvent',)","('[K+].[F-]',)"
1003,2,"('O.C1COCCO1',)","('O=C([O-])[O-].[K+].[K+]',)"
1003,3,"('CCO.Cc1ccccc1.O',)","('O=C([O-])[O-].[Cs+].[Cs+]',)"
1003,4,"('CN(C)C=O',)","('O=C([O-])[O-].[Na+].[Na+]',)"
1003,5,"('CN(C)C=O.O',)","('O=P([O-])([O-])[O-].[K+].[K+].[K+]',)"
1003,6,"('O.CC#N',)","('No Base',)"
1003,7,"('C1COCCO1',)","('O=C([O-])O.[Na+]',)"
1003,8,"('CCO.Cc1ccccc1',)","('[Cs+].[F-]',)"
1003,9,"('O.COCCOC',)","('[OH-].[Na+]',)"
1003,10,"('COCCOC',)","('O=C([O-])O.[Na+],O=C([O-])[O-].[Na+].[Na+]',)"
5316,1,"('CN(C)C=O.O',)","('O=C([O-])[O-].[Na+].[Na+]',)"
5316,2,"('COCCOC',)","('O=C([O-])[O-].[K+].[K+]',)"
5316,3,"('CN(C)C=O',)","('O=P([O-])([O-])[O-].[K+].[K+].[K+]',)"
5316,4,"('CCO.Cc1ccccc1.O',)","('O=C([O-])[O-].[Cs+].[Cs+]',)"
5316,5,"('O.C1COCCO1.ClCCl',)","('O=C([O-])O.[Na+]',)"
5316,6,"('O.C1COCCO1',)","('No Base',)"
5316,7,"('COCCOC.CCOC(C)=O',)","('O=C([O-])O.[Na+],O=C([O-])[O-].[Na+].[Na+]',)"
5316,8,"('No Solvent',)","('CCN(CC)CC',)"
5316,9,"('O.CC#N',)","('[Cs+].[F-]',)"
5316,10,"('CCOC(C)=O.C1COCCO1',)","('[OH-].[Na+]',)"
2744,1,"('O.CCOC(C)=O.C1COCCO1',)","('O=C([O-])[O-].[Na+].[Na+]',)"
2744,2,"('O.C1COCCO1',)","('O=C([O-])[O-].[K+].[K+]',)"
2744,3,"('O.COCCOC',)","('O=C([O-])[O-].[Cs+].[Cs+]',)"
2744,4,"('CCO.O.COCCOC',)","('O=C([O-])O.[Na+]',)"
2744,5,"('CN(C)C=O',)","('O=P([O-])([O-])[O-].[K+].[K+].[K+]',)"
2744,6,"('C1COCCO1',)","('No Base',)"
2744,7,"('Cc1ccccc1.O',)","('O=C([O-])O.[Na+],O=C([O-])[O-].[Na+].[Na+]',)"
2744,8,"('COCCOC',)","('[Cs+].[F-]',)"
2744,9,"('CCO.Cc1ccccc1.O',)","('[OH-].[Na+]',)"
2744,10,"('O.CC#N',)","('CCN(CC)CC',)"
638,1,"('O.C1COCCO1',)","('O=C([O-])[O-].[K+].[K+]',)"
638,2,"('CN(C)C=O.O',)","('CCN(CC)CC',)"
638,3,"('CN(C)C=O',)","('O=P([O-])([O-])[O-].[K+].[K+].[K+]',)"
638,4,"('O.COCCOC',)","('O=C([O-])O.[Na+]',)"
638,5,"('Cc1ccccc1.O',)","('O=C([O-])[O-].[Na+].[Na+]',)"
638,6,"('CCO',)","('O=C([O-])[O-].[Cs+].[Cs+]',)"
638,7,"('No Solvent',)","('No Base',)"
638,8,"('COCCOC',)","('[Cs+].[F-]',)"
638,9,"('CCO.Cc1ccccc1.O',)","('[K+].[F-]',)"
638,10,"('CC#N',)","('CC(=O)[O-].[K+]',)"
3082,1,"('CN(C)C=O',)","('O=C([O-])[O-].[Na+].[Na+]',)"
3082,2,"('O.CCOC(C)=O.C1COCCO1',)","('No Base',)"
3082,3,"('COCCOC',)","('O=P([O-])([O-])[O-].[K+].[K+].[K+]',)"
3082,4,"('C1COCCO1',)","('[Cs+].[F-]',)"
3082,5,"('ClCCl',)","('O=C([O-])[O-].[K+].[K+]',)"
3082,6,"('O.C1CCOC1',)","('O=C([O-])[O-].[Cs+].[Cs+]',)"
3082,7,"('CCO.O.COCCOC',)","('[K+].[F-]',)"
3082,8,"('No Solvent',)","('[OH-].[Na+]',)"
3082,9,"('O.C1COCCO1',)","('O=C([O-])O.[Na+]',)"
3082,10,"('O.C1COCCO1.ClCCl',)","('O=C([O-])O.[Na+],O=C([O-])[O-].[Na+].[Na+]',)"
4998,1,"('O.C1COCCO1',)","('O=C([O-])[O-].[Na+].[Na+]',)"
4998,2,"('No Solvent',)","('O=P([O-])([O-])[O-].[K+].[K+].[K+]',)"
4998,3,"('O.COCCOC',)","('O=C([O-])[O-].[Cs+].[Cs+]',)"
4998,4,"('O.CC#N',)","('O=C([O-])[O-].[K+].[K+]',)"
4998,5,"('CCO.Cc1ccccc1.O',)","('[K+].[F-]',)"
4998,6,"('O.CCOC(C)=O.C1COCCO1',)","('No Base',)"
4998,7,"('C1COCCO1',)","('O=C([O-])O.[Na+]',)"
4998,8,"('CN(C)C=O.O',)","('[Cs+].[F-]',)"
4998,9,"('C1COCCO1.ClCCl',)","('CC(=O)[O-].[K+]',)"
4998,10,"('Cc1ccccc1',)","('O=C([O-])O.[Na+],O=C([O-])[O-].[Na+].[Na+]',)"
849,1,"('COCCOC.ClCCl',)","('O=C([O-])[O-].[K+].[K+]',)"
849,2,"('C1COCCO1',)","('O=C([O-])[O-].[Na+].[Na+]',)"
849,3,"('COCCOC',)","('O=P([O-])([O-])[O-].[K+].[K+].[K+]',)"
849,4,"('O.COCCOC',)","('No Base',)"
849,5,"('CCO.Cc1ccccc1',)","('O=C([O-])[O-].[Cs+].[Cs+]',)"
849,6,"('CN(C)C=O',)","('O=C([O-])O.[Na+]',)"
849,7,"('O.C1COCCO1',)","('[Cs+].[F-]',)"
849,8,"('No Solvent',)","('[K+].[F-]',)"
849,9,"('Cc1ccccc1',)","('CCN(CC)CC',)"
849,10,"('CCO.O.COCCOC',)","('O=C([O-])O.[Na+],O=C([O-])[O-].[Na+].[Na+]',)"
102,1,"('O.COCCOC',)","('O=C([O-])[O-].[Na+].[Na+]',)"
102,2,"('COCCOC',)","('O=C([O-])O.[Na+]',)"
102,3,"('CN(C)C=O',)","('O=C([O-])[O-].[K+].[K+]',)"
102,4,"('O.C1COCCO1',)","('O=P([O-])([O-])[O-].[K+].[K+].[K+]',)"
102,5,"('CCO.Cc1ccccc1',)","('No Base',)"
102,6,"('CCO.Cc1ccccc1.O',)","('O=C([O-])[O-].[Cs+].[Cs+]',)"
102,7,"('O.CCOC(C)=O.C1COCCO1',)","('[Cs+].[F-]',)"
102,8,"('C1COCCO1',)","('O=C([O-])O.[Na+],O=C([O-])[O-].[Na+].[Na+]',)"
102,9,"('CN(C)C=O.O',)","('[K+].[F-]',)"
102,10,"('No Solvent',)","('CCN(CC)CC',)"
3554,1,"('O.COCCOC',)","('O=C([O-])[O-].[Na+].[Na+]',)"
3554,2,"('O.CC#N',)","('O=P([O-])([O-])[O-].[K+].[K+].[K+]',)"
3554,3,"('CN(C)C=O',)","('O=C([O-])[O-].[K+].[K+]',)"
3554,4,"('C1COCCO1',)","('O=C([O-])O.[Na+]',)"
3554,5,"('O.COCCOC.ClCCl',)","('O=C([O-])[O-].[Cs+].[Cs+]',)"
3554,6,"('CN(C)C=O.O',)","('No Base',)"
3554,7,"('CCO.Cc1ccccc1.O',)","('[K+].[F-]',)"
3554,8,"('COCCOC.CCOC(C)=O',)","('CCN(CC)CC',)"
3554,9,"('O.C1COCCO1',)","('[Cs+].[F-]',)"
3554,10,"('O.CCOC(C)=O.C1COCCO1',)","('[OH-].[Na+]',)"
3045,1,"('O.C1COCCO1',)","('O=C([O-])[O-].[Na+].[Na+]',)"
3045,2,"('O.CCOC(C)=O.C1COCCO1',)","('O=P([O-])([O-])[O-].[K+].[K+].[K+]',)"
3045,3,"('COCCOC',)","('O=C([O-])[O-].[K+].[K+]',)"
3045,4,"('CN(C)C=O.O',)","('O=C([O-])O.[Na+]',)"
3045,5,"('O.COCCOC',)","('No Base',)"
3045,6,"('O.COCCOC.CCOC(C)=O',)","('O=C([O-])[O-].[Cs+].[Cs+]',)"
3045,7,"('O.C1CCOC1',)","('[Cs+].[F-]',)"
3045,8,"('C1COCCO1',)","('[K+].[F-]',)"
3045,9,"('CCO.Cc1ccccc1',)","('[OH-].[Na+]',)"
3045,10,"('CCO.Cc1ccccc1.O',)","('O=C([O-])O.[Na+],O=C([O-])[O-].[Na+].[Na+]',)"
4534,1,"('No Solvent',)","('No Base',)"
4534,2,"('O.C1COCCO1',)","('O=C([O-])[O-].[Cs+].[Cs+]',)"
4534,3,"('COCCOC',)","('O=C([O-])[O-].[Na+].[Na+]',)"
4534,4,"('CCO.Cc1ccccc1.O',)","('O=C([O-])[O-].[K+].[K+]',)"
4534,5,"('O.COCCOC',)","('O=P([O-])([O-])[O-].[K+].[K+].[K+]',)"
4534,6,"('CN(C)C=O.O',)","('[K+].[F-]',)"
4534,7,"('C1COCCO1',)","('O=C([O-])O.[Na+]',)"
4534,8,"('O.C1CCOC1',)","('[Cs+].[F-]',)"
4534,9,"('CCO.O.COCCOC',)","('O=C([O-])O.[Na+],O=C([O-])[O-].[Na+].[Na+]',)"
4534,10,"('O.CCOC(C)=O.C1COCCO1',)","('[OH-].[Na+]',)"
677,1,"('O.COCCOC',)","('O=C([O-])[O-].[K+].[K+]',)"
677,2,"('COCCOC',)","('O=C([O-])[O-].[Na+].[Na+]',)"
677,3,"('O.CC#N',)","('O=C([O-])O.[Na+]',)"
677,4,"('CCO.Cc1ccccc1',)","('O=C([O-])[O-].[Cs+].[Cs+]',)"
677,5,"('CN(C)C=O',)","('O=P([O-])([O-])[O-].[K+].[K+].[K+]',)"
677,6,"('O.CCOC(C)=O.C1COCCO1',)","('O=C([O-])O.[Na+],O=C([O-])[O-].[Na+].[Na+]',)"
677,7,"('Cc1ccccc1',)","('[K+].[F-]',)"
677,8,"('CCO.Cc1ccccc1.O.CCOC(C)=O',)","('No Base',)"
677,9,"('CN(C)C=O.O',)","('[OH-].[Na+]',)"
677,10,"('C1COCCO1',)","('[Cs+].[F-]',)"
951,1,"('CCO.Cc1ccccc1.O',)","('O=C([O-])[O-].[Na+].[Na+]',)"
951,2,"('COCCOC',)","('O=C([O-])[O-].[K+].[K+]',)"
951,3,"('O.COCCOC',)","('O=C([O-])[O-].[Cs+].[Cs+]',)"
951,4,"('CCO.Cc1ccccc1',)","('O=C([O-])O.[Na+]',)"
951,5,"('O.C1COCCO1',)","('No Base',)"
951,6,"('C1COCCO1',)","('O=P([O-])([O-])[O-].[K+].[K+].[K+]',)"
951,7,"('O.COCCOC.CCOC(C)=O',)","('[K+].[F-]',)"
951,8,"('O.C1COCCO1.ClCCl',)","('[Cs+].[F-]',)"
951,9,"('O.CC#N',)","('CCN(CC)CC',)"
951,10,"('O.COCCOC.ClCCl',)","('[OH-].[Na+]',)"
2578,1,"('No Solvent',)","('O=P([O-])([O-])[O-].[K+].[K+].[K+]',)"
2578,2,"('C1COCCO1',)","('O=C([O-])[O-].[Na+].[Na+]',)"
2578,3,"('O.C1COCCO1',)","('O=C([O-])[O-].[K+].[K+]',)"
2578,4,"('O.COCCOC',)","('O=C([O-])[O-].[Cs+].[Cs+]',)"
2578,5,"('CN(C)C=O',)","('No Base',)"
2578,6,"('COCCOC',)","('[K+].[F-]',)"
2578,7,"('O.CC#N',)","('[Cs+].[F-]',)"
2578,8,"('CCOC(C)=O.C1COCCO1',)","('O=C([O-])O.[Na+]',)"
2578,9,"('O.C1COCCO1.ClCCl',)","('O=C([O-])O.[Na+],O=C([O-])[O-].[Na+].[Na+]',)"
2578,10,"('O.CCOC(C)=O.C1COCCO1',)","('CCN(CC)CC',)"
73,1,"('CCO.Cc1ccccc1.O',)","('O=C([O-])[O-].[Na+].[Na+]',)"
73,2,"('O.C1COCCO1',)","('O=C([O-])[O-].[K+].[K+]',)"
73,3,"('CN(C)C=O',)","('O=C([O-])[O-].[Cs+].[Cs+]',)"
73,4,"('COCCOC',)","('O=C([O-])O.[Na+]',)"
73,5,"('No Solvent',)","('No Base',)"
73,6,"('O.COCCOC',)","('O=P([O-])([O-])[O-].[K+].[K+].[K+]',)"
73,7,"('COCCOC.ClCCl',)","('[K+].[F-]',)"
73,8,"('C1COCCO1',)","('O=C([O-])O.[Na+],O=C([O-])[O-].[Na+].[Na+]',)"
73,9,"('O.CC#N',)","('CCN(CC)CC',)"
73,10,"('CCO.Cc1ccccc1',)","('CC(=O)[O-].[K+]',)"
5004,1,"('CN(C)C=O',)","('O=C([O-])[O-].[Na+].[Na+]',)"
5004,2,"('O.C1COCCO1',)","('O=C([O-])[O-].[Cs+].[Cs+]',)"
5004,3,"('ClCCl.CC#N',)","('O=C([O-])[O-].[K+].[K+]',)"
5004,4,"('COCCOC',)","('O=P([O-])([O-])[O-].[K+].[K+].[K+]',)"
5004,5,"('C1COCCO1',)","('No Base',)"
5004,6,"('No Solvent',)","('O=C([O-])O.[Na+]',)"
5004,7,"('CC#N',)","('[Cs+].[F-]',)"
5004,8,"('O.COCCOC',)","('[K+].[F-]',)"
5004,9,"('O.CC#N',)","('O=C([O-])O.[Na+],O=C([O-])[O-].[Na+].[Na+]',)"
5004,10,"('O.C1COCCO1.ClCCl',)","('CCN(CC)CC',)"
2611,1,"('No Solvent',)","('O=C([O-])[O-].[K+].[K+]',)"
2611,2,"('O.C1COCCO1',)","('O=C([O-])[O-].[Na+].[Na+]',)"
2611,3,"('C1COCCO1',)","('O=C([O-])[O-].[Cs+].[Cs+]',)"
2611,4,"('COCCOC',)","('No Base',)"
2611,5,"('O.COCCOC',)","('O=P([O-])([O-])[O-].[K+].[K+].[K+]',)"
2611,6,"('CC#N',)","('O=C([O-])O.[Na+]',)"
2611,7,"('CCO.Cc1ccccc1',)","('[K+].[F-]',)"
2611,8,"('O.CCOC(C)=O.C1COCCO1',)","('[Cs+].[F-]',)"
2611,9,"('CN(C)C=O.O',)","('O=C([O-])O.[Na+],O=C([O-])[O-].[Na+].[Na+]',)"
2611,10,"('CCO.O.COCCOC',)","('CC(=O)[O-].[K+]',)"
2996,1,"('O.C1COCCO1',)","('O=P([O-])([O-])[O-].[K+].[K+].[K+]',)"
2996,2,"('C1COCCO1',)","('O=C([O-])[O-].[Cs+].[Cs+]',)"
2996,3,"('CN(C)C=O',)","('O=C([O-])O.[Na+]',)"
2996,4,"('O.COCCOC',)","('O=C([O-])[O-].[K+].[K+]',)"
2996,5,"('C1CCOC1',)","('O=C([O-])[O-].[Na+].[Na+]',)"
2996,6,"('O.CCOC(C)=O.C1COCCO1',)","('No Base',)"
2996,7,"('O.COCCOC.CCOC(C)=O',)","('O=C([O-])O.[Na+],O=C([O-])[O-].[Na+].[Na+]',)"
2996,8,"('CN(C)C=O.O',)","('[OH-].[Na+]',)"
2996,9,"('Cc1ccccc1.O',)","('CC(=O)[O-].[K+]',)"
2996,10,"('O.C1CCOC1',)","('[Cs+].[F-]',)"
2198,1,"('CN(C)C=O',)","('O=C([O-])[O-].[Cs+].[Cs+]',)"
2198,2,"('O.C1COCCO1',)","('O=C([O-])[O-].[Na+].[Na+]',)"
2198,3,"('COCCOC',)","('O=C([O-])O.[Na+]',)"
2198,4,"('O.COCCOC',)","('O=C([O-])[O-].[K+].[K+]',)"
2198,5,"('C1COCCO1',)","('O=P([O-])([O-])[O-].[K+].[K+].[K+]',)"
2198,6,"('COCCOC.CCOC(C)=O',)","('No Base',)"
2198,7,"('CCO.Cc1ccccc1',)","('[OH-].[Na+]',)"
2198,8,"('CCO.Cc1ccccc1.CCOC(C)=O',)","('[Cs+].[F-]',)"
2198,9,"('COCCOC.ClCCl',)","('O=C([O-])O.[Na+],O=C([O-])[O-].[Na+].[Na+]',)"
2198,10,"('O.C1COCCO1.ClCCl',)","('[K+].[F-]',)"
1612,1,"('COCCOC',)","('O=C([O-])[O-].[K+].[K+]',)"
1612,2,"('O.COCCOC',)","('O=C([O-])[O-].[Na+].[Na+]',)"
1612,3,"('CCO.Cc1ccccc1',)","('O=P([O-])([O-])[O-].[K+].[K+].[K+]',)"
1612,4,"('O.C1COCCO1',)","('No Base',)"
1612,5,"('Cc1ccccc1.O',)","('O=C([O-])O.[Na+]',)"
1612,6,"('O.CCOC(C)=O.COCCOC',)","('O=C([O-])[O-].[Cs+].[Cs+]',)"
1612,7,"('C1COCCO1',)","('O=C([O-])O.[Na+],O=C([O-])[O-].[Na+].[Na+]',)"
1612,8,"('C1CCOC1',)","('[Cs+].[F-]',)"
1612,9,"('O.CC#N',)","('[OH-].[Na+]',)"
1612,10,"('COCCOC.CCOC(C)=O',)","('[K+].[F-]',)"
2958,1,"('O.C1COCCO1',)","('O=C([O-])[O-].[Na+].[Na+]',)"
2958,2,"('COCCOC',)","('O=C([O-])[O-].[K+].[K+]',)"
2958,3,"('COCCOC.CCOC(C)=O',)","('No Base',)"
2958,4,"('O.CC#N',)","('O=C([O-])O.[Na+]',)"
2958,5,"('COCCOC.ClCCl',)","('O=P([O-])([O-])[O-].[K+].[K+].[K+]',)"
2958,6,"('CCO.Cc1ccccc1',)","('[Cs+].[F-]',)"
2958,7,"('CN(C)C=O.O',)","('O=C([O-])O.[Na+],O=C([O-])[O-].[Na+].[Na+]',)"
2958,8,"('O.CCOC(C)=O.COCCOC',)","('O=C([O-])[O-].[Cs+].[Cs+]',)"
2958,9,"('O.COCCOC.ClCCl',)","('[K+].[F-]',)"
2958,10,"('CCO.COCCOC',)","('CCN(CC)CC',)"
1598,1,"('CC#N',)","('O=C([O-])[O-].[Na+].[Na+]',)"
1598,2,"('O.C1COCCO1',)","('O=C([O-])[O-].[K+].[K+]',)"
1598,3,"('COCCOC',)","('O=P([O-])([O-])[O-].[K+].[K+].[K+]',)"
1598,4,"('CCO.Cc1ccccc1.O',)","('O=C([O-])[O-].[Cs+].[Cs+]',)"
1598,5,"('COCCOC.CCOC(C)=O',)","('O=C([O-])O.[Na+]',)"
1598,6,"('Cc1ccccc1.O',)","('No Base',)"
1598,7,"('O.COCCOC',)","('CCN(CC)CC',)"
1598,8,"('C1COCCO1',)","('[K+].[F-]',)"
1598,9,"('O.COCCOC.ClCCl',)","('[Cs+].[F-]',)"
1598,10,"('O.CCOC(C)=O.C1COCCO1',)","('[OH-].[Na+]',)"
3346,1,"('CCO.Cc1ccccc1.O',)","('[K+].[F-]',)"
3346,2,"('No Solvent',)","('O=C([O-])[O-].[Na+].[Na+]',)"
3346,3,"('O.CC#N',)","('O=C([O-])[O-].[Cs+].[Cs+]',)"
3346,4,"('O.C1COCCO1',)","('O=C([O-])[O-].[K+].[K+]',)"
3346,5,"('COCCOC',)","('O=C([O-])O.[Na+]',)"
3346,6,"('CCO.Cc1ccccc1',)","('O=C([O-])O.[Na+],O=C([O-])[O-].[Na+].[Na+]',)"
3346,7,"('COCCOC.ClCCl',)","('No Base',)"
3346,8,"('CN(C)C=O',)","('CCN(CC)CC',)"
3346,9,"('COCCOC.CCOC(C)=O',)","('O=P([O-])([O-])[O-].[K+].[K+].[K+]',)"
3346,10,"('O.CCOC(C)=O.C1COCCO1',)","('[OH-].[Na+]',)"
363,1,"('O.COCCOC',)","('O=C([O-])[O-].[Na+].[Na+]',)"
363,2,"('COCCOC',)","('O=C([O-])[O-].[K+].[K+]',)"
363,3,"('C1COCCO1',)","('O=P([O-])([O-])[O-].[K+].[K+].[K+]',)"
363,4,"('O.CCOC(C)=O.C1COCCO1',)","('O=C([O-])O.[Na+]',)"
363,5,"('CCO.Cc1ccccc1',)","('No Base',)"
363,6,"('O.C1COCCO1',)","('O=C([O-])[O-].[Cs+].[Cs+]',)"
363,7,"('COCCOC.ClCCl',)","('O=C([O-])O.[Na+],O=C([O-])[O-].[Na+].[Na+]',)"
363,8,"('CCO.Cc1ccccc1.O',)","('[OH-].[Na+]',)"
363,9,"('C1CCOC1',)","('[K+].[F-]',)"
363,10,"('O.C1CCOC1',)","('[Cs+].[F-]',)"
4918,1,"('O.C1COCCO1',)","('O=C([O-])[O-].[Cs+].[Cs+]',)"
4918,2,"('O.C1COCCO1.ClCCl',)","('O=C([O-])[O-].[Na+].[Na+]',)"
4918,3,"('O.CCOC(C)=O.C1COCCO1',)","('O=C([O-])[O-].[K+].[K+]',)"
4918,4,"('CCO.Cc1ccccc1.O',)","('O=P([O-])([O-])[O-].[K+].[K+].[K+]',)"
4918,5,"('CN(C)C=O',)","('O=C([O-])O.[Na+]',)"
4918,6,"('C1COCCO1',)","('No Base',)"
4918,7,"('No Solvent',)","('[K+].[F-]',)"
4918,8,"('O.COCCOC',)","('CCN(CC)CC',)"
4918,9,"('CN(C)C=O.O',)","('O=P([O-])([O-])[O-].[Na+].[Na+].[Na+],CC(=O)[O-].[Na+],CC(=O)[O-].[K+],O=P([O-])([O-])[O-].[K+].[K+].[K+]',)"
4918,10,"('COCCOC',)","('[Cs+].[F-]',)"
4641,1,"('CCO.Cc1ccccc1',)","('O=C([O-])[O-].[Na+].[Na+]',)"
4641,2,"('Cc1ccccc1.O',)","('O=P([O-])([O-])[O-].[K+].[K+].[K+]',)"
4641,3,"('O.C1COCCO1',)","('O=C([O-])[O-].[K+].[K+]',)"
4641,4,"('CCO.Cc1ccccc1.O',)","('No Base',)"
4641,5,"('COCCOC.CCOC(C)=O',)","('O=C([O-])O.[Na+]',)"
4641,6,"('O.COCCOC',)","('O=C([O-])[O-].[Cs+].[Cs+]',)"
4641,7,"('O.CC#N',)","('O=C([O-])O.[Na+],O=C([O-])[O-].[Na+].[Na+]',)"
4641,8,"('O.CCOC(C)=O.C1COCCO1',)","('[K+].[F-]',)"
4641,9,"('O.C1CCOC1',)","('[OH-].[Na+]',)"
4641,10,"('No Solvent',)","('CCN(CC)CC',)"
4035,1,"('O.COCCOC',)","('O=C([O-])[O-].[K+].[K+]',)"
4035,2,"('No Solvent',)","('No Base',)"
4035,3,"('CCO.Cc1ccccc1.O',)","('O=C([O-])[O-].[Na+].[Na+]',)"
4035,4,"('CN(C)C=O',)","('O=C([O-])[O-].[Cs+].[Cs+]',)"
4035,5,"('O.C1CCOC1',)","('O=P([O-])([O-])[O-].[K+].[K+].[K+]',)"
4035,6,"('O.C1COCCO1',)","('O=C([O-])O.[Na+]',)"
4035,7,"('COCCOC',)","('O=C([O-])O.[Na+],O=C([O-])[O-].[Na+].[Na+]',)"
4035,8,"('Cc1ccccc1.O',)","('CCN(CC)CC',)"
4035,9,"('C1COCCO1',)","('[K+].[F-]',)"
4035,10,"('C1CCOC1',)","('CC(=O)[O-].[K+]',)"
3490,1,"('O.COCCOC',)","('O=C([O-])[O-].[Na+].[Na+]',)"
3490,2,"('O.C1COCCO1',)","('O=P([O-])([O-])[O-].[K+].[K+].[K+]',)"
3490,3,"('CN(C)C=O',)","('O=C([O-])[O-].[K+].[K+]',)"
3490,4,"('Cc1ccccc1',)","('No Base',)"
3490,5,"('COCCOC',)","('O=C([O-])[O-].[Cs+].[Cs+]',)"
3490,6,"('CCO.Cc1ccccc1.O',)","('O=C([O-])O.[Na+],O=C([O-])[O-].[Na+].[Na+]',)"
3490,7,"('CN(C)C=O.O',)","('[Cs+].[F-]',)"
3490,8,"('O.CCOC(C)=O.C1COCCO1',)","('O=C([O-])O.[Na+]',)"
3490,9,"('No Solvent',)","('CCN(CC)CC',)"
3490,10,"('O.COCCOC.ClCCl',)","('[OH-].[Na+]',)"
3136,1,"('CN(C)C=O.O',)","('O=C([O-])[O-].[K+].[K+]',)"
3136,2,"('CCO.Cc1ccccc1',)","('O=C([O-])[O-].[Na+].[Na+]',)"
3136,3,"('No Solvent',)","('O=P([O-])([O-])[O-].[K+].[K+].[K+]',)"
3136,4,"('COCCOC',)","('O=C([O-])[O-].[Cs+].[Cs+]',)"
3136,5,"('CCO.Cc1ccccc1.O',)","('No Base',)"
3136,6,"('C1COCCO1',)","('O=C([O-])O.[Na+]',)"
3136,7,"('O.C1CCOC1',)","('[K+].[F-]',)"
3136,8,"('O.C1COCCO1',)","('[Cs+].[F-]',)"
3136,9,"('COCCOC.ClCCl',)","('CCN(CC)CC',)"
3136,10,"('CCO.Cc1ccccc1.CCOC(C)=O',)","('CCN(C(C)C)C(C)C',)"
1903,1,"('CCO.O.COCCOC.CCOC(C)=O',)","('O=C([O-])[O-].[Na+].[Na+]',)"
1903,2,"('COCCOC',)","('O=C([O-])[O-].[K+].[K+]',)"
1903,3,"('C1COCCO1',)","('O=C([O-])O.[Na+]',)"
1903,4,"('CCO.Cc1ccccc1.O',)","('O=P([O-])([O-])[O-].[K+].[K+].[K+]',)"
1903,5,"('O.C1COCCO1',)","('O=C([O-])[O-].[Cs+].[Cs+]',)"
1903,6,"('O.COCCOC',)","('No Base',)"
1903,7,"('C1CCOC1',)","('CCN(CC)CC',)"
1903,8,"('CN(C)C=O',)","('[K+].[F-]',)"
1903,9,"('CC#N',)","('O=C([O-])O.[Na+],O=C([O-])[O-].[Na+].[Na+]',)"
1903,10,"('No Solvent',)","('[Cs+].[F-]',)"
546,1,"('C1COCCO1',)","('O=C([O-])[O-].[Na+].[Na+]',)"
546,2,"('COCCOC',)","('O=C([O-])[O-].[K+].[K+]',)"
546,3,"('O.CCOC(C)=O.C1COCCO1',)","('O=C([O-])[O-].[Cs+].[Cs+]',)"
546,4,"('CCO.O.COCCOC',)","('O=P([O-])([O-])[O-].[K+].[K+].[K+]',)"
546,5,"('CN(C)C=O',)","('No Base',)"
546,6,"('Cc1ccccc1',)","('O=C([O-])O.[Na+]',)"
546,7,"('O.C1COCCO1',)","('[K+].[F-]',)"
546,8,"('O.COCCOC',)","('[Cs+].[F-]',)"
546,9,"('CN(C)C=O.O',)","('O=C([O-])O.[Na+],O=C([O-])[O-].[Na+].[Na+]',)"
546,10,"('CCO.Cc1ccccc1',)","('CCN(CC)CC',)"
931,1,"('CCO.Cc1ccccc1',)","('O=C([O-])[O-].[K+].[K+]',)"
931,2,"('O.COCCOC',)","('O=C([O-])[O-].[Na+].[Na+]',)"
931,3,"('C1COCCO1',)","('O=P([O-])([O-])[O-].[K+].[K+].[K+]',)"
931,4,"('O.C1COCCO1',)","('O=C([O-])O.[Na+]',)"
931,5,"('No Solvent',)","('O=C([O-])[O-].[Cs+].[Cs+]',)"
931,6,"('O.CCOC(C)=O.C1COCCO1',)","('No Base',)"
931,7,"('O.COCCOC.ClCCl',)","('O=C([O-])O.[Na+],O=C([O-])[O-].[Na+].[Na+]',)"
931,8,"('CN(C)C=O',)","('[K+].[F-]',)"
931,9,"('CCO.Cc1ccccc1.CCOC(C)=O',)","('[Cs+].[F-]',)"
931,10,"('COCCOC',)","('CCN(CC)CC',)"
4501,1,"('CCO.Cc1ccccc1.O',)","('O=C([O-])[O-].[Na+].[Na+]',)"
4501,2,"('C1COCCO1',)","('O=C([O-])O.[Na+]',)"
4501,3,"('CCO.COCCOC',)","('O=C([O-])[O-].[K+].[K+]',)"
4501,4,"('CCOC(C)=O.C1COCCO1',)","('O=C([O-])[O-].[Cs+].[Cs+]',)"
4501,5,"('CCO.Cc1ccccc1',)","('No Base',)"
4501,6,"('No Solvent',)","('O=P([O-])([O-])[O-].[K+].[K+].[K+]',)"
4501,7,"('CN(C)C=O.O',)","('[Cs+].[F-]',)"
4501,8,"('O.C1COCCO1.ClCCl',)","('[K+].[F-]',)"
4501,9,"('COCCOC',)","('[OH-].[Na+]',)"
4501,10,"('CN(C)C=O',)","('CCN(CC)CC',)"
2520,1,"('COCCOC',)","('O=C([O-])[O-].[Na+].[Na+]',)"
2520,2,"('O.C1COCCO1',)","('O=C([O-])[O-].[K+].[K+]',)"
2520,3,"('O.COCCOC',)","('O=C([O-])[O-].[Cs+].[Cs+]',)"
2520,4,"('CN(C)C=O',)","('O=C([O-])O.[Na+]',)"
2520,5,"('CN(C)C=O.O',)","('O=P([O-])([O-])[O-].[K+].[K+].[K+]',)"
2520,6,"('Cc1ccccc1',)","('No Base',)"
2520,7,"('CCO.Cc1ccccc1.O',)","('CCN(CC)CC',)"
2520,8,"('COCCOC.CCOC(C)=O',)","('O=C([O-])O.[Na+],O=C([O-])[O-].[Na+].[Na+]',)"
2520,9,"('CCO.Cc1ccccc1',)","('[OH-].[Na+]',)"
2520,10,"('CCO.Cc1ccccc1.CCOC(C)=O',)","('CC(=O)[O-].[K+]',)"
5396,1,"('Cc1ccccc1',)","('O=C([O-])[O-].[Na+].[Na+]',)"
5396,2,"('O.COCCOC',)","('O=C([O-])[O-].[K+].[K+]',)"
5396,3,"('COCCOC',)","('O=P([O-])([O-])[O-].[K+].[K+].[K+]',)"
5396,4,"('O.C1COCCO1',)","('No Base',)"
5396,5,"('CCO.O.COCCOC',)","('O=C([O-])[O-].[Cs+].[Cs+]',)"
5396,6,"('C1COCCO1',)","('O=C([O-])O.[Na+]',)"
5396,7,"('CCO.Cc1ccccc1',)","('[Cs+].[F-]',)"
5396,8,"('Cc1ccccc1.O',)","('O=C([O-])O.[Na+],O=C([O-])[O-].[Na+].[Na+]',)"
5396,9,"('O.C1CCOC1',)","('CCN(CC)CC',)"
5396,10,"('CCO.Cc1ccccc1.O',)","('[OH-].[Na+]',)"
1688,1,"('O.C1COCCO1',)","('O=C([O-])[O-].[Na+].[Na+]',)"
1688,2,"('C1COCCO1',)","('O=C([O-])[O-].[K+].[K+]',)"
1688,3,"('O.CCOC(C)=O.C1COCCO1',)","('O=P([O-])([O-])[O-].[K+].[K+].[K+]',)"
1688,4,"('O.COCCOC',)","('O=C([O-])[O-].[Cs+].[Cs+]',)"
1688,5,"('Cc1ccccc1.O',)","('No Base',)"
1688,6,"('O.CC#N',)","('O=C([O-])O.[Na+]',)"
1688,7,"('COCCOC',)","('O=C([O-])O.[Na+],O=C([O-])[O-].[Na+].[Na+]',)"
1688,8,"('CN(C)C=O',)","('CC(=O)[O-].[K+]',)"
1688,9,"('CN(C)C=O.O',)","('[Cs+].[F-]',)"
1688,10,"('O.C1CCOC1',)","('[K+].[F-]',)"
1408,1,"('COCCOC',)","('O=C([O-])[O-].[Na+].[Na+]',)"
1408,2,"('O.C1COCCO1',)","('O=C([O-])[O-].[K+].[K+]',)"
1408,3,"('CN(C)C=O.O',)","('O=C([O-])O.[Na+]',)"
1408,4,"('O.COCCOC',)","('No Base',)"
1408,5,"('Cc1ccccc1.O',)","('O=P([O-])([O-])[O-].[K+].[K+].[K+]',)"
1408,6,"('C1COCCO1',)","('O=C([O-])[O-].[Cs+].[Cs+]',)"
1408,7,"('No Solvent',)","('CCN(CC)CC',)"
1408,8,"('COCCOC.CCOC(C)=O',)","('[Cs+].[F-]',)"
1408,9,"('CC#N',)","('[OH-].[Na+]',)"
1408,10,"('CCO.Cc1ccccc1.O',)","('O=C([O-])O.[Na+],O=C([O-])[O-].[Na+].[Na+]',)"
818,1,"('O.CCOC(C)=O.C1COCCO1',)","('O=C([O-])[O-].[Na+].[Na+]',)"
818,2,"('CN(C)C=O',)","('O=C([O-])[O-].[K+].[K+]',)"
818,3,"('O.C1COCCO1',)","('O=C([O-])[O-].[Cs+].[Cs+]',)"
818,4,"('No Solvent',)","('[K+].[F-]',)"
818,5,"('CCO.Cc1ccccc1.O',)","('No Base',)"
818,6,"('C1COCCO1',)","('O=C([O-])O.[Na+]',)"
818,7,"('COCCOC',)","('O=P([O-])([O-])[O-].[K+].[K+].[K+]',)"
818,8,"('Cc1ccccc1',)","('[Cs+].[F-]',)"
818,9,"('Cc1ccccc1.O',)","('O=C([O-])O.[Na+],O=C([O-])[O-].[Na+].[Na+]',)"
818,10,"('O.COCCOC',)","('CC(=O)[O-].[K+]',)"
1942,1,"('O.C1COCCO1',)","('O=C([O-])[O-].[K+].[K+]',)"
1942,2,"('CCO.Cc1ccccc1.O',)","('O=C([O-])[O-].[Na+].[Na+]',)"
1942,3,"('O.COCCOC',)","('O=C([O-])O.[Na+]',)"
1942,4,"('CCO.Cc1ccccc1',)","('O=P([O-])([O-])[O-].[K+].[K+].[K+]',)"
1942,5,"('O.CCOC(C)=O.C1COCCO1',)","('O=C([O-])[O-].[Cs+].[Cs+]',)"
1942,6,"('C1COCCO1',)","('No Base',)"
1942,7,"('CN(C)C=O.O',)","('O=C([O-])O.[Na+],O=C([O-])[O-].[Na+].[Na+]',)"
1942,8,"('COCCOC',)","('[Cs+].[F-]',)"
1942,9,"('CCO.O.COCCOC',)","('[K+].[F-]',)"
1942,10,"('CN(C)C=O',)","('CC(=O)[O-].[K+]',)"
2504,1,"('O.C1COCCO1',)","('O=C([O-])[O-].[K+].[K+]',)"
2504,2,"('CCO.Cc1ccccc1',)","('O=C([O-])[O-].[Na+].[Na+]',)"
2504,3,"('COCCOC',)","('O=P([O-])([O-])[O-].[K+].[K+].[K+]',)"
2504,4,"('No Solvent',)","('O=C([O-])O.[Na+]',)"
2504,5,"('Cc1ccccc1.O',)","('O=C([O-])[O-].[Cs+].[Cs+]',)"
2504,6,"('CN(C)C=O.O',)","('No Base',)"
2504,7,"('CN(C)C=O',)","('[Cs+].[F-]',)"
2504,8,"('C1COCCO1',)","('[K+].[F-]',)"
2504,9,"('O.COCCOC',)","('O=C([O-])O.[Na+],O=C([O-])[O-].[Na+].[Na+]',)"
2504,10,"('CCO.Cc1ccccc1.O',)","('[OH-].[Na+]',)"
361,1,"('COCCOC',)","('O=C([O-])O.[Na+]',)"
361,2,"('O.COCCOC.CCOC(C)=O',)","('O=C([O-])[O-].[K+].[K+]',)"
361,3,"('CCO.Cc1ccccc1',)","('O=C([O-])[O-].[Cs+].[Cs+]',)"
361,4,"('No Solvent',)","('No Base',)"
361,5,"('O.CCOC(C)=O.C1COCCO1',)","('O=C([O-])[O-].[Na+].[Na+]',)"
361,6,"('CN(C)C=O.O',)","('O=P([O-])([O-])[O-].[K+].[K+].[K+]',)"
361,7,"('Cc1ccccc1.O',)","('[Cs+].[F-]',)"
361,8,"('O.COCCOC',)","('[K+].[F-]',)"
361,9,"('O.C1COCCO1',)","('O=C([O-])O.[Na+],O=C([O-])[O-].[Na+].[Na+]',)"
361,10,"('COCCOC.CCOC(C)=O',)","('CCN(CC)CC',)"
5380,1,"('O.C1COCCO1',)","('O=C([O-])[O-].[Cs+].[Cs+]',)"
5380,2,"('O.CCOC(C)=O.C1COCCO1',)","('O=C([O-])[O-].[Na+].[Na+]',)"
5380,3,"('CCO.Cc1ccccc1.O',)","('O=C([O-])[O-].[K+].[K+]',)"
5380,4,"('O.C1COCCO1.ClCCl',)","('O=P([O-])([O-])[O-].[K+].[K+].[K+]',)"
5380,5,"('COCCOC.CCOC(C)=O',)","('No Base',)"
5380,6,"('CN(C)C=O',)","('O=C([O-])O.[Na+]',)"
5380,7,"('COCCOC',)","('[Cs+].[F-]',)"
5380,8,"('O.COCCOC',)","('CCN(CC)CC',)"
5380,9,"('O.CC#N',)","('O=C([O-])O.[Na+],O=C([O-])[O-].[Na+].[Na+]',)"
5380,10,"('CCO.Cc1ccccc1',)","('[K+].[F-]',)"
1112,1,"('O.C1COCCO1',)","('O=C([O-])[O-].[Cs+].[Cs+]',)"
1112,2,"('O.COCCOC',)","('O=C([O-])[O-].[Na+].[Na+]',)"
1112,3,"('C1COCCO1',)","('O=C([O-])[O-].[K+].[K+]',)"
1112,4,"('CCO.Cc1ccccc1',)","('O=P([O-])([O-])[O-].[K+].[K+].[K+]',)"
1112,5,"('Cc1ccccc1',)","('O=C([O-])O.[Na+]',)"
1112,6,"('No Solvent',)","('No Base',)"
1112,7,"('CCO.O.COCCOC',)","('[Cs+].[F-]',)"
1112,8,"('CN(C)C=O',)","('[K+].[F-]',)"
1112,9,"('COCCOC',)","('O=C([O-])O.[Na+],O=C([O-])[O-].[Na+].[Na+]',)"
1112,10,"('CN(C)C=O.O',)","('O=P([O-])([O-])[O-].[Na+].[Na+].[Na+],CC(=O)[O-].[Na+],CC(=O)[O-].[K+],O=P([O-])([O-])[O-].[K+].[K+].[K+]',)"
4269,1,"('CCO.O.COCCOC',)","('O=C([O-])[O-].[Cs+].[Cs+]',)"
4269,2,"('CCO.COCCOC.ClCCl.CCOC(C)=O.O',)","('O=C([O-])[O-].[Na+].[Na+]',)"
4269,3,"('O.C1COCCO1',)","('O=C([O-])[O-].[K+].[K+]',)"
4269,4,"('C1COCCO1',)","('O=P([O-])([O-])[O-].[K+].[K+].[K+]',)"
4269,5,"('CN(C)C=O.O.CCOC(C)=O',)","('No Base',)"
4269,6,"('CCO.Cc1ccccc1',)","('O=C([O-])O.[Na+],O=C([O-])[O-].[Na+].[Na+]',)"
4269,7,"('O.CCOC(C)=O.C1COCCO1',)","('O=C([O-])O.[Na+],O=C([O-])[O-].[K+].[K+]',)"
4269,8,"('C1CCOC1',)","('[K+].[F-]',)"
4269,9,"('CN(C)C=O.O',)","('CC(=O)[O-].[K+]',)"
4269,10,"('O.C1CCOC1',)","('O=C([O-])O.[Na+]',)"
1107,1,"('C1COCCO1',)","('O=C([O-])[O-].[Na+].[Na+]',)"
1107,2,"('No Solvent',)","('O=P([O-])([O-])[O-].[K+].[K+].[K+]',)"
1107,3,"('CN(C)C=O',)","('O=C([O-])[O-].[K+].[K+]',)"
1107,4,"('O.COCCOC',)","('O=C([O-])O.[Na+]',)"
1107,5,"('Cc1ccccc1',)","('No Base',)"
1107,6,"('COCCOC',)","('O=C([O-])[O-].[Cs+].[Cs+]',)"
1107,7,"('O.CCOC(C)=O.C1COCCO1',)","('O=C([O-])O.[Na+],O=C([O-])[O-].[Na+].[Na+]',)"
1107,8,"('CCOC(C)=O.C1COCCO1',)","('[Cs+].[F-]',)"
1107,9,"('Cc1ccccc1.O',)","('[K+].[F-]',)"
1107,10,"('CCO.COCCOC',)","('CCN(CC)CC',)"
3338,1,"('O.COCCOC',)","('O=C([O-])[O-].[Na+].[Na+]',)"
3338,2,"('O.C1COCCO1',)","('O=C([O-])[O-].[K+].[K+]',)"
3338,3,"('C1COCCO1',)","('O=P([O-])([O-])[O-].[K+].[K+].[K+]',)"
3338,4,"('COCCOC',)","('No Base',)"
3338,5,"('CN(C)C=O',)","('O=C([O-])O.[Na+]',)"
3338,6,"('CCO.Cc1ccccc1.O',)","('O=C([O-])[O-].[Cs+].[Cs+]',)"
3338,7,"('O.CC#N',)","('O=C([O-])O.[Na+],O=C([O-])[O-].[Na+].[Na+]',)"
3338,8,"('O.CCOC(C)=O.C1COCCO1',)","('[Cs+].[F-]',)"
3338,9,"('COCCOC.CCOC(C)=O',)","('[K+].[F-]',)"
3338,10,"('COCCOC.ClCCl',)","('[OH-].[Na+]',)"
1416,1,"('ClCCl',)","('O=C([O-])[O-].[K+].[K+]',)"
1416,2,"('C1COCCO1',)","('O=C([O-])[O-].[Na+].[Na+]',)"
1416,3,"('C1CCOC1',)","('O=C([O-])[O-].[Cs+].[Cs+]',)"
1416,4,"('CCO.O.COCCOC',)","('No Base',)"
1416,5,"('O.C1COCCO1',)","('O=P([O-])([O-])[O-].[K+].[K+].[K+]',)"
1416,6,"('CN(C)C=O.O',)","('[K+].[F-]',)"
1416,7,"('CN(C)C=O',)","('O=C([O-])O.[Na+]',)"
1416,8,"('O.C1CCOC1',)","('CC(=O)[O-].[K+]',)"
1416,9,"('O.COCCOC',)","('[Cs+].[F-]',)"
1416,10,"('No Solvent',)","('CCN(CC)CC',)"
2657,1,"('O.COCCOC',)","('O=C([O-])[O-].[Na+].[Na+]',)"
2657,2,"('COCCOC',)","('O=C([O-])[O-].[K+].[K+]',)"
2657,3,"('O.C1COCCO1',)","('O=P([O-])([O-])[O-].[K+].[K+].[K+]',)"
2657,4,"('Cc1ccccc1.O',)","('O=C([O-])O.[Na+]',)"
2657,5,"('CCO.Cc1ccccc1',)","('No Base',)"
2657,6,"('CN(C)C=O.O',)","('O=C([O-])[O-].[Cs+].[Cs+]',)"
2657,7,"('CCO.Cc1ccccc1.O',)","('O=C([O-])O.[Na+],O=C([O-])[O-].[Na+].[Na+]',)"
2657,8,"('C1CCOC1',)","('[Cs+].[F-]',)"
2657,9,"('O.C1CCOC1',)","('[K+].[F-]',)"
2657,10,"('CN(C)C=O',)","('CCN(CC)CC',)"
904,1,"('No Solvent',)","('O=C([O-])[O-].[Na+].[Na+]',)"
904,2,"('O.C1COCCO1',)","('O=C([O-])[O-].[K+].[K+]',)"
904,3,"('C1COCCO1',)","('O=C([O-])[O-].[Cs+].[Cs+]',)"
904,4,"('COCCOC.CCOC(C)=O',)","('O=P([O-])([O-])[O-].[K+].[K+].[K+]',)"
904,5,"('Cc1ccccc1.O',)","('No Base',)"
904,6,"('COCCOC',)","('[K+].[F-]',)"
904,7,"('CC#N',)","('O=C([O-])O.[Na+]',)"
904,8,"('CCO.Cc1ccccc1.O',)","('[Cs+].[F-]',)"
904,9,"('COCCOC.ClCCl',)","('[OH-].[Na+]',)"
904,10,"('O.CC#N',)","('CC(=O)[O-].[K+]',)"
4405,1,"('O.C1COCCO1',)","('O=C([O-])[O-].[K+].[K+]',)"
4405,2,"('C1COCCO1',)","('O=P([O-])([O-])[O-].[K+].[K+].[K+]',)"
4405,3,"('COCCOC',)","('O=C([O-])[O-].[Cs+].[Cs+]',)"
4405,4,"('CCO',)","('No Base',)"
4405,5,"('CCOC(C)=O.C1COCCO1',)","('O=C([O-])[O-].[Na+].[Na+]',)"
4405,6,"('No Solvent',)","('O=C([O-])O.[Na+]',)"
4405,7,"('O.COCCOC',)","('[Cs+].[F-]',)"
4405,8,"('C1COCCO1.ClCCl',)","('[K+].[F-]',)"
4405,9,"('CN(C)C=O',)","('CC(=O)[O-].[K+]',)"
4405,10,"('CN(C)C=O.O',)","('CCN(CC)CC',)"
1615,1,"('C1COCCO1',)","('O=C([O-])[O-].[Cs+].[Cs+]',)"
1615,2,"('O.COCCOC',)","('O=C([O-])[O-].[Na+].[Na+]',)"
1615,3,"('CN(C)C=O',)","('O=C([O-])[O-].[K+].[K+]',)"
1615,4,"('O.C1CCOC1',)","('O=P([O-])([O-])[O-].[K+].[K+].[K+]',)"
1615,5,"('O.C1COCCO1',)","('No Base',)"
1615,6,"('COCCOC',)","('[Cs+].[F-]',)"
1615,7,"('No Solvent',)","('O=C([O-])O.[Na+]',)"
1615,8,"('O.CCOC(C)=O.C1COCCO1',)","('CC(=O)[O-].[K+]',)"
1615,9,"('C1CCOC1',)","('[K+].[F-]',)"
1615,10,"('C1COCCO1.ClCCl',)","('O=C([O-])O.[Na+],O=C([O-])[O-].[Na+].[Na+]',)"
3041,1,"('O.C1COCCO1',)","('O=C([O-])[O-].[Na+].[Na+]',)"
3041,2,"('C1COCCO1',)","('O=C([O-])[O-].[Cs+].[Cs+]',)"
3041,3,"('No Solvent',)","('O=C([O-])[O-].[K+].[K+]',)"
3041,4,"('O.COCCOC',)","('No Base',)"
3041,5,"('COCCOC',)","('O=P([O-])([O-])[O-].[K+].[K+].[K+]',)"
3041,6,"('C1CCOC1',)","('[K+].[F-]',)"
3041,7,"('C1COCCO1.ClCCl',)","('O=C([O-])O.[Na+],O=C([O-])[O-].[Na+].[Na+]',)"
3041,8,"('CN(C)C=O',)","('O=C([O-])O.[Na+]',)"
3041,9,"('O.CCOC(C)=O.C1COCCO1',)","('[Cs+].[F-]',)"
3041,10,"('O.CC#N',)","('[OH-].[Na+]',)"
4774,1,"('O.COCCOC',)","('O=C([O-])[O-].[Cs+].[Cs+]',)"
4774,2,"('COCCOC',)","('O=C([O-])[O-].[Na+].[Na+]',)"
4774,3,"('O.C1COCCO1',)","('O=P([O-])([O-])[O-].[K+].[K+].[K+]',)"
4774,4,"('O.CC#N',)","('O=C([O-])O.[Na+],O=C([O-])[O-].[Na+].[Na+]',)"
4774,5,"('C1COCCO1',)","('No Base',)"
4774,6,"('O.CCOC(C)=O.C1COCCO1',)","('O=C([O-])[O-].[K+].[K+]',)"
4774,7,"('CN(C)C=O.O',)","('O=C([O-])O.[Na+]',)"
4774,8,"('O.COCCOC.CCOC(C)=O',)","('[Cs+].[F-]',)"
4774,9,"('CC#N',)","('[K+].[F-]',)"
4774,10,"('CN(C)C=O',)","('CC(=O)[O-].[K+]',)"
168,1,"('C1COCCO1',)","('O=C([O-])[O-].[Na+].[Na+]',)"
168,2,"('CN(C)C=O.O',)","('O=P([O-])([O-])[O-].[K+].[K+].[K+]',)"
168,3,"('No Solvent',)","('O=C([O-])[O-].[K+].[K+]',)"
168,4,"('C1CCOC1',)","('O=C([O-])O.[Na+]',)"
168,5,"('O.C1COCCO1',)","('O=C([O-])[O-].[Cs+].[Cs+]',)"
168,6,"('CCO.Cc1ccccc1',)","('[Cs+].[F-]',)"
168,7,"('O.COCCOC',)","('[K+].[F-]',)"
168,8,"('O.COCCOC.CCOC(C)=O',)","('No Base',)"
168,9,"('CCCO.O',)","('CCN(CC)CC',)"
168,10,"('COCCOC',)","('O=C([O-])O.[Na+],O=C([O-])[O-].[Na+].[Na+]',)"
4378,1,"('No Solvent',)","('O=C([O-])[O-].[K+].[K+]',)"
4378,2,"('C1COCCO1',)","('O=C([O-])[O-].[Cs+].[Cs+]',)"
4378,3,"('CN(C)C=O',)","('O=C([O-])[O-].[Na+].[Na+]',)"
4378,4,"('O.COCCOC',)","('No Base',)"
4378,5,"('O.CCOC(C)=O.C1COCCO1',)","('O=P([O-])([O-])[O-].[K+].[K+].[K+]',)"
4378,6,"('CCO.Cc1ccccc1',)","('O=C([O-])O.[Na+]',)"
4378,7,"('CCO.Cc1ccccc1.O',)","('[K+].[F-]',)"
4378,8,"('O.C1CCOC1',)","('[OH-].[Na+]',)"
4378,9,"('COCCOC',)","('O=C([O-])O.[Na+],O=C([O-])[O-].[Na+].[Na+]',)"
4378,10,"('O.C1COCCO1.ClCCl',)","('[Cs+].[F-]',)"
2350,1,"('O.CC#N',)","('O=P([O-])([O-])[O-].[Na+].[Na+].[Na+],CC(=O)[O-].[Na+],CC(=O)[O-].[K+],O=P([O-])([O-])[O-].[K+].[K+].[K+]',)"
2350,2,"('C1COCCO1',)","('O=P([O-])([O-])[O-].[K+].[K+].[K+]',)"
2350,3,"('CN(C)C=O.O',)","('O=C([O-])[O-].[Na+].[Na+]',)"
2350,4,"('CCO.COCCOC',)","('O=C([O-])[O-].[K+].[K+]',)"
2350,5,"('O.C1COCCO1',)","('O=C([O-])[O-].[Cs+].[Cs+]',)"
2350,6,"('CCO.Cc1ccccc1.O',)","('No Base',)"
2350,7,"('No Solvent',)","('O=C([O-])O.[Na+]',)"
2350,8,"('CN(C)C=O',)","('[K+].[F-]',)"
2350,9,"('CCO.O.COCCOC',)","('O=C([O-])O.[Na+],O=C([O-])[O-].[Na+].[Na+]',)"
2350,10,"('CC#N',)","('[Cs+].[F-]',)"
717,1,"('O.COCCOC',)","('O=C([O-])[O-].[Na+].[Na+]',)"
717,2,"('CCO.Cc1ccccc1',)","('O=C([O-])[O-].[K+].[K+]',)"
717,3,"('O.C1COCCO1',)","('O=P([O-])([O-])[O-].[K+].[K+].[K+]',)"
717,4,"('COCCOC',)","('No Base',)"
717,5,"('O.CC#N',)","('O=C([O-])[O-].[Cs+].[Cs+]',)"
717,6,"('Cc1ccccc1',)","('O=C([O-])O.[Na+]',)"
717,7,"('O.CCOC(C)=O.C1COCCO1',)","('O=C([O-])O.[Na+],O=C([O-])[O-].[Na+].[Na+]',)"
717,8,"('C1COCCO1',)","('[Cs+].[F-]',)"
717,9,"('C1CCOC1',)","('[OH-].[Na+]',)"
717,10,"('CN(C)C=O.O',)","('[K+].[F-]',)"
3662,1,"('C1COCCO1',)","('O=C([O-])[O-].[Na+].[Na+]',)"
3662,2,"('CCO.COCCOC',)","('O=P([O-])([O-])[O-].[K+].[K+].[K+]',)"
3662,3,"('CCO.Cc1ccccc1.O',)","('O=C([O-])[O-].[K+].[K+]',)"
3662,4,"('CCO.Cc1ccccc1',)","('No Base',)"
3662,5,"('O.CCOC(C)=O.C1COCCO1',)","('O=C([O-])O.[Na+]',)"
3662,6,"('O.COCCOC.ClCCl',)","('O=C([O-])[O-].[Cs+].[Cs+]',)"
3662,7,"('CN(C)C=O.O',)","('[Cs+].[F-]',)"
3662,8,"('CCOC(C)=O.C1COCCO1',)","('O=C([O-])O.[Na+],O=C([O-])[O-].[Na+].[Na+]',)"
3662,9,"('Cc1ccccc1',)","('CCN(CC)CC',)"
3662,10,"('CC#N',)","('[OH-].[Na+]',)"
1561,1,"('O.C1COCCO1',)","('O=C([O-])[O-].[Na+].[Na+]',)"
1561,2,"('O.COCCOC',)","('O=C([O-])[O-].[K+].[K+]',)"
1561,3,"('COCCOC.CCOC(C)=O',)","('O=C([O-])[O-].[Cs+].[Cs+]',)"
1561,4,"('COCCOC',)","('O=C([O-])O.[Na+]',)"
1561,5,"('CN(C)C=O.O',)","('O=P([O-])([O-])[O-].[K+].[K+].[K+]',)"
1561,6,"('O.CCOC(C)=O.C1COCCO1',)","('No Base',)"
1561,7,"('CN(C)C=O',)","('[Cs+].[F-]',)"
1561,8,"('Cc1ccccc1.O',)","('[K+].[F-]',)"
1561,9,"('CCOC(C)=O',)","('O=C([O-])O.[Na+],O=C([O-])[O-].[Na+].[Na+]',)"
1561,10,"('COCCOC.ClCCl',)","('CCN(CC)CC',)"
4320,1,"('No Solvent',)","('O=P([O-])([O-])[O-].[K+].[K+].[K+]',)"
4320,2,"('CN(C)C=O',)","('[Cs+].[F-]',)"
4320,3,"('COCCOC',)","('O=C([O-])[O-].[Na+].[Na+]',)"
4320,4,"('C1COCCO1',)","('O=C([O-])[O-].[Cs+].[Cs+]',)"
4320,5,"('O.COCCOC',)","('No Base',)"
4320,6,"('O.C1COCCO1',)","('O=C([O-])[O-].[K+].[K+]',)"
4320,7,"('O.CC#N',)","('O=C([O-])O.[Na+]',)"
4320,8,"('CN(C)C=O.O',)","('[K+].[F-]',)"
4320,9,"('O.C1COCCO1.ClCCl',)","('CC(=O)[O-].[K+]',)"
4320,10,"('O.CCOC(C)=O.C1COCCO1',)","('O=C([O-])O.[Na+],O=C([O-])[O-].[Na+].[Na+]',)"
12,1,"('CCO.Cc1ccccc1.O',)","('O=C([O-])[O-].[Na+].[Na+]',)"
12,2,"('COCCOC',)","('O=C([O-])[O-].[K+].[K+]',)"
12,3,"('O.COCCOC.ClCCl',)","('O=P([O-])([O-])[O-].[K+].[K+].[K+]',)"
12,4,"('CCO.Cc1ccccc1',)","('O=C([O-])O.[Na+]',)"
12,5,"('O.C1COCCO1',)","('No Base',)"
12,6,"('O.CC#N',)","('[K+].[F-]',)"
12,7,"('O.COCCOC',)","('O=C([O-])[O-].[Cs+].[Cs+]',)"
12,8,"('C1COCCO1',)","('O=C([O-])O.[Na+],O=C([O-])[O-].[Na+].[Na+]',)"
12,9,"('CN(C)C=O',)","('[Cs+].[F-]',)"
12,10,"('COCCOC.ClCCl',)","('CCN(CC)CC',)"
2910,1,"('O.CC#N',)","('O=C([O-])[O-].[Na+].[Na+]',)"
2910,2,"('O.C1COCCO1',)","('O=C([O-])[O-].[K+].[K+]',)"
2910,3,"('CN(C)C=O.O.ClCCl',)","('O=P([O-])([O-])[O-].[K+].[K+].[K+]',)"
2910,4,"('No Solvent',)","('O=C([O-])[O-].[Cs+].[Cs+]',)"
2910,5,"('O.CCOC(C)=O.C1COCCO1',)","('No Base',)"
2910,6,"('CN(C)C=O.O',)","('O=C([O-])O.[Na+]',)"
2910,7,"('CCO.Cc1ccccc1.O',)","('[K+].[F-]',)"
2910,8,"('O.COCCOC',)","('O=C([O-])O.[Na+],O=C([O-])[O-].[Na+].[Na+]',)"
2910,9,"('Cc1ccccc1',)","('[Cs+].[F-]',)"
2910,10,"('C1COCCO1',)","('[OH-].[Na+]',)"
1085,1,"('No Solvent',)","('[K+].[F-]',)"
1085,2,"('C1COCCO1',)","('O=C([O-])[O-].[K+].[K+]',)"
1085,3,"('O.COCCOC',)","('O=C([O-])[O-].[Na+].[Na+]',)"
1085,4,"('C1CCOC1',)","('O=P([O-])([O-])[O-].[K+].[K+].[K+]',)"
1085,5,"('O.C1COCCO1',)","('O=C([O-])[O-].[Cs+].[Cs+]',)"
1085,6,"('COCCOC',)","('O=C([O-])O.[Na+]',)"
1085,7,"('CN(C)C=O.O',)","('No Base',)"
1085,8,"('CN(C)C=O',)","('[Cs+].[F-]',)"
1085,9,"('O.CC#N',)","('CC(=O)[O-].[K+]',)"
1085,10,"('CCO.Cc1ccccc1',)","('O=C([O-])O.[Na+],O=C([O-])[O-].[Na+].[Na+]',)"
4345,1,"('No Solvent',)","('O=C([O-])[O-].[Na+].[Na+]',)"
4345,2,"('CCO.Cc1ccccc1.O',)","('O=C([O-])[O-].[K+].[K+]',)"
4345,3,"('O.C1COCCO1',)","('O=C([O-])[O-].[Cs+].[Cs+]',)"
4345,4,"('O.COCCOC',)","('O=P([O-])([O-])[O-].[K+].[K+].[K+]',)"
4345,5,"('COCCOC',)","('No Base',)"
4345,6,"('CC#N',)","('O=C([O-])O.[Na+]',)"
4345,7,"('Cc1ccccc1',)","('[K+].[F-]',)"
4345,8,"('CCO.Cc1ccccc1',)","('[Cs+].[F-]',)"
4345,9,"('CN(C)C=O.O',)","('O=C([O-])O.[Na+],O=C([O-])[O-].[Na+].[Na+]',)"
4345,10,"('C1COCCO1',)","('CC(=O)[O-].[K+]',)"
4932,1,"('O.C1COCCO1',)","('O=C([O-])[O-].[Na+].[Na+]',)"
4932,2,"('C1COCCO1',)","('O=C([O-])[O-].[K+].[K+]',)"
4932,3,"('No Solvent',)","('O=C([O-])[O-].[Cs+].[Cs+]',)"
4932,4,"('O.CCOC(C)=O.C1COCCO1',)","('No Base',)"
4932,5,"('O.C1CCOC1',)","('O=P([O-])([O-])[O-].[K+].[K+].[K+]',)"
4932,6,"('O.COCCOC',)","('[Cs+].[F-]',)"
4932,7,"('Cc1ccccc1',)","('O=C([O-])O.[Na+]',)"
4932,8,"('CN(C)C=O',)","('[K+].[F-]',)"
4932,9,"('COCCOC',)","('CC(=O)[O-].[K+]',)"
4932,10,"('Cc1ccccc1.O',)","('[OH-].[Na+]',)"
538,1,"('COCCOC',)","('O=C([O-])[O-].[Na+].[Na+]',)"
538,2,"('C1COCCO1',)","('O=C([O-])[O-].[K+].[K+]',)"
538,3,"('CN(C)C=O.O',)","('O=P([O-])([O-])[O-].[K+].[K+].[K+]',)"
538,4,"('CN(C)C=O',)","('O=C([O-])O.[Na+]',)"
538,5,"('Cc1ccccc1.O',)","('No Base',)"
538,6,"('No Solvent',)","('O=C([O-])[O-].[Cs+].[Cs+]',)"
538,7,"('O.COCCOC',)","('[OH-].[Na+]',)"
538,8,"('CCO.Cc1ccccc1.O',)","('[Cs+].[F-]',)"
538,9,"('O.CCOC(C)=O.C1COCCO1',)","('[K+].[F-]',)"
538,10,"('O.C1COCCO1.ClCCl',)","('O=C([O-])O.[Na+],O=C([O-])[O-].[Na+].[Na+]',)"
5074,1,"('C1COCCO1',)","('O=C([O-])[O-].[Na+].[Na+]',)"
5074,2,"('O.CCOC(C)=O.C1COCCO1',)","('O=C([O-])[O-].[K+].[K+]',)"
5074,3,"('O.C1COCCO1',)","('O=C([O-])[O-].[Cs+].[Cs+]',)"
5074,4,"('O.COCCOC',)","('O=P([O-])([O-])[O-].[K+].[K+].[K+]',)"
5074,5,"('COCCOC',)","('No Base',)"
5074,6,"('No Solvent',)","('O=C([O-])O.[Na+]',)"
5074,7,"('O.COCCOC.CCOC(C)=O',)","('[K+].[F-]',)"
5074,8,"('CN(C)C=O.O',)","('[Cs+].[F-]',)"
5074,9,"('CN(C)C=O.O.CCOC(C)=O',)","('CCN(CC)CC',)"
5074,10,"('COCCOC.CCOC(C)=O',)","('O=C([O-])O.[Na+],O=C([O-])[O-].[Na+].[Na+]',)"
5141,1,"('COCCOC',)","('O=C([O-])[O-].[Na+].[Na+]',)"
5141,2,"('C1COCCO1',)","('O=C([O-])[O-].[K+].[K+]',)"
5141,3,"('O.COCCOC',)","('O=C([O-])[O-].[Cs+].[Cs+]',)"
5141,4,"('O.C1CCOC1',)","('O=C([O-])O.[Na+]',)"
5141,5,"('O.CCOC(C)=O.C1COCCO1',)","('O=P([O-])([O-])[O-].[K+].[K+].[K+]',)"
5141,6,"('CCO.Cc1ccccc1',)","('No Base',)"
5141,7,"('O.C1COCCO1',)","('[K+].[F-]',)"
5141,8,"('CCO.Cc1ccccc1.O',)","('[Cs+].[F-]',)"
5141,9,"('No Solvent',)","('CCN(CC)CC',)"
5141,10,"('COCCOC.CCOC(C)=O',)","('[OH-].[Na+]',)"
1999,1,"('COCCOC',)","('O=C([O-])[O-].[K+].[K+]',)"
1999,2,"('O.C1COCCO1',)","('O=C([O-])[O-].[Na+].[Na+]',)"
1999,3,"('No Solvent',)","('O=C([O-])[O-].[Cs+].[Cs+]',)"
1999,4,"('O.CCOC(C)=O.C1COCCO1',)","('O=C([O-])O.[Na+]',)"
1999,5,"('O.COCCOC',)","('O=P([O-])([O-])[O-].[K+].[K+].[K+]',)"
1999,6,"('CC#N',)","('No Base',)"
1999,7,"('C1COCCO1',)","('O=C([O-])O.[Na+],O=C([O-])[O-].[Na+].[Na+]',)"
1999,8,"('O.COCCOC.CCOC(C)=O',)","('[K+].[F-]',)"
1999,9,"('Cc1ccccc1.O',)","('CC(=O)[O-].[K+]',)"
1999,10,"('CN(C)C=O',)","('[OH-].[Na+]',)"
4048,1,"('O.COCCOC',)","('O=C([O-])[O-].[Na+].[Na+]',)"
4048,2,"('COCCOC',)","('O=C([O-])[O-].[K+].[K+]',)"
4048,3,"('C1COCCO1',)","('O=P([O-])([O-])[O-].[K+].[K+].[K+]',)"
4048,4,"('O.C1COCCO1',)","('O=C([O-])[O-].[Cs+].[Cs+]',)"
4048,5,"('COCCOC.CCOC(C)=O',)","('O=C([O-])O.[Na+]',)"
4048,6,"('CCO.Cc1ccccc1',)","('No Base',)"
4048,7,"('O.CCOC(C)=O.C1COCCO1',)","('O=C([O-])O.[Na+],O=C([O-])[O-].[Na+].[Na+]',)"
4048,8,"('CCO.O.COCCOC',)","('[K+].[F-]',)"
4048,9,"('Cc1ccccc1.O',)","('[OH-].[Na+]',)"
4048,10,"('COCCOC.ClCCl',)","('[Cs+].[F-]',)"
5151,1,"('No Solvent',)","('O=C([O-])[O-].[K+].[K+]',)"
5151,2,"('COCCOC',)","('O=C([O-])[O-].[Na+].[Na+]',)"
5151,3,"('C1COCCO1',)","('No Base',)"
5151,4,"('CCO.Cc1ccccc1.O',)","('O=C([O-])[O-].[Cs+].[Cs+]',)"
5151,5,"('O.COCCOC',)","('O=P([O-])([O-])[O-].[K+].[K+].[K+]',)"
5151,6,"('O.C1COCCO1',)","('O=C([O-])O.[Na+]',)"
5151,7,"('O.C1CCOC1',)","('[K+].[F-]',)"
5151,8,"('CCO.Cc1ccccc1',)","('[Cs+].[F-]',)"
5151,9,"('O.CCOC(C)=O.C1COCCO1',)","('O=C([O-])O.[Na+],O=C([O-])[O-].[Na+].[Na+]',)"
5151,10,"('CN(C)C=O.O',)","('[OH-].[Na+]',)"
583,1,"('No Solvent',)","('O=C([O-])[O-].[Na+].[Na+]',)"
583,2,"('COCCOC',)","('O=C([O-])[O-].[K+].[K+]',)"
583,3,"('O.C1CCOC1',)","('No Base',)"
583,4,"('CN(C)C=O',)","('O=P([O-])([O-])[O-].[K+].[K+].[K+]',)"
583,5,"('CCO.Cc1ccccc1',)","('O=C([O-])[O-].[Cs+].[Cs+]',)"
583,6,"('O.C1COCCO1',)","('O=C([O-])O.[Na+]',)"
583,7,"('CCO.Cc1ccccc1.O',)","('[K+].[F-]',)"
583,8,"('C1CCOC1',)","('O=C([O-])O.[Na+],O=C([O-])[O-].[Na+].[Na+]',)"
583,9,"('O.COCCOC',)","('[Cs+].[F-]',)"
583,10,"('C1COCCO1.ClCCl',)","('CC(=O)[O-].[K+]',)"
3733,1,"('O.CCOC(C)=O.C1COCCO1',)","('O=C([O-])[O-].[K+].[K+]',)"
3733,2,"('COCCOC',)","('O=C([O-])[O-].[Na+].[Na+]',)"
3733,3,"('O.C1COCCO1',)","('O=P([O-])([O-])[O-].[K+].[K+].[K+]',)"
3733,4,"('CN(C)C=O',)","('No Base',)"
3733,5,"('O.C1CCOC1',)","('O=C([O-])[O-].[Cs+].[Cs+]',)"
3733,6,"('O.COCCOC',)","('O=C([O-])O.[Na+]',)"
3733,7,"('No Solvent',)","('[K+].[F-]',)"
3733,8,"('O.CC#N',)","('O=C([O-])O.[Na+],O=C([O-])[O-].[Na+].[Na+]',)"
3733,9,"('CN(C)C=O.O',)","('CCN(CC)CC',)"
3733,10,"('Cc1ccccc1',)","('[Cs+].[F-]',)"
3627,1,"('C1COCCO1',)","('O=C([O-])[O-].[Na+].[Na+]',)"
3627,2,"('O.C1COCCO1',)","('No Base',)"
3627,3,"('CCO.Cc1ccccc1.O',)","('O=C([O-])[O-].[K+].[K+]',)"
3627,4,"('CCO.Cc1ccccc1',)","('O=C([O-])[O-].[Cs+].[Cs+]',)"
3627,5,"('Cc1ccccc1',)","('O=C([O-])O.[Na+]',)"
3627,6,"('CN(C)C=O.O',)","('[Cs+].[F-]',)"
3627,7,"('COCCOC.CCOC(C)=O',)","('O=P([O-])([O-])[O-].[K+].[K+].[K+]',)"
3627,8,"('O.COCCOC',)","('[OH-].[Na+]',)"
3627,9,"('O.CC#N',)","('CCN(CC)CC',)"
3627,10,"('CCO.O.COCCOC',)","('[K+].[F-]',)"
510,1,"('C1COCCO1',)","('O=C([O-])[O-].[Cs+].[Cs+]',)"
510,2,"('O.C1COCCO1',)","('O=C([O-])[O-].[K+].[K+]',)"
510,3,"('CCO.Cc1ccccc1',)","('O=C([O-])[O-].[Na+].[Na+]',)"
510,4,"('CCO.Cc1ccccc1.O',)","('O=C([O-])O.[Na+]',)"
510,5,"('CN(C)C=O',)","('No Base',)"
510,6,"('No Solvent',)","('[Cs+].[F-]',)"
510,7,"('O.C1COCCO1.ClCCl',)","('O=P([O-])([O-])[O-].[K+].[K+].[K+]',)"
510,8,"('O.CCOC(C)=O.C1COCCO1',)","('[K+].[F-]',)"
510,9,"('COCCOC',)","('O=C([O-])O.[Na+],O=C([O-])[O-].[Na+].[Na+]',)"
510,10,"('CN(C)C=O.O',)","('[OH-].[Na+]',)"
2262,1,"('C1COCCO1.ClCCl',)","('O=C([O-])[O-].[Na+].[Na+]',)"
2262,2,"('COCCOC',)","('O=C([O-])O.[Na+]',)"
2262,3,"('O.C1COCCO1',)","('O=P([O-])([O-])[O-].[K+].[K+].[K+]',)"
2262,4,"('O.COCCOC',)","('O=C([O-])[O-].[K+].[K+]',)"
2262,5,"('CCOC(C)=O.C1COCCO1',)","('O=C([O-])[O-].[Cs+].[Cs+]',)"
2262,6,"('C1COCCO1',)","('[Cs+].[F-]',)"
2262,7,"('CN(C)C=O.O',)","('No Base',)"
2262,8,"('CCO.Cc1ccccc1.O',)","('[K+].[F-]',)"
2262,9,"('CCO.O.COCCOC',)","('CCN(CC)CC',)"
2262,10,"('CN(C)C=O',)","('O=C([O-])O.[Na+],O=C([O-])[O-].[Na+].[Na+]',)"
2142,1,"('COCCOC',)","('O=C([O-])[O-].[Na+].[Na+]',)"
2142,2,"('O.COCCOC',)","('O=C([O-])[O-].[K+].[K+]',)"
2142,3,"('O.C1COCCO1',)","('O=P([O-])([O-])[O-].[K+].[K+].[K+]',)"
2142,4,"('CCO.Cc1ccccc1',)","('No Base',)"
2142,5,"('C1COCCO1',)","('O=C([O-])O.[Na+]',)"
2142,6,"('O.CCOC(C)=O.COCCOC',)","('O=C([O-])[O-].[Cs+].[Cs+]',)"
2142,7,"('Cc1ccccc1',)","('O=C([O-])O.[Na+],O=C([O-])[O-].[Na+].[Na+]',)"
2142,8,"('O.CC#N',)","('[Cs+].[F-]',)"
2142,9,"('Cc1ccccc1.O',)","('[K+].[F-]',)"
2142,10,"('CCO.Cc1ccccc1.O',)","('[OH-].[Na+]',)"
3232,1,"('O.C1COCCO1',)","('O=C([O-])[O-].[Na+].[Na+]',)"
3232,2,"('O.C1COCCO1.ClCCl',)","('O=C([O-])[O-].[Cs+].[Cs+]',)"
3232,3,"('COCCOC',)","('O=C([O-])O.[Na+]',)"
3232,4,"('C1COCCO1',)","('O=C([O-])[O-].[K+].[K+]',)"
3232,5,"('O.CCOC(C)=O.C1COCCO1',)","('O=P([O-])([O-])[O-].[K+].[K+].[K+]',)"
3232,6,"('CCO.Cc1ccccc1.O',)","('No Base',)"
3232,7,"('O.COCCOC',)","('O=C([O-])O.[Na+],O=C([O-])[O-].[Na+].[Na+]',)"
3232,8,"('CN(C)C=O.O',)","('[K+].[F-]',)"
3232,9,"('O.C1CCOC1.CC#N',)","('[Cs+].[F-]',)"
3232,10,"('CN(C)C=O',)","('[OH-].[Na+]',)"
2116,1,"('O.CC#N',)","('O=C([O-])[O-].[Na+].[Na+]',)"
2116,2,"('O.C1COCCO1',)","('[K+].[F-]',)"
2116,3,"('CCO.Cc1ccccc1.O',)","('O=C([O-])[O-].[Cs+].[Cs+]',)"
2116,4,"('No Solvent',)","('O=P([O-])([O-])[O-].[K+].[K+].[K+]',)"
2116,5,"('C1COCCO1',)","('O=C([O-])[O-].[K+].[K+]',)"
2116,6,"('CN(C)C=O',)","('O=C([O-])O.[Na+],O=C([O-])[O-].[Na+].[Na+]',)"
2116,7,"('CCO.Cc1ccccc1',)","('[Cs+].[F-]',)"
2116,8,"('CN(C)C=O.O',)","('No Base',)"
2116,9,"('CC#N',)","('O=C([O-])O.[Na+]',)"
2116,10,"('O.COCCOC',)","('[OH-].[Na+]',)"
3288,1,"('COCCOC',)","('O=C([O-])[O-].[K+].[K+]',)"
3288,2,"('O.C1COCCO1',)","('O=C([O-])[O-].[Na+].[Na+]',)"
3288,3,"('COCCOC.CCOC(C)=O',)","('O=P([O-])([O-])[O-].[K+].[K+].[K+]',)"
3288,4,"('No Solvent',)","('No Base',)"
3288,5,"('CN(C)C=O',)","('O=C([O-])O.[Na+]',)"
3288,6,"('CCO.Cc1ccccc1',)","('O=C([O-])[O-].[Cs+].[Cs+]',)"
3288,7,"('O.COCCOC',)","('[Cs+].[F-]',)"
3288,8,"('CN(C)C=O.O',)","('CCN(CC)CC',)"
3288,9,"('O.CCOC(C)=O.C1COCCO1',)","('[K+].[F-]',)"
3288,10,"('Cc1ccccc1',)","('[OH-].[Na+]',)"
3709,1,"('COCCOC',)","('O=C([O-])[O-].[Na+].[Na+]',)"
3709,2,"('O.COCCOC',)","('O=C([O-])[O-].[K+].[K+]',)"
3709,3,"('O.C1COCCO1',)","('O=C([O-])O.[Na+]',)"
3709,4,"('COCCOC.ClCCl',)","('No Base',)"
3709,5,"('No Solvent',)","('O=C([O-])[O-].[Cs+].[Cs+]',)"
3709,6,"('CCO.Cc1ccccc1',)","('O=P([O-])([O-])[O-].[K+].[K+].[K+]',)"
3709,7,"('O.CCOC(C)=O.C1COCCO1',)","('O=C([O-])O.[Na+],O=C([O-])[O-].[Na+].[Na+]',)"
3709,8,"('COCCOC.CCOC(C)=O',)","('[Cs+].[F-]',)"
3709,9,"('CN(C)C=O.O',)","('CCN(CC)CC',)"
3709,10,"('O.COCCOC.CCOC(C)=O',)","('[OH-].[Na+]',)"
406,1,"('O.COCCOC',)","('O=C([O-])[O-].[Na+].[Na+]',)"
406,2,"('CN(C)C=O',)","('O=C([O-])O.[Na+]',)"
406,3,"('CN(C)C=O.O',)","('O=C([O-])[O-].[K+].[K+]',)"
406,4,"('COCCOC',)","('O=P([O-])([O-])[O-].[K+].[K+].[K+]',)"
406,5,"('O.C1COCCO1',)","('O=C([O-])[O-].[Cs+].[Cs+]',)"
406,6,"('COCCOC.CCOC(C)=O',)","('No Base',)"
406,7,"('O.COCCOC.CCOC(C)=O',)","('[K+].[F-]',)"
406,8,"('Cc1ccccc1',)","('[OH-].[Na+]',)"
406,9,"('CCO.Cc1ccccc1.CCOC(C)=O',)","('O=C([O-])O.[Na+],O=C([O-])[O-].[Na+].[Na+]',)"
406,10,"('O.C1COCCO1.ClCCl',)","('CC(=O)[O-].[K+]',)"
2090,1,"('Cc1ccccc1.O.CCOC(C)=O',)","('O=C([O-])[O-].[Na+].[Na+]',)"
2090,2,"('COCCOC',)","('O=C([O-])[O-].[K+].[K+]',)"
2090,3,"('O.COCCOC',)","('O=C([O-])[O-].[Cs+].[Cs+]',)"
2090,4,"('CN(C)C=O.O',)","('O=P([O-])([O-])[O-].[K+].[K+].[K+]',)"
2090,5,"('O.C1COCCO1',)","('No Base',)"
2090,6,"('COCCOC.ClCCl',)","('O=C([O-])O.[Na+]',)"
2090,7,"('O.CCOC(C)=O.C1COCCO1',)","('O=C([O-])O.[Na+],O=C([O-])[O-].[Na+].[Na+]',)"
2090,8,"('No Solvent',)","('[K+].[F-]',)"
2090,9,"('CCO.Cc1ccccc1',)","('CCN(CC)CC',)"
2090,10,"('C1COCCO1',)","('[Cs+].[F-]',)"
1799,1,"('CO.ClCCl',)","('O=C([O-])[O-].[Na+].[Na+]',)"
1799,2,"('O.C1COCCO1',)","('O=P([O-])([O-])[O-].[K+].[K+].[K+]',)"
1799,3,"('O.CC#N',)","('O=C([O-])[O-].[Cs+].[Cs+]',)"
1799,4,"('C1COCCO1',)","('O=C([O-])[O-].[K+].[K+]',)"
1799,5,"('CN(C)C=O',)","('O=C([O-])O.[Na+]',)"
1799,6,"('CN(C)C=O.O',)","('No Base',)"
1799,7,"('O.C1COCCO1.ClCCl',)","('[Cs+].[F-]',)"
1799,8,"('No Solvent',)","('[K+].[F-]',)"
1799,9,"('O.COCCOC.ClCCl',)","('O=C([O-])O.[Na+],O=C([O-])[O-].[Na+].[Na+]',)"
1799,10,"('O.COCCOC',)","('CC(=O)[O-].[K+]',)"
4875,1,"('O.C1COCCO1',)","('O=C([O-])[O-].[Cs+].[Cs+]',)"
4875,2,"('CN(C)C=O',)","('O=C([O-])[O-].[Na+].[Na+]',)"
4875,3,"('COCCOC',)","('O=C([O-])[O-].[K+].[K+]',)"
4875,4,"('CCO.Cc1ccccc1.O',)","('O=P([O-])([O-])[O-].[K+].[K+].[K+]',)"
4875,5,"('O.C1COCCO1.ClCCl',)","('No Base',)"
4875,6,"('O.CCOC(C)=O.C1COCCO1',)","('O=C([O-])O.[Na+]',)"
4875,7,"('O.COCCOC',)","('[K+].[F-]',)"
4875,8,"('CCO.Cc1ccccc1',)","('[Cs+].[F-]',)"
4875,9,"('No Solvent',)","('CCN(CC)CC',)"
4875,10,"('CCOC(C)=O.C1COCCO1',)","('O=C([O-])O.[Na+],O=C([O-])[O-].[Na+].[Na+]',)"
3035,1,"('O.COCCOC',)","('O=C([O-])[O-].[Na+].[Na+]',)"
3035,2,"('COCCOC',)","('O=C([O-])[O-].[Cs+].[Cs+]',)"
3035,3,"('O.C1COCCO1',)","('O=C([O-])[O-].[K+].[K+]',)"
3035,4,"('C1COCCO1',)","('O=P([O-])([O-])[O-].[K+].[K+].[K+]',)"
3035,5,"('No Solvent',)","('O=C([O-])O.[Na+]',)"
3035,6,"('CN(C)C=O',)","('[K+].[F-]',)"
3035,7,"('Cc1ccccc1.O',)","('No Base',)"
3035,8,"('COCCOC.ClCCl',)","('[Cs+].[F-]',)"
3035,9,"('CCOC(C)=O.C1COCCO1',)","('O=C([O-])O.[Na+],O=C([O-])[O-].[Na+].[Na+]',)"
3035,10,"('CCO.O.C1COCCO1',)","('CC(=O)[O-].[K+]',)"
5226,1,"('CCO.Cc1ccccc1',)","('O=C([O-])[O-].[K+].[K+]',)"
5226,2,"('CCO.Cc1ccccc1.O',)","('O=C([O-])O.[Na+]',)"
5226,3,"('O.COCCOC',)","('O=C([O-])[O-].[Na+].[Na+]',)"
5226,4,"('O',)","('O=C([O-])[O-].[Cs+].[Cs+]',)"
5226,5,"('C1CCOC1',)","('No Base',)"
5226,6,"('O.C1COCCO1',)","('O=P([O-])([O-])[O-].[K+].[K+].[K+]',)"
5226,7,"('O.CCOC(C)=O.C1COCCO1',)","('[Cs+].[F-]',)"
5226,8,"('C1COCCO1',)","('O=C([O-])O.[Na+],O=C([O-])[O-].[Na+].[Na+]',)"
5226,9,"('No Solvent',)","('[K+].[F-]',)"
5226,10,"('CO.Cc1ccccc1',)","('CCN(C(C)C)C(C)C',)"
1982,1,"('COCCOC',)","('O=C([O-])[O-].[K+].[K+]',)"
1982,2,"('O.COCCOC',)","('O=C([O-])[O-].[Na+].[Na+]',)"
1982,3,"('No Solvent',)","('O=C([O-])[O-].[Cs+].[Cs+]',)"
1982,4,"('O.C1COCCO1',)","('O=C([O-])O.[Na+]',)"
1982,5,"('O.CCOC(C)=O.C1COCCO1',)","('No Base',)"
1982,6,"('COCCOC.CCOC(C)=O',)","('O=P([O-])([O-])[O-].[K+].[K+].[K+]',)"
1982,7,"('Cc1ccccc1.O',)","('O=C([O-])O.[Na+],O=C([O-])[O-].[Na+].[Na+]',)"
1982,8,"('C1COCCO1',)","('CC(=O)[O-].[K+]',)"
1982,9,"('CN(C)C=O',)","('[K+].[F-]',)"
1982,10,"('CCO.Cc1ccccc1',)","('[OH-].[Na+]',)"
4955,1,"('O.C1COCCO1',)","('O=C([O-])[O-].[Cs+].[Cs+]',)"
4955,2,"('CN(C)C=O',)","('O=C([O-])[O-].[K+].[K+]',)"
4955,3,"('COCCOC',)","('O=C([O-])[O-].[Na+].[Na+]',)"
4955,4,"('ClCCl.O.C1COCCO1.CCOC(C)=O',)","('O=P([O-])([O-])[O-].[K+].[K+].[K+]',)"
4955,5,"('C1COCCO1',)","('No Base',)"
4955,6,"('C1COCCO1.ClCCl',)","('O=C([O-])O.[Na+]',)"
4955,7,"('No Solvent',)","('O=C([O-])O.[Na+],O=C([O-])[O-].[Na+].[Na+]',)"
4955,8,"('O.CCOC(C)=O.C1COCCO1',)","('[Cs+].[F-]',)"
4955,9,"('O.C1COCCO1.ClCCl',)","('[OH-].[Na+]',)"
4955,10,"('CN(C)C=O.O',)","('[K+].[F-]',)"
4874,1,"('O.C1COCCO1',)","('O=C([O-])[O-].[Cs+].[Cs+]',)"
4874,2,"('CN(C)C=O',)","('O=C([O-])[O-].[Na+].[Na+]',)"
4874,3,"('CCO.Cc1ccccc1.O',)","('O=C([O-])[O-].[K+].[K+]',)"
4874,4,"('COCCOC',)","('O=P([O-])([O-])[O-].[K+].[K+].[K+]',)"
4874,5,"('No Solvent',)","('No Base',)"
4874,6,"('O.COCCOC',)","('O=C([O-])O.[Na+]',)"
4874,7,"('CN(C)C=O.O',)","('[K+].[F-]',)"
4874,8,"('CCO.Cc1ccccc1',)","('[Cs+].[F-]',)"
4874,9,"('O.CCOC(C)=O.C1COCCO1',)","('CCN(CC)CC',)"
4874,10,"('O.C1COCCO1.ClCCl',)","('O=C([O-])O.[Na+],O=C([O-])[O-].[Na+].[Na+]',)"
1668,1,"('C1COCCO1',)","('O=C([O-])[O-].[Na+].[Na+]',)"
1668,2,"('O.C1COCCO1',)","('O=C([O-])[O-].[Cs+].[Cs+]',)"
1668,3,"('COCCOC',)","('O=C([O-])[O-].[K+].[K+]',)"
1668,4,"('CN(C)C=O',)","('O=P([O-])([O-])[O-].[K+].[K+].[K+]',)"
1668,5,"('O.COCCOC',)","('No Base',)"
1668,6,"('O.CCOC(C)=O.C1COCCO1',)","('O=C([O-])O.[Na+]',)"
1668,7,"('No Solvent',)","('[Cs+].[F-]',)"
1668,8,"('CN(C)C=O.O',)","('O=C([O-])O.[Na+],O=C([O-])[O-].[Na+].[Na+]',)"
1668,9,"('CCO.Cc1ccccc1.CCOC(C)=O',)","('[K+].[F-]',)"
1668,10,"('CCO.O.COCCOC',)","('[OH-].[Na+]',)"
2109,1,"('COCCOC',)","('O=C([O-])[O-].[Na+].[Na+]',)"
2109,2,"('O.COCCOC',)","('O=P([O-])([O-])[O-].[K+].[K+].[K+]',)"
2109,3,"('CN(C)C=O',)","('O=C([O-])[O-].[K+].[K+]',)"
2109,4,"('CCO.Cc1ccccc1.O',)","('[Cs+].[F-]',)"
2109,5,"('O.C1CCOC1',)","('No Base',)"
2109,6,"('O.CCOC(C)=O.C1COCCO1',)","('O=C([O-])O.[Na+]',)"
2109,7,"('C1COCCO1',)","('[K+].[F-]',)"
2109,8,"('CCO.Cc1ccccc1',)","('[OH-].[Na+]',)"
2109,9,"('CCO.Cc1ccccc1.CCOC(C)=O',)","('O=C([O-])[O-].[Cs+].[Cs+]',)"
2109,10,"('O.COCCOC.ClCCl',)","('O=C([O-])O.[Na+],O=C([O-])[O-].[Na+].[Na+]',)"
557,1,"('O.C1COCCO1',)","('O=C([O-])[O-].[Na+].[Na+]',)"
557,2,"('O.CC#N',)","('O=C([O-])[O-].[K+].[K+]',)"
557,3,"('CCO.Cc1ccccc1',)","('O=P([O-])([O-])[O-].[K+].[K+].[K+]',)"
557,4,"('COCCOC',)","('No Base',)"
557,5,"('Cc1ccccc1',)","('O=C([O-])O.[Na+]',)"
557,6,"('CN(C)C=O',)","('O=C([O-])[O-].[Cs+].[Cs+]',)"
557,7,"('COCCOC.CCOC(C)=O',)","('[Cs+].[F-]',)"
557,8,"('C1COCCO1',)","('CCN(CC)CC',)"
557,9,"('CC#N',)","('[OH-].[Na+]',)"
557,10,"('CCO.Cc1ccccc1.O',)","('O=C([O-])O.[Na+],O=C([O-])[O-].[Na+].[Na+]',)"
3440,1,"('O.C1COCCO1',)","('O=C([O-])[O-].[K+].[K+]',)"
3440,2,"('COCCOC',)","('O=C([O-])[O-].[Na+].[Na+]',)"
3440,3,"('O.COCCOC',)","('O=C([O-])[O-].[Cs+].[Cs+]',)"
3440,4,"('CN(C)C=O',)","('No Base',)"
3440,5,"('O.C1COCCO1.ClCCl',)","('O=C([O-])O.[Na+]',)"
3440,6,"('C1COCCO1',)","('O=P([O-])([O-])[O-].[K+].[K+].[K+]',)"
3440,7,"('CCO.Cc1ccccc1',)","('[Cs+].[F-]',)"
3440,8,"('CCO.Cc1ccccc1.O',)","('CCN(CC)CC',)"
3440,9,"('CN(C)C=O.O',)","('[OH-].[Na+]',)"
3440,10,"('CC#N',)","('[K+].[F-]',)"
3878,1,"('O.COCCOC',)","('O=C([O-])[O-].[Na+].[Na+]',)"
3878,2,"('C1COCCO1',)","('No Base',)"
3878,3,"('COCCOC',)","('O=C([O-])[O-].[K+].[K+]',)"
3878,4,"('Cc1ccccc1',)","('O=P([O-])([O-])[O-].[K+].[K+].[K+]',)"
3878,5,"('CN(C)C=O.O',)","('O=C([O-])[O-].[Cs+].[Cs+]',)"
3878,6,"('O.C1COCCO1',)","('O=C([O-])O.[Na+],O=C([O-])[O-].[Na+].[Na+]',)"
3878,7,"('CN(C)C=O',)","('O=C([O-])O.[Na+]',)"
3878,8,"('CCO.Cc1ccccc1.CCOC(C)=O',)","('[K+].[F-]',)"
3878,9,"('No Solvent',)","('[OH-].[Na+]',)"
3878,10,"('O.CCOC(C)=O.C1COCCO1',)","('CC(=O)[O-].[K+]',)"
3737,1,"('O.C1COCCO1.ClCCl',)","('O=C([O-])[O-].[Na+].[Na+]',)"
3737,2,"('O.C1COCCO1',)","('O=C([O-])[O-].[K+].[K+]',)"
3737,3,"('No Solvent',)","('O=C([O-])[O-].[Cs+].[Cs+]',)"
3737,4,"('CN(C)C=O',)","('O=P([O-])([O-])[O-].[K+].[K+].[K+]',)"
3737,5,"('Cc1ccccc1.O',)","('No Base',)"
3737,6,"('O.COCCOC',)","('O=C([O-])O.[Na+]',)"
3737,7,"('C1COCCO1',)","('[OH-].[Na+]',)"
3737,8,"('CN(C)C=O.O',)","('[Cs+].[F-]',)"
3737,9,"('O.CCOC(C)=O.C1COCCO1',)","('[K+].[F-]',)"
3737,10,"('Cc1ccccc1',)","('O=C([O-])O.[Na+],O=C([O-])[O-].[Na+].[Na+]',)"
2255,1,"('O.C1COCCO1.ClCCl',)","('O=C([O-])O.[Na+]',)"
2255,2,"('O.COCCOC.ClCCl',)","('O=C([O-])[O-].[Na+].[Na+]',)"
2255,3,"('CO.O.C1COCCO1.ClCCl',)","('O=C([O-])[O-].[K+].[K+]',)"
2255,4,"('CN(C)C=O',)","('O=C([O-])[O-].[Cs+].[Cs+]',)"
2255,5,"('COCCOC',)","('No Base',)"
2255,6,"('O.C1COCCO1',)","('[Cs+].[F-]',)"
2255,7,"('O.CCOC(C)=O.C1COCCO1',)","('O=P([O-])([O-])[O-].[K+].[K+].[K+]',)"
2255,8,"('No Solvent',)","('CCN(CC)CC',)"
2255,9,"('C1COCCO1.ClCCl',)","('O=C([O-])O.[Na+],O=C([O-])[O-].[Na+].[Na+]',)"
2255,10,"('C1COCCO1',)","('[K+].[F-]',)"
4559,1,"('O.C1COCCO1',)","('O=C([O-])[O-].[Na+].[Na+]',)"
4559,2,"('COCCOC',)","('O=C([O-])[O-].[K+].[K+]',)"
4559,3,"('O.COCCOC',)","('O=C([O-])[O-].[Cs+].[Cs+]',)"
4559,4,"('CCO.Cc1ccccc1.O',)","('O=C([O-])O.[Na+]',)"
4559,5,"('No Solvent',)","('O=P([O-])([O-])[O-].[K+].[K+].[K+]',)"
4559,6,"('C1COCCO1',)","('No Base',)"
4559,7,"('O.CCOC(C)=O.C1COCCO1',)","('[K+].[F-]',)"
4559,8,"('O.C1CCOC1',)","('[OH-].[Na+]',)"
4559,9,"('O.COCCOC.ClCCl',)","('O=C([O-])O.[Na+],O=C([O-])[O-].[Na+].[Na+]',)"
4559,10,"('C1CCOC1',)","('[Cs+].[F-]',)"
4754,1,"('O.COCCOC',)","('O=C([O-])[O-].[K+].[K+]',)"
4754,2,"('O.C1COCCO1',)","('O=C([O-])[O-].[Na+].[Na+]',)"
4754,3,"('O.C1CCOC1',)","('O=P([O-])([O-])[O-].[K+].[K+].[K+]',)"
4754,4,"('COCCOC',)","('O=C([O-])[O-].[Cs+].[Cs+]',)"
4754,5,"('No Solvent',)","('No Base',)"
4754,6,"('CCO.Cc1ccccc1',)","('O=C([O-])O.[Na+]',)"
4754,7,"('O.CCOC(C)=O.C1COCCO1',)","('[K+].[F-]',)"
4754,8,"('CN(C)C=O.O',)","('[Cs+].[F-]',)"
4754,9,"('CN(C)C=O',)","('O=C([O-])O.[Na+],O=C([O-])[O-].[Na+].[Na+]',)"
4754,10,"('C1COCCO1',)","('[OH-].[Na+]',)"
762,1,"('O.C1COCCO1',)","('O=C([O-])[O-].[K+].[K+]',)"
762,2,"('COCCOC',)","('O=C([O-])[O-].[Cs+].[Cs+]',)"
762,3,"('CN(C)C=O',)","('O=C([O-])[O-].[Na+].[Na+]',)"
762,4,"('CCOC(C)=O.C1COCCO1',)","('O=P([O-])([O-])[O-].[K+].[K+].[K+]',)"
762,5,"('C1COCCO1',)","('No Base',)"
762,6,"('O.C1CCOC1',)","('O=C([O-])O.[Na+],O=C([O-])[O-].[Na+].[Na+]',)"
762,7,"('O.CCOC(C)=O.C1COCCO1',)","('O=C([O-])O.[Na+]',)"
762,8,"('O.CC#N',)","('[Cs+].[F-]',)"
762,9,"('COCCOC.CCOC(C)=O',)","('[OH-].[Na+]',)"
762,10,"('No Solvent',)","('[K+].[F-]',)"
3179,1,"('COCCOC',)","('O=C([O-])[O-].[Na+].[Na+]',)"
3179,2,"('Cc1ccccc1.O',)","('O=C([O-])[O-].[K+].[K+]',)"
3179,3,"('C1COCCO1',)","('No Base',)"
3179,4,"('O.CCOC(C)=O.C1COCCO1',)","('O=C([O-])O.[Na+]',)"
3179,5,"('O.COCCOC',)","('O=P([O-])([O-])[O-].[K+].[K+].[K+]',)"
3179,6,"('COCCOC.ClCCl',)","('O=C([O-])[O-].[Cs+].[Cs+]',)"
3179,7,"('No Solvent',)","('O=C([O-])O.[Na+],O=C([O-])[O-].[Na+].[Na+]',)"
3179,8,"('O.C1COCCO1',)","('CC(=O)[O-].[K+]',)"
3179,9,"('CN(C)C=O',)","('[K+].[F-]',)"
3179,10,"('CCO.Cc1ccccc1',)","('[OH-].[Na+]',)"
188,1,"('No Solvent',)","('No Base',)"
188,2,"('O.COCCOC',)","('O=C([O-])[O-].[Na+].[Na+]',)"
188,3,"('CN(C)C=O.O',)","('O=C([O-])[O-].[K+].[K+]',)"
188,4,"('O.C1COCCO1',)","('O=P([O-])([O-])[O-].[K+].[K+].[K+]',)"
188,5,"('O.CCOC(C)=O.C1COCCO1',)","('O=C([O-])[O-].[Cs+].[Cs+]',)"
188,6,"('COCCOC',)","('O=C([O-])O.[Na+]',)"
188,7,"('C1COCCO1',)","('[K+].[F-]',)"
188,8,"('CCO.Cc1ccccc1.O',)","('[Cs+].[F-]',)"
188,9,"('CCO.Cc1ccccc1',)","('[OH-].[Na+]',)"
188,10,"('C1CCOC1',)","('O=C([O-])O.[Na+],O=C([O-])[O-].[Na+].[Na+]',)"
1364,1,"('No Solvent',)","('O=C([O-])[O-].[Na+].[Na+]',)"
1364,2,"('O.C1COCCO1',)","('No Base',)"
1364,3,"('Cc1ccccc1',)","('O=C([O-])[O-].[K+].[K+]',)"
1364,4,"('O.COCCOC',)","('O=C([O-])[O-].[Cs+].[Cs+]',)"
1364,5,"('COCCOC',)","('O=P([O-])([O-])[O-].[K+].[K+].[K+]',)"
1364,6,"('O.CC#N',)","('[K+].[F-]',)"
1364,7,"('O.CCOC(C)=O.C1COCCO1',)","('O=C([O-])O.[Na+]',)"
1364,8,"('COCCOC.ClCCl',)","('[Cs+].[F-]',)"
1364,9,"('CCO.Cc1ccccc1.O',)","('O=C([O-])O.[Na+],O=C([O-])[O-].[Na+].[Na+]',)"
1364,10,"('CN(C)C=O.O',)","('[OH-].[Na+]',)"
5201,1,"('O.C1COCCO1',)","('O=C([O-])[O-].[K+].[K+]',)"
5201,2,"('No Solvent',)","('O=C([O-])[O-].[Cs+].[Cs+]',)"
5201,3,"('COCCOC',)","('O=C([O-])[O-].[Na+].[Na+]',)"
5201,4,"('CCO.O.COCCOC',)","('O=C([O-])O.[Na+]',)"
5201,5,"('O.COCCOC',)","('O=P([O-])([O-])[O-].[K+].[K+].[K+]',)"
5201,6,"('CCO.Cc1ccccc1.CCOC(C)=O',)","('No Base',)"
5201,7,"('CCO.Cc1ccccc1',)","('[OH-].[Na+]',)"
5201,8,"('C1COCCO1',)","('[K+].[F-]',)"
5201,9,"('CN(C)C=O',)","('O=C([O-])O.[Na+],O=C([O-])[O-].[Na+].[Na+]',)"
5201,10,"('CCO.Cc1ccccc1.O',)","('[Cs+].[F-]',)"
260,1,"('C1CCOC1.CCOC(C)=O',)","('[OH-].[Na+]',)"
260,2,"('C1COCCO1',)","('O=C([O-])[O-].[K+].[K+]',)"
260,3,"('O.C1COCCO1',)","('O=C([O-])[O-].[Na+].[Na+]',)"
260,4,"('CN(C)C=O.O',)","('O=C([O-])[O-].[Cs+].[Cs+]',)"
260,5,"('COCCOC',)","('O=P([O-])([O-])[O-].[K+].[K+].[K+]',)"
260,6,"('O.CC#N',)","('No Base',)"
260,7,"('CCO.Cc1ccccc1.O',)","('O=C([O-])O.[Na+]',)"
260,8,"('CN(C)C=O',)","('O=C([O-])O.[Na+],O=C([O-])[O-].[Na+].[Na+]',)"
260,9,"('O.CCOC(C)=O.COCCOC',)","('[Cs+].[F-]',)"
260,10,"('O.COCCOC',)","('CCN(CC)CC',)"
4397,1,"('O.C1COCCO1',)","('O=C([O-])[O-].[K+].[K+]',)"
4397,2,"('CCO.Cc1ccccc1',)","('O=C([O-])[O-].[Cs+].[Cs+]',)"
4397,3,"('COCCOC',)","('O=C([O-])[O-].[Na+].[Na+]',)"
4397,4,"('O.COCCOC',)","('O=C([O-])O.[Na+]',)"
4397,5,"('COCCOC.CCOC(C)=O',)","('No Base',)"
4397,6,"('Cc1ccccc1',)","('O=P([O-])([O-])[O-].[K+].[K+].[K+]',)"
4397,7,"('O.CCOC(C)=O.C1COCCO1',)","('O=C([O-])O.[Na+],O=C([O-])[O-].[Na+].[Na+]',)"
4397,8,"('No Solvent',)","('[Cs+].[F-]',)"
4397,9,"('CN(C)C=O',)","('[K+].[F-]',)"
4397,10,"('C1COCCO1',)","('[OH-].[Na+]',)"
5409,1,"('O.C1COCCO1',)","('O=C([O-])[O-].[K+].[K+]',)"
5409,2,"('O.COCCOC',)","('O=C([O-])[O-].[Na+].[Na+]',)"
5409,3,"('O.CCOC(C)=O.C1COCCO1',)","('O=P([O-])([O-])[O-].[K+].[K+].[K+]',)"
5409,4,"('COCCOC',)","('No Base',)"
5409,5,"('C1COCCO1',)","('O=C([O-])[O-].[Cs+].[Cs+]',)"
5409,6,"('CCO.Cc1ccccc1',)","('O=C([O-])O.[Na+]',)"
5409,7,"('Cc1ccccc1.O',)","('[Cs+].[F-]',)"
5409,8,"('Cc1ccccc1',)","('O=C([O-])O.[Na+],O=C([O-])[O-].[Na+].[Na+]',)"
5409,9,"('CN(C)C=O',)","('[OH-].[Na+]',)"
5409,10,"('CCO.Cc1ccccc1.CCOC(C)=O',)","('CC(=O)[O-].[K+]',)"
2278,1,"('O.C1COCCO1',)","('O=C([O-])[O-].[Na+].[Na+]',)"
2278,2,"('No Solvent',)","('O=C([O-])[O-].[Cs+].[Cs+]',)"
2278,3,"('C1CCOC1',)","('O=C([O-])[O-].[K+].[K+]',)"
2278,4,"('COCCOC',)","('O=P([O-])([O-])[O-].[K+].[K+].[K+]',)"
2278,5,"('CN(C)C=O',)","('No Base',)"
2278,6,"('O.CC#N',)","('O=C([O-])O.[Na+]',)"
2278,7,"('C1COCCO1',)","('[K+].[F-]',)"
2278,8,"('O.COCCOC',)","('[Cs+].[F-]',)"
2278,9,"('O.C1CCOC1',)","('CCN(CC)CC',)"
2278,10,"('CN(C)C=O.O',)","('O=P([O-])([O-])[O-].[Na+].[Na+].[Na+],CC(=O)[O-].[Na+],CC(=O)[O-].[K+],O=P([O-])([O-])[O-].[K+].[K+].[K+]',)"
392,1,"('CCO.Cc1ccccc1.O',)","('O=C([O-])[O-].[Na+].[Na+]',)"
392,2,"('C1COCCO1',)","('No Base',)"
392,3,"('O.C1CCOC1',)","('O=C([O-])[O-].[K+].[K+]',)"
392,4,"('COCCOC',)","('O=C([O-])[O-].[Cs+].[Cs+]',)"
392,5,"('No Solvent',)","('O=P([O-])([O-])[O-].[K+].[K+].[K+]',)"
392,6,"('O.CC#N',)","('O=C([O-])O.[Na+]',)"
392,7,"('O.C1COCCO1',)","('O=C([O-])O.[Na+],O=C([O-])[O-].[Na+].[Na+]',)"
392,8,"('CN(C)C=O.O',)","('[Cs+].[F-]',)"
392,9,"('CN(C)C=O',)","('[OH-].[Na+]',)"
392,10,"('CCO.Cc1ccccc1',)","('[K+].[F-]',)"
1120,1,"('C1COCCO1',)","('O=C([O-])[O-].[Na+].[Na+]',)"
1120,2,"('O.COCCOC',)","('O=P([O-])([O-])[O-].[K+].[K+].[K+]',)"
1120,3,"('No Solvent',)","('O=C([O-])O.[Na+]',)"
1120,4,"('CCO.Cc1ccccc1.O',)","('No Base',)"
1120,5,"('O.CCOC(C)=O.C1COCCO1',)","('O=C([O-])[O-].[K+].[K+]',)"
1120,6,"('CN(C)C=O',)","('O=C([O-])[O-].[Cs+].[Cs+]',)"
1120,7,"('CCOC(C)=O.C1COCCO1',)","('[Cs+].[F-]',)"
1120,8,"('COCCOC',)","('O=C([O-])O.[Na+],O=C([O-])[O-].[Na+].[Na+]',)"
1120,9,"('CN(C)C=O.O',)","('[OH-].[Na+]',)"
1120,10,"('C1CCOC1',)","('[K+].[F-]',)"
3472,1,"('CCO.Cc1ccccc1',)","('O=C([O-])[O-].[Na+].[Na+]',)"
3472,2,"('C1COCCO1',)","('O=C([O-])[O-].[K+].[K+]',)"
3472,3,"('CCO.Cc1ccccc1.O',)","('O=P([O-])([O-])[O-].[K+].[K+].[K+]',)"
3472,4,"('O.CCOC(C)=O.C1COCCO1',)","('O=C([O-])[O-].[Cs+].[Cs+]',)"
3472,5,"('O.C1COCCO1',)","('No Base',)"
3472,6,"('No Solvent',)","('[Cs+].[F-]',)"
3472,7,"('C1CCOC1',)","('[K+].[F-]',)"
3472,8,"('O.CC#N',)","('O=C([O-])O.[Na+]',)"
3472,9,"('CCO.COCCOC',)","('O=C([O-])O.[Na+],O=C([O-])[O-].[Na+].[Na+]',)"
3472,10,"('COCCOC',)","('[OH-].[Na+]',)"
3396,1,"('O.CCOC(C)=O.C1COCCO1',)","('O=C([O-])[O-].[Na+].[Na+]',)"
3396,2,"('O.C1COCCO1',)","('O=C([O-])[O-].[K+].[K+]',)"
3396,3,"('CN(C)C=O',)","('O=P([O-])([O-])[O-].[K+].[K+].[K+]',)"
3396,4,"('O.CC#N',)","('O=C([O-])O.[Na+]',)"
3396,5,"('COCCOC',)","('No Base',)"
3396,6,"('C1COCCO1',)","('O=C([O-])[O-].[Cs+].[Cs+]',)"
3396,7,"('CCO.Cc1ccccc1.O',)","('O=C([O-])O.[Na+],O=C([O-])[O-].[Na+].[Na+]',)"
3396,8,"('O.COCCOC',)","('CC(=O)[O-].[K+]',)"
3396,9,"('CCO.Cc1ccccc1.CCOC(C)=O',)","('[OH-].[Na+]',)"
3396,10,"('CN(C)C=O.O',)","('[Cs+].[F-]',)"
4822,1,"('O.COCCOC',)","('O=C([O-])[O-].[K+].[K+]',)"
4822,2,"('O.C1COCCO1',)","('O=C([O-])[O-].[Na+].[Na+]',)"
4822,3,"('CCO.Cc1ccccc1',)","('O=C([O-])[O-].[Cs+].[Cs+]',)"
4822,4,"('COCCOC',)","('O=C([O-])O.[Na+],O=C([O-])[O-].[Na+].[Na+]',)"
4822,5,"('CN(C)C=O',)","('O=P([O-])([O-])[O-].[K+].[K+].[K+]',)"
4822,6,"('COCCOC.ClCCl',)","('No Base',)"
4822,7,"('O.CC#N',)","('[K+].[F-]',)"
4822,8,"('No Solvent',)","('O=C([O-])O.[Na+]',)"
4822,9,"('O.C1CCOC1',)","('[Cs+].[F-]',)"
4822,10,"('C1CCOC1',)","('CCN(CC)CC',)"
5130,1,"('C1COCCO1',)","('O=C([O-])[O-].[Na+].[Na+]',)"
5130,2,"('COCCOC',)","('O=C([O-])[O-].[K+].[K+]',)"
5130,3,"('No Solvent',)","('O=C([O-])[O-].[Cs+].[Cs+]',)"
5130,4,"('O.C1COCCO1',)","('O=P([O-])([O-])[O-].[K+].[K+].[K+]',)"
5130,5,"('O.CC#N',)","('No Base',)"
5130,6,"('O.COCCOC',)","('[Cs+].[F-]',)"
5130,7,"('C1CCOC1',)","('O=C([O-])O.[Na+],O=C([O-])[O-].[Na+].[Na+]',)"
5130,8,"('O.C1COCCO1.ClCCl',)","('O=C([O-])O.[Na+]',)"
5130,9,"('COCCOC.ClCCl',)","('[K+].[F-]',)"
5130,10,"('O.C1CCOC1',)","('CCN(CC)CC',)"
3507,1,"('CCO.COCCOC',)","('O=C([O-])[O-].[Na+].[Na+]',)"
3507,2,"('O.COCCOC',)","('No Base',)"
3507,3,"('O.C1COCCO1',)","('O=C([O-])[O-].[K+].[K+]',)"
3507,4,"('Cc1ccccc1.O',)","('O=C([O-])[O-].[Cs+].[Cs+]',)"
3507,5,"('C1COCCO1',)","('[Cs+].[F-]',)"
3507,6,"('COCCOC',)","('O=P([O-])([O-])[O-].[K+].[K+].[K+]',)"
3507,7,"('CCO.Cc1ccccc1.O',)","('O=C([O-])O.[Na+]',)"
3507,8,"('CCO.Cc1ccccc1',)","('[K+].[F-]',)"
3507,9,"('COCCOC.ClCCl',)","('[OH-].[Na+]',)"
3507,10,"('CN(C)C=O',)","('O=C([O-])O.[Na+],O=C([O-])[O-].[Na+].[Na+]',)"
5423,1,"('C1COCCO1',)","('O=C([O-])[O-].[Na+].[Na+]',)"
5423,2,"('COCCOC.CCOC(C)=O',)","('O=C([O-])[O-].[K+].[K+]',)"
5423,3,"('COCCOC',)","('O=C([O-])[O-].[Cs+].[Cs+]',)"
5423,4,"('O.COCCOC',)","('O=C([O-])O.[Na+]',)"
5423,5,"('CCO.Cc1ccccc1.O',)","('No Base',)"
5423,6,"('O.C1COCCO1',)","('O=P([O-])([O-])[O-].[K+].[K+].[K+]',)"
5423,7,"('CN(C)C=O.O',)","('[Cs+].[F-]',)"
5423,8,"('O.CCOC(C)=O.C1COCCO1',)","('CCN(CC)CC',)"
5423,9,"('CN(C)C=O',)","('[K+].[F-]',)"
5423,10,"('COCCOC.ClCCl',)","('[OH-].[Na+]',)"
286,1,"('O.C1COCCO1',)","('O=C([O-])[O-].[Na+].[Na+]',)"
286,2,"('C1COCCO1',)","('O=P([O-])([O-])[O-].[K+].[K+].[K+]',)"
286,3,"('O.COCCOC',)","('O=C([O-])[O-].[K+].[K+]',)"
286,4,"('CN(C)C=O.O',)","('No Base',)"
286,5,"('O.CC#N',)","('O=C([O-])[O-].[Cs+].[Cs+]',)"
286,6,"('CN(C)C=O',)","('O=C([O-])O.[Na+]',)"
286,7,"('Cc1ccccc1',)","('[Cs+].[F-]',)"
286,8,"('O.C1CCOC1',)","('O=C([O-])O.[Na+],O=C([O-])[O-].[Na+].[Na+]',)"
286,9,"('No Solvent',)","('[K+].[F-]',)"
286,10,"('COCCOC',)","('CCN(CC)CC',)"
421,1,"('C1COCCO1',)","('O=C([O-])[O-].[Na+].[Na+]',)"
421,2,"('O.C1COCCO1',)","('O=C([O-])[O-].[Cs+].[Cs+]',)"
421,3,"('O.COCCOC',)","('O=C([O-])[O-].[K+].[K+]',)"
421,4,"('CN(C)C=O',)","('O=P([O-])([O-])[O-].[K+].[K+].[K+]',)"
421,5,"('COCCOC',)","('No Base',)"
421,6,"('CCO.O.COCCOC',)","('O=C([O-])O.[Na+]',)"
421,7,"('C1CCOC1',)","('[Cs+].[F-]',)"
421,8,"('COCCOC.ClCCl',)","('O=C([O-])O.[Na+],O=C([O-])[O-].[Na+].[Na+]',)"
421,9,"('CCO.Cc1ccccc1',)","('[K+].[F-]',)"
421,10,"('O.CCOC(C)=O.C1COCCO1',)","('CCN(CC)CC',)"
4654,1,"('CCO',)","('O=C([O-])[O-].[Na+].[Na+]',)"
4654,2,"('O.COCCOC',)","('O=C([O-])[O-].[K+].[K+]',)"
4654,3,"('Cc1ccccc1',)","('O=P([O-])([O-])[O-].[K+].[K+].[K+]',)"
4654,4,"('O.C1COCCO1.ClCCl',)","('CCN(CC)CC',)"
4654,5,"('O.CC#N',)","('O=C([O-])[O-].[Cs+].[Cs+]',)"
4654,6,"('O.C1COCCO1',)","('O=C([O-])O.[Na+]',)"
4654,7,"('O.C1CCOC1',)","('No Base',)"
4654,8,"('O.COCCOC.CCOC(C)=O',)","('O=C([O-])O.[Na+],O=C([O-])[O-].[Na+].[Na+]',)"
4654,9,"('CN(C)C=O',)","('[Cs+].[F-]',)"
4654,10,"('CN(C)C=O.O',)","('[K+].[F-]',)"
4484,1,"('O.COCCOC',)","('O=C([O-])[O-].[Na+].[Na+]',)"
4484,2,"('COCCOC',)","('O=C([O-])[O-].[K+].[K+]',)"
4484,3,"('CCO.Cc1ccccc1',)","('O=P([O-])([O-])[O-].[K+].[K+].[K+]',)"
4484,4,"('O.CC#N',)","('No Base',)"
4484,5,"('Cc1ccccc1',)","('O=C([O-])O.[Na+]',)"
4484,6,"('C1CCOC1',)","('O=C([O-])O.[Na+],O=C([O-])[O-].[Na+].[Na+]',)"
4484,7,"('CN(C)C=O',)","('O=C([O-])[O-].[Cs+].[Cs+]',)"
4484,8,"('O.C1COCCO1',)","('[Cs+].[F-]',)"
4484,9,"('Cc1ccccc1.O',)","('[K+].[F-]',)"
4484,10,"('C1COCCO1',)","('[OH-].[Na+]',)"
4466,1,"('COCCOC',)","('O=C([O-])[O-].[Na+].[Na+]',)"
4466,2,"('O.COCCOC',)","('O=C([O-])[O-].[K+].[K+]',)"
4466,3,"('COCCOC.ClCCl',)","('O=C([O-])O.[Na+]',)"
4466,4,"('CCO.Cc1ccccc1.O',)","('O=C([O-])[O-].[Cs+].[Cs+]',)"
4466,5,"('CN(C)C=O',)","('[K+].[F-]',)"
4466,6,"('O.C1COCCO1',)","('O=P([O-])([O-])[O-].[K+].[K+].[K+]',)"
4466,7,"('CCO.Cc1ccccc1.CCOC(C)=O',)","('No Base',)"
4466,8,"('O.C1CCOC1',)","('O=C([O-])O.[Na+],O=C([O-])[O-].[Na+].[Na+]',)"
4466,9,"('C1COCCO1',)","('CCN(CC)CC',)"
4466,10,"('CCO.Cc1ccccc1',)","('CC(=O)[O-].[K+]',)"
1494,1,"('No Solvent',)","('O=C([O-])[O-].[K+].[K+]',)"
1494,2,"('O.C1COCCO1',)","('O=C([O-])[O-].[Cs+].[Cs+]',)"
1494,3,"('C1COCCO1',)","('O=C([O-])[O-].[Na+].[Na+]',)"
1494,4,"('O.CCOC(C)=O.C1COCCO1',)","('O=P([O-])([O-])[O-].[K+].[K+].[K+]',)"
1494,5,"('O.COCCOC',)","('No Base',)"
1494,6,"('CN(C)C=O',)","('[Cs+].[F-]',)"
1494,7,"('CCO.Cc1ccccc1.O',)","('[K+].[F-]',)"
1494,8,"('COCCOC',)","('O=C([O-])O.[Na+]',)"
1494,9,"('O.C1COCCO1.ClCCl',)","('O=C([O-])O.[Na+],O=C([O-])[O-].[Na+].[Na+]',)"
1494,10,"('C1CCOC1',)","('CC(=O)[O-].[K+]',)"
3910,1,"('CN(C)C=O',)","('O=C([O-])[O-].[K+].[K+]',)"
3910,2,"('O.COCCOC',)","('O=C([O-])[O-].[Na+].[Na+]',)"
3910,3,"('O.C1COCCO1',)","('No Base',)"
3910,4,"('COCCOC',)","('O=P([O-])([O-])[O-].[K+].[K+].[K+]',)"
3910,5,"('No Solvent',)","('O=C([O-])O.[Na+]',)"
3910,6,"('CN(C)C=O.O',)","('O=C([O-])[O-].[Cs+].[Cs+]',)"
3910,7,"('C1COCCO1',)","('[K+].[F-]',)"
3910,8,"('O.C1COCCO1.ClCCl',)","('CCN(CC)CC',)"
3910,9,"('O.C1CCOC1',)","('O=C([O-])O.[Na+],O=C([O-])[O-].[Na+].[Na+]',)"
3910,10,"('CCO.Cc1ccccc1.O',)","('[Cs+].[F-]',)"
4270,1,"('CCO.O.COCCOC',)","('O=C([O-])[O-].[Cs+].[Cs+]',)"
4270,2,"('CN(C)C=O.O',)","('O=P([O-])([O-])[O-].[K+].[K+].[K+]',)"
4270,3,"('CN(C)C=O.O.CCOC(C)=O',)","('O=C([O-])[O-].[Na+].[Na+]',)"
4270,4,"('O.C1COCCO1',)","('O=C([O-])[O-].[K+].[K+]',)"
4270,5,"('CCO.COCCOC.ClCCl.CCOC(C)=O.O',)","('No Base',)"
4270,6,"('CCO.Cc1ccccc1',)","('O=C([O-])O.[Na+],O=C([O-])[O-].[Na+].[Na+]',)"
4270,7,"('O.CCOC(C)=O.C1COCCO1',)","('O=C([O-])O.[Na+],O=C([O-])[O-].[K+].[K+]',)"
4270,8,"('CN(C)C=O',)","('[K+].[F-]',)"
4270,9,"('C1COCCO1',)","('O=C([O-])O.[Na+]',)"
4270,10,"('C1CCOC1',)","('[Cs+].[F-]',)"
1410,1,"('CCO.O.COCCOC',)","('O=C([O-])[O-].[Cs+].[Cs+]',)"
1410,2,"('CN(C)C=O',)","('O=C([O-])[O-].[K+].[K+]',)"
1410,3,"('CCO.COCCOC.ClCCl.CCOC(C)=O.O',)","('O=P([O-])([O-])[O-].[K+].[K+].[K+]',)"
1410,4,"('CN(C)C=O.O',)","('O=C([O-])[O-].[Na+].[Na+]',)"
1410,5,"('C1CCOC1',)","('No Base',)"
1410,6,"('ClCCl',)","('[K+].[F-]',)"
1410,7,"('O.CCOC(C)=O.C1COCCO1',)","('[Cs+].[F-]',)"
1410,8,"('O.C1COCCO1',)","('CC(=O)[O-].[K+]',)"
1410,9,"('O.COCCOC',)","('O=C([O-])O.[Na+]',)"
1410,10,"('O.C1CCOC1',)","('O=P([O-])([O-])[O-].[Na+].[Na+].[Na+],CC(=O)[O-].[Na+],CC(=O)[O-].[K+],O=P([O-])([O-])[O-].[K+].[K+].[K+]',)"
3860,1,"('O.COCCOC',)","('O=C([O-])[O-].[Na+].[Na+]',)"
3860,2,"('COCCOC',)","('O=C([O-])[O-].[K+].[K+]',)"
3860,3,"('C1COCCO1',)","('O=C([O-])[O-].[Cs+].[Cs+]',)"
3860,4,"('Cc1ccccc1',)","('O=P([O-])([O-])[O-].[K+].[K+].[K+]',)"
3860,5,"('CN(C)C=O',)","('O=C([O-])O.[Na+]',)"
3860,6,"('O.C1COCCO1',)","('No Base',)"
3860,7,"('CCO.Cc1ccccc1',)","('[K+].[F-]',)"
3860,8,"('CCO.Cc1ccccc1.O',)","('O=C([O-])O.[Na+],O=C([O-])[O-].[Na+].[Na+]',)"
3860,9,"('O.C1CCOC1',)","('CC(=O)[O-].[K+]',)"
3860,10,"('C1CCOC1',)","('[Cs+].[F-]',)"
3782,1,"('CC#N',)","('O=C([O-])[O-].[Na+].[Na+]',)"
3782,2,"('CCOC(C)=O.CC#N',)","('O=C([O-])[O-].[Cs+].[Cs+]',)"
3782,3,"('O.CC#N',)","('O=C([O-])[O-].[K+].[K+]',)"
3782,4,"('COCCOC',)","('O=C([O-])O.[Na+]',)"
3782,5,"('CCO.O.COCCOC',)","('No Base',)"
3782,6,"('O.C1COCCO1',)","('O=P([O-])([O-])[O-].[K+].[K+].[K+]',)"
3782,7,"('CN(C)C=O.O',)","('[OH-].[Na+]',)"
3782,8,"('O.COCCOC',)","('CCN(CC)CC',)"
3782,9,"('C1COCCO1',)","('[Cs+].[F-]',)"
3782,10,"('Cc1ccccc1',)","('[K+].[F-]',)"
3792,1,"('O.COCCOC',)","('O=C([O-])[O-].[Na+].[Na+]',)"
3792,2,"('No Solvent',)","('O=C([O-])[O-].[K+].[K+]',)"
3792,3,"('COCCOC',)","('O=C([O-])[O-].[Cs+].[Cs+]',)"
3792,4,"('CN(C)C=O.O',)","('No Base',)"
3792,5,"('Cc1ccccc1',)","('O=C([O-])O.[Na+]',)"
3792,6,"('CCO.Cc1ccccc1',)","('O=P([O-])([O-])[O-].[K+].[K+].[K+]',)"
3792,7,"('CCO.Cc1ccccc1.O',)","('[Cs+].[F-]',)"
3792,8,"('C1COCCO1',)","('CCN(CC)CC',)"
3792,9,"('O.CCOC(C)=O.C1COCCO1',)","('O=C([O-])O.[Na+],O=C([O-])[O-].[Na+].[Na+]',)"
3792,10,"('CCO.O.COCCOC',)","('[K+].[F-]',)"
179,1,"('O.COCCOC',)","('O=C([O-])[O-].[Na+].[Na+]',)"
179,2,"('C1COCCO1',)","('O=P([O-])([O-])[O-].[K+].[K+].[K+]',)"
179,3,"('COCCOC',)","('O=C([O-])[O-].[K+].[K+]',)"
179,4,"('O.C1COCCO1',)","('O=C([O-])O.[Na+]',)"
179,5,"('No Solvent',)","('O=C([O-])[O-].[Cs+].[Cs+]',)"
179,6,"('O.C1CCOC1',)","('No Base',)"
179,7,"('COCCOC.ClCCl',)","('[Cs+].[F-]',)"
179,8,"('O.CCOC(C)=O.C1COCCO1',)","('O=C([O-])O.[Na+],O=C([O-])[O-].[Na+].[Na+]',)"
179,9,"('CN(C)C=O',)","('[OH-].[Na+]',)"
179,10,"('CN(C)C=O.O.CCOC(C)=O',)","('CCN(CC)CC',)"
3526,1,"('CCO.Cc1ccccc1',)","('O=C([O-])[O-].[K+].[K+]',)"
3526,2,"('CCO.Cc1ccccc1.O',)","('O=C([O-])O.[Na+]',)"
3526,3,"('O.C1COCCO1',)","('O=C([O-])[O-].[Na+].[Na+]',)"
3526,4,"('O.CCOC(C)=O.C1COCCO1',)","('O=P([O-])([O-])[O-].[K+].[K+].[K+]',)"
3526,5,"('O',)","('O=C([O-])[O-].[Cs+].[Cs+]',)"
3526,6,"('C1COCCO1',)","('No Base',)"
3526,7,"('C1CCOC1',)","('[Cs+].[F-]',)"
3526,8,"('O.COCCOC',)","('O=C([O-])O.[Na+],O=C([O-])[O-].[Na+].[Na+]',)"
3526,9,"('CO.Cc1ccccc1',)","('[K+].[F-]',)"
3526,10,"('No Solvent',)","('CCN(C(C)C)C(C)C',)"
4533,1,"('No Solvent',)","('No Base',)"
4533,2,"('O.C1COCCO1',)","('O=C([O-])[O-].[K+].[K+]',)"
4533,3,"('COCCOC',)","('O=C([O-])[O-].[Cs+].[Cs+]',)"
4533,4,"('CN(C)C=O.O',)","('O=P([O-])([O-])[O-].[K+].[K+].[K+]',)"
4533,5,"('O.C1CCOC1',)","('O=C([O-])[O-].[Na+].[Na+]',)"
4533,6,"('O.COCCOC',)","('[K+].[F-]',)"
4533,7,"('CCO.Cc1ccccc1.O',)","('O=C([O-])O.[Na+]',)"
4533,8,"('CCO.Cc1ccccc1',)","('[Cs+].[F-]',)"
4533,9,"('COCCOC.ClCCl',)","('O=C([O-])O.[Na+],O=C([O-])[O-].[Na+].[Na+]',)"
4533,10,"('C1CCOC1',)","('[OH-].[Na+]',)"
2844,1,"('O.COCCOC',)","('O=C([O-])[O-].[Na+].[Na+]',)"
2844,2,"('COCCOC',)","('O=C([O-])[O-].[Cs+].[Cs+]',)"
2844,3,"('No Solvent',)","('O=C([O-])[O-].[K+].[K+]',)"
2844,4,"('COCCOC.ClCCl',)","('O=P([O-])([O-])[O-].[K+].[K+].[K+]',)"
2844,5,"('O.COCCOC.ClCCl',)","('O=C([O-])O.[Na+],O=C([O-])[O-].[Na+].[Na+]',)"
2844,6,"('O.CC#N',)","('O=C([O-])O.[Na+]',)"
2844,7,"('O.C1COCCO1',)","('No Base',)"
2844,8,"('C1COCCO1',)","('[Cs+].[F-]',)"
2844,9,"('CCO.O',)","('[K+].[F-]',)"
2844,10,"('CN(C)C=O.O',)","('[OH-].[Na+]',)"
4002,1,"('COCCOC',)","('O=C([O-])[O-].[Na+].[Na+]',)"
4002,2,"('O.CC#N',)","('O=C([O-])[O-].[K+].[K+]',)"
4002,3,"('CN(C)C=O.O',)","('O=P([O-])([O-])[O-].[K+].[K+].[K+]',)"
4002,4,"('O.COCCOC',)","('O=C([O-])O.[Na+]',)"
4002,5,"('C1COCCO1.ClCCl',)","('O=C([O-])[O-].[Cs+].[Cs+]',)"
4002,6,"('CCO.Cc1ccccc1.O',)","('No Base',)"
4002,7,"('No Solvent',)","('[Cs+].[F-]',)"
4002,8,"('CCCO',)","('[K+].[F-]',)"
4002,9,"('CCO.Cc1ccccc1',)","('O=C([O-])O.[Na+],O=C([O-])[O-].[Na+].[Na+]',)"
4002,10,"('COCCOC.CCOC(C)=O',)","('CCN(CC)CC',)"
505,1,"('O.COCCOC',)","('O=C([O-])[O-].[Na+].[Na+]',)"
505,2,"('O.CCOC(C)=O.C1COCCO1',)","('O=C([O-])[O-].[Cs+].[Cs+]',)"
505,3,"('O.C1COCCO1',)","('O=C([O-])[O-].[K+].[K+]',)"
505,4,"('CCO.Cc1ccccc1.O',)","('O=P([O-])([O-])[O-].[K+].[K+].[K+]',)"
505,5,"('CN(C)C=O',)","('O=C([O-])O.[Na+]',)"
505,6,"('C1COCCO1',)","('No Base',)"
505,7,"('COCCOC',)","('[Cs+].[F-]',)"
505,8,"('CN(C)C=O.O',)","('O=C([O-])O.[Na+],O=C([O-])[O-].[Na+].[Na+]',)"
505,9,"('Cc1ccccc1',)","('[K+].[F-]',)"
505,10,"('CCO.Cc1ccccc1.CCOC(C)=O',)","('CC(=O)[O-].[K+]',)"
3439,1,"('O.C1COCCO1',)","('O=C([O-])[O-].[K+].[K+]',)"
3439,2,"('COCCOC',)","('O=C([O-])[O-].[Na+].[Na+]',)"
3439,3,"('O.COCCOC',)","('O=C([O-])[O-].[Cs+].[Cs+]',)"
3439,4,"('CCO.Cc1ccccc1.O',)","('No Base',)"
3439,5,"('No Solvent',)","('O=C([O-])O.[Na+]',)"
3439,6,"('CCO.Cc1ccccc1',)","('O=P([O-])([O-])[O-].[K+].[K+].[K+]',)"
3439,7,"('O.CCOC(C)=O.C1COCCO1',)","('CCN(CC)CC',)"
3439,8,"('O.C1COCCO1.ClCCl',)","('O=C([O-])O.[Na+],O=C([O-])[O-].[Na+].[Na+]',)"
3439,9,"('COCCOC.ClCCl',)","('[K+].[F-]',)"
3439,10,"('CN(C)C=O',)","('[Cs+].[F-]',)"
197,1,"('O.COCCOC',)","('O=C([O-])[O-].[K+].[K+]',)"
197,2,"('COCCOC',)","('O=C([O-])[O-].[Na+].[Na+]',)"
197,3,"('CCO.Cc1ccccc1',)","('O=P([O-])([O-])[O-].[K+].[K+].[K+]',)"
197,4,"('COCCOC.CCOC(C)=O',)","('No Base',)"
197,5,"('O.C1COCCO1',)","('O=C([O-])O.[Na+]',)"
197,6,"('CN(C)C=O.O',)","('O=C([O-])[O-].[Cs+].[Cs+]',)"
197,7,"('CN(C)C=O',)","('[Cs+].[F-]',)"
197,8,"('Cc1ccccc1.O',)","('O=C([O-])O.[Na+],O=C([O-])[O-].[Na+].[Na+]',)"
197,9,"('CCO.Cc1ccccc1.O',)","('[OH-].[Na+]',)"
197,10,"('C1COCCO1',)","('[K+].[F-]',)"
5034,1,"('C1COCCO1',)","('O=P([O-])([O-])[O-].[K+].[K+].[K+]',)"
5034,2,"('O.C1COCCO1',)","('O=C([O-])O.[Na+]',)"
5034,3,"('CN(C)C=O',)","('O=C([O-])[O-].[K+].[K+]',)"
5034,4,"('No Solvent',)","('O=C([O-])[O-].[Na+].[Na+]',)"
5034,5,"('COCCOC',)","('No Base',)"
5034,6,"('Cc1ccccc1.O',)","('O=C([O-])[O-].[Cs+].[Cs+]',)"
5034,7,"('O.C1COCCO1.ClCCl',)","('[Cs+].[F-]',)"
5034,8,"('O.CCOC(C)=O.C1COCCO1',)","('[OH-].[Na+]',)"
5034,9,"('CCOC(C)=O.C1COCCO1',)","('[K+].[F-]',)"
5034,10,"('CN(C)C=O.O',)","('CCN(CC)CC',)"
1491,1,"('No Solvent',)","('O=C([O-])[O-].[K+].[K+]',)"
1491,2,"('O.C1COCCO1',)","('O=C([O-])[O-].[Na+].[Na+]',)"
1491,3,"('O.CCOC(C)=O.C1COCCO1',)","('O=C([O-])[O-].[Cs+].[Cs+]',)"
1491,4,"('COCCOC',)","('O=P([O-])([O-])[O-].[K+].[K+].[K+]',)"
1491,5,"('CCO.Cc1ccccc1.O',)","('No Base',)"
1491,6,"('C1COCCO1',)","('O=C([O-])O.[Na+]',)"
1491,7,"('O.COCCOC',)","('[K+].[F-]',)"
1491,8,"('CN(C)C=O.O',)","('[Cs+].[F-]',)"
1491,9,"('CN(C)C=O',)","('O=C([O-])O.[Na+],O=C([O-])[O-].[Na+].[Na+]',)"
1491,10,"('C1CCOC1',)","('CC(=O)[O-].[K+]',)"
1555,1,"('O.COCCOC',)","('O=C([O-])[O-].[Na+].[Na+]',)"
1555,2,"('O.CCOC(C)=O.C1COCCO1',)","('O=C([O-])[O-].[K+].[K+]',)"
1555,3,"('O.COCCOC.CCOC(C)=O',)","('No Base',)"
1555,4,"('O.C1COCCO1',)","('O=C([O-])O.[Na+]',)"
1555,5,"('CN(C)C=O',)","('O=P([O-])([O-])[O-].[K+].[K+].[K+]',)"
1555,6,"('No Solvent',)","('O=C([O-])[O-].[Cs+].[Cs+]',)"
1555,7,"('CN(C)C=O.O',)","('O=C([O-])O.[Na+],O=C([O-])[O-].[Na+].[Na+]',)"
1555,8,"('COCCOC',)","('[Cs+].[F-]',)"
1555,9,"('CCO.Cc1ccccc1.O',)","('CCN(CC)CC',)"
1555,10,"('C1CCOC1',)","('[OH-].[Na+]',)"
1092,1,"('CCO',)","('CCN(CC)CC',)"
1092,2,"('O.C1COCCO1',)","('O=C([O-])[O-].[K+].[K+]',)"
1092,3,"('CN(C)C=O',)","('O=P([O-])([O-])[O-].[K+].[K+].[K+]',)"
1092,4,"('O.COCCOC',)","('O=C([O-])[O-].[Na+].[Na+]',)"
1092,5,"('COCCOC',)","('O=C([O-])O.[Na+]',)"
1092,6,"('CN(C)C=O.O',)","('O=C([O-])[O-].[Cs+].[Cs+]',)"
1092,7,"('O.CCOC(C)=O.C1COCCO1',)","('No Base',)"
1092,8,"('CCO.Cc1ccccc1.O',)","('CC(=O)[O-].[K+]',)"
1092,9,"('C1COCCO1',)","('[OH-].[Na+]',)"
1092,10,"('CC#N',)","('[Cs+].[F-]',)"
4640,1,"('O.COCCOC',)","('O=C([O-])[O-].[Na+].[Na+]',)"
4640,2,"('O.COCCOC.ClCCl',)","('O=C([O-])[O-].[K+].[K+]',)"
4640,3,"('COCCOC',)","('O=C([O-])O.[Na+]',)"
4640,4,"('O.C1COCCO1',)","('O=P([O-])([O-])[O-].[K+].[K+].[K+]',)"
4640,5,"('CCO.Cc1ccccc1',)","('No Base',)"
4640,6,"('CCO.Cc1ccccc1.O',)","('[K+].[F-]',)"
4640,7,"('O.CC#N',)","('O=C([O-])[O-].[Cs+].[Cs+]',)"
4640,8,"('C1COCCO1',)","('[Cs+].[F-]',)"
4640,9,"('No Solvent',)","('O=C([O-])O.[Na+],O=C([O-])[O-].[Na+].[Na+]',)"
4640,10,"('CN(C)C=O.O',)","('CCN(CC)CC',)"
313,1,"('C1COCCO1',)","('O=C([O-])[O-].[Na+].[Na+]',)"
313,2,"('O.C1COCCO1',)","('O=C([O-])[O-].[K+].[K+]',)"
313,3,"('COCCOC',)","('O=C([O-])O.[Na+]',)"
313,4,"('CCO.Cc1ccccc1.O',)","('O=P([O-])([O-])[O-].[K+].[K+].[K+]',)"
313,5,"('CN(C)C=O',)","('No Base',)"
313,6,"('O.CC#N',)","('O=C([O-])O.[Na+],O=C([O-])[O-].[Na+].[Na+]',)"
313,7,"('No Solvent',)","('[Cs+].[F-]',)"
313,8,"('O.COCCOC',)","('O=C([O-])[O-].[Cs+].[Cs+]',)"
313,9,"('CCO.Cc1ccccc1',)","('[K+].[F-]',)"
313,10,"('C1CCOC1',)","('[OH-].[Na+]',)"
3128,1,"('CCO.Cc1ccccc1',)","('O=C([O-])[O-].[Na+].[Na+]',)"
3128,2,"('CN(C)C=O.ClCCl',)","('O=C([O-])[O-].[K+].[K+]',)"
3128,3,"('O.C1COCCO1',)","('O=C([O-])[O-].[Cs+].[Cs+]',)"
3128,4,"('CCO.Cc1ccccc1.O',)","('O=P([O-])([O-])[O-].[K+].[K+].[K+]',)"
3128,5,"('CN(C)C=O',)","('No Base',)"
3128,6,"('COCCOC',)","('O=C([O-])O.[Na+]',)"
3128,7,"('CN(C)C=O.O',)","('[Cs+].[F-]',)"
3128,8,"('O.COCCOC',)","('[K+].[F-]',)"
3128,9,"('C1COCCO1',)","('O=C([O-])O.[Na+],O=C([O-])[O-].[Na+].[Na+]',)"
3128,10,"('COCCOC.ClCCl',)","('CCN(CC)CC',)"
1644,1,"('O.C1COCCO1',)","('O=C([O-])[O-].[Na+].[Na+]',)"
1644,2,"('O.CCOC(C)=O.C1COCCO1',)","('O=P([O-])([O-])[O-].[K+].[K+].[K+]',)"
1644,3,"('CN(C)C=O.O',)","('O=C([O-])[O-].[K+].[K+]',)"
1644,4,"('COCCOC',)","('O=C([O-])O.[Na+]',)"
1644,5,"('O.COCCOC',)","('O=C([O-])[O-].[Cs+].[Cs+]',)"
1644,6,"('O.COCCOC.CCOC(C)=O',)","('No Base',)"
1644,7,"('O.C1CCOC1',)","('[Cs+].[F-]',)"
1644,8,"('C1COCCO1',)","('[K+].[F-]',)"
1644,9,"('CN(C)C=O',)","('[OH-].[Na+]',)"
1644,10,"('O.CC#N',)","('O=C([O-])O.[Na+],O=C([O-])[O-].[Na+].[Na+]',)"
4596,1,"('O.C1COCCO1',)","('O=C([O-])O.[Na+]',)"
4596,2,"('CN(C)C=O.O',)","('O=C([O-])[O-].[K+].[K+]',)"
4596,3,"('O.COCCOC',)","('O=C([O-])[O-].[Na+].[Na+]',)"
4596,4,"('CCO.Cc1ccccc1.O',)","('O=C([O-])[O-].[Cs+].[Cs+]',)"
4596,5,"('CN(C)C=O',)","('O=P([O-])([O-])[O-].[K+].[K+].[K+]',)"
4596,6,"('Cc1ccccc1.O',)","('No Base',)"
4596,7,"('CCCO.O',)","('CCN(CC)CC',)"
4596,8,"('COCCOC',)","('O=C([O-])O.[Na+],O=C([O-])[O-].[Na+].[Na+]',)"
4596,9,"('No Solvent',)","('[K+].[F-]',)"
4596,10,"('O',)","('[Cs+].[F-]',)"
4976,1,"('COCCOC',)","('O=C([O-])[O-].[Na+].[Na+]',)"
4976,2,"('O.COCCOC',)","('O=C([O-])[O-].[K+].[K+]',)"
4976,3,"('O.CCOC(C)=O.C1COCCO1',)","('O=P([O-])([O-])[O-].[K+].[K+].[K+]',)"
4976,4,"('CCO.Cc1ccccc1',)","('O=C([O-])O.[Na+]',)"
4976,5,"('COCCOC.CCOC(C)=O',)","('No Base',)"
4976,6,"('CCO.Cc1ccccc1.O',)","('[Cs+].[F-]',)"
4976,7,"('O.C1COCCO1',)","('O=C([O-])[O-].[Cs+].[Cs+]',)"
4976,8,"('O.COCCOC.CCOC(C)=O',)","('[OH-].[Na+]',)"
4976,9,"('COCCOC.ClCCl',)","('O=C([O-])O.[Na+],O=C([O-])[O-].[Na+].[Na+]',)"
4976,10,"('CN(C)C=O',)","('CCN(CC)CC',)"
245,1,"('COCCOC',)","('O=C([O-])[O-].[Na+].[Na+]',)"
245,2,"('O.C1COCCO1',)","('O=C([O-])[O-].[K+].[K+]',)"
245,3,"('O.COCCOC',)","('O=C([O-])[O-].[Cs+].[Cs+]',)"
245,4,"('CN(C)C=O',)","('No Base',)"
245,5,"('O.CCOC(C)=O.C1COCCO1',)","('O=C([O-])O.[Na+]',)"
245,6,"('C1COCCO1',)","('O=P([O-])([O-])[O-].[K+].[K+].[K+]',)"
245,7,"('CCO.Cc1ccccc1.O',)","('[K+].[F-]',)"
245,8,"('CCO.Cc1ccccc1',)","('O=C([O-])O.[Na+],O=C([O-])[O-].[Na+].[Na+]',)"
245,9,"('COCCOC.ClCCl',)","('[Cs+].[F-]',)"
245,10,"('No Solvent',)","('CCN(CC)CC',)"
1807,1,"('O.C1COCCO1',)","('O=C([O-])[O-].[Cs+].[Cs+]',)"
1807,2,"('CCO.O.COCCOC',)","('O=C([O-])[O-].[K+].[K+]',)"
1807,3,"('COCCOC',)","('O=C([O-])[O-].[Na+].[Na+]',)"
1807,4,"('CN(C)C=O',)","('O=P([O-])([O-])[O-].[K+].[K+].[K+]',)"
1807,5,"('CCO.O.COCCOC.CCOC(C)=O',)","('No Base',)"
1807,6,"('O.CCOC(C)=O.C1COCCO1',)","('O=C([O-])O.[Na+]',)"
1807,7,"('O.COCCOC',)","('O=C([O-])O.[Na+],O=C([O-])[O-].[Na+].[Na+]',)"
1807,8,"('No Solvent',)","('CC(=O)[O-].[K+]',)"
1807,9,"('O.C1COCCO1.ClCCl',)","('[Cs+].[F-]',)"
1807,10,"('C1COCCO1',)","('[K+].[F-]',)"
1706,1,"('O.C1COCCO1',)","('O=C([O-])[O-].[Cs+].[Cs+]',)"
1706,2,"('O.CC#N',)","('O=C([O-])[O-].[Na+].[Na+]',)"
1706,3,"('O.CCOC(C)=O.C1COCCO1',)","('O=P([O-])([O-])[O-].[K+].[K+].[K+]',)"
1706,4,"('CN(C)C=O.O',)","('O=C([O-])[O-].[K+].[K+]',)"
1706,5,"('C1COCCO1',)","('No Base',)"
1706,6,"('CN(C)C=O',)","('[K+].[F-]',)"
1706,7,"('CCO.O.COCCOC',)","('O=C([O-])O.[Na+]',)"
1706,8,"('CCO.Cc1ccccc1',)","('O=P([O-])([O-])[O-].[Na+].[Na+].[Na+],CC(=O)[O-].[Na+],CC(=O)[O-].[K+],O=P([O-])([O-])[O-].[K+].[K+].[K+]',)"
1706,9,"('COCCOC',)","('[Cs+].[F-]',)"
1706,10,"('O.COCCOC',)","('[OH-].[Na+]',)"
4583,1,"('O.C1COCCO1',)","('O=C([O-])[O-].[Na+].[Na+]',)"
4583,2,"('O.COCCOC',)","('O=C([O-])[O-].[K+].[K+]',)"
4583,3,"('CCCO',)","('No Base',)"
4583,4,"('O.CCOC(C)=O.C1COCCO1',)","('O=C([O-])[O-].[Cs+].[Cs+]',)"
4583,5,"('COCCOC',)","('O=P([O-])([O-])[O-].[K+].[K+].[K+]',)"
4583,6,"('No Solvent',)","('O=C([O-])O.[Na+]',)"
4583,7,"('C1COCCO1',)","('O=C([O-])O.[Na+],O=C([O-])[O-].[Na+].[Na+]',)"
4583,8,"('CCO.Cc1ccccc1',)","('[OH-].[Na+]',)"
4583,9,"('C1CCOC1',)","('[K+].[F-]',)"
4583,10,"('COCCOC.CCOC(C)=O',)","('[Cs+].[F-]',)"
1477,1,"('No Solvent',)","('O=C([O-])[O-].[K+].[K+]',)"
1477,2,"('O.C1COCCO1',)","('O=C([O-])[O-].[Na+].[Na+]',)"
1477,3,"('O.CCOC(C)=O.C1COCCO1',)","('O=C([O-])[O-].[Cs+].[Cs+]',)"
1477,4,"('O.COCCOC',)","('O=P([O-])([O-])[O-].[K+].[K+].[K+]',)"
1477,5,"('COCCOC',)","('No Base',)"
1477,6,"('CCO.Cc1ccccc1.O',)","('O=C([O-])O.[Na+]',)"
1477,7,"('CN(C)C=O',)","('[K+].[F-]',)"
1477,8,"('C1CCOC1',)","('O=C([O-])O.[Na+],O=C([O-])[O-].[Na+].[Na+]',)"
1477,9,"('C1COCCO1',)","('[Cs+].[F-]',)"
1477,10,"('Cc1ccccc1.O',)","('CC(=O)[O-].[K+]',)"
5210,1,"('O.C1COCCO1',)","('O=C([O-])[O-].[K+].[K+]',)"
5210,2,"('CCO.Cc1ccccc1.O',)","('O=C([O-])[O-].[Na+].[Na+]',)"
5210,3,"('COCCOC',)","('O=C([O-])[O-].[Cs+].[Cs+]',)"
5210,4,"('O.COCCOC',)","('O=P([O-])([O-])[O-].[K+].[K+].[K+]',)"
5210,5,"('C1COCCO1',)","('O=C([O-])O.[Na+]',)"
5210,6,"('O.C1CCOC1',)","('No Base',)"
5210,7,"('O.C1COCCO1.ClCCl',)","('[Cs+].[F-]',)"
5210,8,"('CN(C)C=O.O',)","('CCN(CC)CC',)"
5210,9,"('CN(C)C=O',)","('O=C([O-])O.[Na+],O=C([O-])[O-].[Na+].[Na+]',)"
5210,10,"('C1CCOC1',)","('[K+].[F-]',)"
3940,1,"('O.C1COCCO1',)","('O=C([O-])[O-].[Na+].[Na+]',)"
3940,2,"('C1COCCO1',)","('O=C([O-])[O-].[Cs+].[Cs+]',)"
3940,3,"('No Solvent',)","('O=P([O-])([O-])[O-].[K+].[K+].[K+]',)"
3940,4,"('O.COCCOC',)","('O=C([O-])[O-].[K+].[K+]',)"
3940,5,"('O.C1CCOC1',)","('No Base',)"
3940,6,"('CN(C)C=O.O',)","('O=C([O-])O.[Na+]',)"
3940,7,"('CCO.Cc1ccccc1',)","('[K+].[F-]',)"
3940,8,"('CCO.Cc1ccccc1.O',)","('[Cs+].[F-]',)"
3940,9,"('O.CC#N',)","('O=C([O-])O.[Na+],O=C([O-])[O-].[Na+].[Na+]',)"
3940,10,"('COCCOC.ClCCl',)","('CCN(CC)CC',)"
4858,1,"('O.C1COCCO1',)","('O=C([O-])[O-].[Cs+].[Cs+]',)"
4858,2,"('O.CCOC(C)=O.C1COCCO1',)","('O=C([O-])[O-].[Na+].[Na+]',)"
4858,3,"('CCO.Cc1ccccc1.O',)","('O=P([O-])([O-])[O-].[K+].[K+].[K+]',)"
4858,4,"('No Solvent',)","('O=C([O-])[O-].[K+].[K+]',)"
4858,5,"('C1COCCO1',)","('O=C([O-])O.[Na+]',)"
4858,6,"('CN(C)C=O',)","('No Base',)"
4858,7,"('CN(C)C=O.O',)","('[K+].[F-]',)"
4858,8,"('CCO.Cc1ccccc1',)","('O=C([O-])O.[Na+],O=C([O-])[O-].[Na+].[Na+]',)"
4858,9,"('CCO.O.COCCOC',)","('[Cs+].[F-]',)"
4858,10,"('O.COCCOC',)","('CCN(CC)CC',)"
1423,1,"('C1CCOC1',)","('O=C([O-])[O-].[K+].[K+]',)"
1423,2,"('CN(C)C=O.O',)","('O=C([O-])[O-].[Na+].[Na+]',)"
1423,3,"('CCO.O.COCCOC',)","('O=P([O-])([O-])[O-].[K+].[K+].[K+]',)"
1423,4,"('O.C1COCCO1',)","('O=C([O-])[O-].[Cs+].[Cs+]',)"
1423,5,"('O.COCCOC',)","('No Base',)"
1423,6,"('CN(C)C=O',)","('O=C([O-])O.[Na+]',)"
1423,7,"('O.CCOC(C)=O.C1COCCO1',)","('[K+].[F-]',)"
1423,8,"('ClCCl',)","('CC(=O)[O-].[K+]',)"
1423,9,"('O.C1CCOC1',)","('[Cs+].[F-]',)"
1423,10,"('O.CC#N',)","('CCN(CC)CC',)"
830,1,"('O.C1COCCO1',)","('O=C([O-])[O-].[K+].[K+]',)"
830,2,"('C1COCCO1',)","('O=C([O-])[O-].[Na+].[Na+]',)"
830,3,"('O.COCCOC',)","('O=P([O-])([O-])[O-].[K+].[K+].[K+]',)"
830,4,"('Cc1ccccc1',)","('No Base',)"
830,5,"('No Solvent',)","('O=C([O-])O.[Na+]',)"
830,6,"('CCO.COCCOC',)","('O=C([O-])[O-].[Cs+].[Cs+]',)"
830,7,"('CN(C)C=O',)","('[Cs+].[F-]',)"
830,8,"('CCO.Cc1ccccc1',)","('O=C([O-])O.[Na+],O=C([O-])[O-].[Na+].[Na+]',)"
830,9,"('CCO.O.COCCOC',)","('[K+].[F-]',)"
830,10,"('COCCOC',)","('CC(=O)[O-].[K+]',)"
1605,1,"('C1COCCO1',)","('O=C([O-])O.[Na+]',)"
1605,2,"('No Solvent',)","('O=C([O-])[O-].[Na+].[Na+]',)"
1605,3,"('CN(C)C=O',)","('O=C([O-])[O-].[Cs+].[Cs+]',)"
1605,4,"('O.COCCOC',)","('O=P([O-])([O-])[O-].[K+].[K+].[K+]',)"
1605,5,"('O.C1CCOC1',)","('O=C([O-])[O-].[K+].[K+]',)"
1605,6,"('COCCOC',)","('No Base',)"
1605,7,"('CN(C)C=O.O',)","('O=C([O-])O.[Na+],O=C([O-])[O-].[Na+].[Na+]',)"
1605,8,"('O.C1COCCO1',)","('[K+].[F-]',)"
1605,9,"('CCO.Cc1ccccc1',)","('[OH-].[Na+]',)"
1605,10,"('COCCOC.CCOC(C)=O',)","('[Cs+].[F-]',)"
84,1,"('O.COCCOC',)","('O=C([O-])[O-].[Na+].[Na+]',)"
84,2,"('COCCOC',)","('O=C([O-])[O-].[K+].[K+]',)"
84,3,"('C1COCCO1',)","('O=C([O-])[O-].[Cs+].[Cs+]',)"
84,4,"('Cc1ccccc1',)","('O=C([O-])O.[Na+]',)"
84,5,"('CCO.Cc1ccccc1',)","('No Base',)"
84,6,"('O.C1COCCO1',)","('O=C([O-])O.[Na+],O=C([O-])[O-].[Na+].[Na+]',)"
84,7,"('O.CCOC(C)=O.C1COCCO1',)","('O=P([O-])([O-])[O-].[K+].[K+].[K+]',)"
84,8,"('CN(C)C=O',)","('CCN(CC)CC',)"
84,9,"('CCO.Cc1ccccc1.O',)","('[K+].[F-]',)"
84,10,"('No Solvent',)","('CC(=O)[O-].[K+]',)"
1848,1,"('O.C1COCCO1',)","('O=C([O-])[O-].[Na+].[Na+]',)"
1848,2,"('O.COCCOC',)","('O=C([O-])[O-].[K+].[K+]',)"
1848,3,"('CCO.Cc1ccccc1',)","('O=C([O-])[O-].[Cs+].[Cs+]',)"
1848,4,"('CN(C)C=O',)","('O=C([O-])O.[Na+]',)"
1848,5,"('C1COCCO1',)","('No Base',)"
1848,6,"('COCCOC',)","('O=P([O-])([O-])[O-].[K+].[K+].[K+]',)"
1848,7,"('Cc1ccccc1',)","('[K+].[F-]',)"
1848,8,"('C1CCOC1',)","('CC(=O)[O-].[K+]',)"
1848,9,"('O.CCOC(C)=O.C1COCCO1',)","('CCN(CC)CC',)"
1848,10,"('No Solvent',)","('O=C([O-])O.[Na+],O=C([O-])[O-].[Na+].[Na+]',)"
2335,1,"('O.COCCOC',)","('O=C([O-])[O-].[Na+].[Na+]',)"
2335,2,"('O.C1COCCO1',)","('O=P([O-])([O-])[O-].[K+].[K+].[K+]',)"
2335,3,"('CN(C)C=O',)","('O=C([O-])[O-].[K+].[K+]',)"
2335,4,"('C1COCCO1',)","('O=C([O-])O.[Na+]',)"
2335,5,"('COCCOC',)","('O=C([O-])[O-].[Cs+].[Cs+]',)"
2335,6,"('CCO.Cc1ccccc1.O',)","('[K+].[F-]',)"
2335,7,"('No Solvent',)","('No Base',)"
2335,8,"('Cc1ccccc1.O',)","('O=C([O-])O.[Na+],O=C([O-])[O-].[Na+].[Na+]',)"
2335,9,"('CCO.Cc1ccccc1.CCOC(C)=O',)","('[Cs+].[F-]',)"
2335,10,"('O.C1CCOC1',)","('[OH-].[Na+]',)"
203,1,"('O.C1COCCO1',)","('O=C([O-])[O-].[Na+].[Na+]',)"
203,2,"('C1COCCO1',)","('O=C([O-])[O-].[K+].[K+]',)"
203,3,"('O.CCOC(C)=O.C1COCCO1',)","('No Base',)"
203,4,"('O.COCCOC',)","('O=C([O-])[O-].[Cs+].[Cs+]',)"
203,5,"('CCO.Cc1ccccc1.O',)","('O=C([O-])O.[Na+]',)"
203,6,"('Cc1ccccc1',)","('O=P([O-])([O-])[O-].[K+].[K+].[K+]',)"
203,7,"('COCCOC',)","('[Cs+].[F-]',)"
203,8,"('CCO.Cc1ccccc1',)","('O=C([O-])O.[Na+],O=C([O-])[O-].[Na+].[Na+]',)"
203,9,"('O.C1CCOC1',)","('[OH-].[Na+]',)"
203,10,"('C1COCCO1.ClCCl',)","('[K+].[F-]',)"
3600,1,"('O.C1COCCO1',)","('O=C([O-])[O-].[K+].[K+]',)"
3600,2,"('CCO.Cc1ccccc1.CCOC(C)=O',)","('O=C([O-])[O-].[Na+].[Na+]',)"
3600,3,"('COCCOC',)","('O=C([O-])O.[Na+]',)"
3600,4,"('CCO.Cc1ccccc1',)","('O=C([O-])[O-].[Cs+].[Cs+]',)"
3600,5,"('C1COCCO1',)","('[K+].[F-]',)"
3600,6,"('O.CC#N',)","('[Cs+].[F-]',)"
3600,7,"('CCO.Cc1ccccc1.O',)","('O=P([O-])([O-])[O-].[K+].[K+].[K+]',)"
3600,8,"('C1CCOC1',)","('No Base',)"
3600,9,"('No Solvent',)","('O=C([O-])O.[Na+],O=C([O-])[O-].[Na+].[Na+]',)"
3600,10,"('O.C1CCOC1',)","('[OH-].[Na+]',)"
449,1,"('O.C1COCCO1',)","('O=C([O-])[O-].[Cs+].[Cs+]',)"
449,2,"('C1COCCO1',)","('O=C([O-])[O-].[Na+].[Na+]',)"
449,3,"('O.COCCOC',)","('O=C([O-])[O-].[K+].[K+]',)"
449,4,"('COCCOC',)","('No Base',)"
449,5,"('O.C1COCCO1.ClCCl',)","('O=C([O-])O.[Na+]',)"
449,6,"('O.CC#N',)","('O=P([O-])([O-])[O-].[K+].[K+].[K+]',)"
449,7,"('CCO.Cc1ccccc1.O',)","('CCN(CC)CC',)"
449,8,"('No Solvent',)","('O=C([O-])O.[Na+],O=C([O-])[O-].[Na+].[Na+]',)"
449,9,"('CN(C)C=O.O',)","('[Cs+].[F-]',)"
449,10,"('Cc1ccccc1.O',)","('CC(=O)[O-].[K+]',)"
248,1,"('CCO.COCCOC',)","('O=C([O-])[O-].[Na+].[Na+]',)"
248,2,"('O.COCCOC',)","('O=C([O-])[O-].[K+].[K+]',)"
248,3,"('O.C1COCCO1',)","('No Base',)"
248,4,"('CCO.Cc1ccccc1.O',)","('O=P([O-])([O-])[O-].[K+].[K+].[K+]',)"
248,5,"('No Solvent',)","('[Cs+].[F-]',)"
248,6,"('C1COCCO1',)","('O=C([O-])[O-].[Cs+].[Cs+]',)"
248,7,"('CN(C)C=O',)","('[K+].[F-]',)"
248,8,"('Cc1ccccc1.O',)","('O=C([O-])O.[Na+]',)"
248,9,"('COCCOC',)","('O=C([O-])O.[Na+],O=C([O-])[O-].[Na+].[Na+]',)"
248,10,"('CN(C)C=O.O',)","('CCN(CC)CC',)"
2519,1,"('CCO.Cc1ccccc1',)","('O=C([O-])[O-].[K+].[K+]',)"
2519,2,"('CN(C)C=O.O',)","('O=P([O-])([O-])[O-].[K+].[K+].[K+]',)"
2519,3,"('O.COCCOC',)","('No Base',)"
2519,4,"('O.C1COCCO1',)","('O=C([O-])[O-].[Na+].[Na+]',)"
2519,5,"('O.COCCOC.ClCCl',)","('O=C([O-])[O-].[Cs+].[Cs+]',)"
2519,6,"('C1COCCO1',)","('O=C([O-])O.[Na+]',)"
2519,7,"('COCCOC',)","('O=C([O-])O.[Na+],O=C([O-])[O-].[Na+].[Na+]',)"
2519,8,"('O.CC#N',)","('[Cs+].[F-]',)"
2519,9,"('CN(C)C=O',)","('[OH-].[Na+]',)"
2519,10,"('Cc1ccccc1',)","('[K+].[F-]',)"
138,1,"('CCO.Cc1ccccc1',)","('O=C([O-])[O-].[Na+].[Na+]',)"
138,2,"('C1COCCO1',)","('O=C([O-])[O-].[K+].[K+]',)"
138,3,"('O.COCCOC',)","('O=P([O-])([O-])[O-].[K+].[K+].[K+]',)"
138,4,"('O.CC#N',)","('O=C([O-])O.[Na+]',)"
138,5,"('O.C1COCCO1',)","('[K+].[F-]',)"
138,6,"('COCCOC',)","('O=C([O-])[O-].[Cs+].[Cs+]',)"
138,7,"('No Solvent',)","('[Cs+].[F-]',)"
138,8,"('CN(C)C=O',)","('No Base',)"
138,9,"('CN(C)C=O.O',)","('O=C([O-])O.[Na+],O=C([O-])[O-].[Na+].[Na+]',)"
138,10,"('COCCOC.CCOC(C)=O',)","('[OH-].[Na+]',)"
2373,1,"('O.C1COCCO1',)","('O=C([O-])[O-].[Na+].[Na+]',)"
2373,2,"('CN(C)C=O.N#Cc1ccccc1.CCOC(C)=O',)","('O=C([O-])[O-].[K+].[K+]',)"
2373,3,"('COCCOC',)","('O=C([O-])[O-].[Cs+].[Cs+]',)"
2373,4,"('CC#N',)","('O=C([O-])O.[Na+]',)"
2373,5,"('No Solvent',)","('No Base',)"
2373,6,"('CN(C)C=O.O',)","('[Cs+].[F-]',)"
2373,7,"('CCO.Cc1ccccc1.O',)","('O=P([O-])([O-])[O-].[K+].[K+].[K+]',)"
2373,8,"('O.COCCOC',)","('[OH-].[Na+]',)"
2373,9,"('COCCOC.ClCCl',)","('[K+].[F-]',)"
2373,10,"('CN(C)C=O',)","('O=C([O-])O.[Na+],O=C([O-])[O-].[Na+].[Na+]',)"
3823,1,"('COCCOC',)","('O=C([O-])[O-].[K+].[K+]',)"
3823,2,"('O.C1COCCO1',)","('O=C([O-])O.[Na+]',)"
3823,3,"('O.COCCOC',)","('O=C([O-])[O-].[Na+].[Na+]',)"
3823,4,"('CN(C)C=O.O',)","('O=P([O-])([O-])[O-].[K+].[K+].[K+]',)"
3823,5,"('CCO.Cc1ccccc1.O',)","('No Base',)"
3823,6,"('C1COCCO1',)","('O=C([O-])[O-].[Cs+].[Cs+]',)"
3823,7,"('CCO.O.COCCOC',)","('O=C([O-])O.[Na+],O=C([O-])[O-].[Na+].[Na+]',)"
3823,8,"('CN(C)C=O',)","('[Cs+].[F-]',)"
3823,9,"('CCO.Cc1ccccc1',)","('[OH-].[Na+]',)"
3823,10,"('COCCOC.CCOC(C)=O',)","('CCN(CC)CC',)"
4684,1,"('O.C1COCCO1',)","('O=C([O-])[O-].[Na+].[Na+]',)"
4684,2,"('C1COCCO1',)","('O=C([O-])[O-].[K+].[K+]',)"
4684,3,"('O.COCCOC.ClCCl',)","('O=P([O-])([O-])[O-].[K+].[K+].[K+]',)"
4684,4,"('O.CC#N',)","('O=C([O-])O.[Na+]',)"
4684,5,"('CN(C)C=O',)","('O=C([O-])[O-].[Cs+].[Cs+]',)"
4684,6,"('COCCOC',)","('No Base',)"
4684,7,"('CCO.Cc1ccccc1',)","('[Cs+].[F-]',)"
4684,8,"('CCO.O.COCCOC',)","('[K+].[F-]',)"
4684,9,"('Cc1ccccc1.O',)","('O=C([O-])O.[Na+],O=C([O-])[O-].[Na+].[Na+]',)"
4684,10,"('O.CCOC(C)=O.C1COCCO1',)","('[OH-].[Na+]',)"
3013,1,"('O.C1CCOC1',)","('O=C([O-])[O-].[K+].[K+]',)"
3013,2,"('C1COCCO1',)","('O=C([O-])[O-].[Na+].[Na+]',)"
3013,3,"('O.COCCOC',)","('O=P([O-])([O-])[O-].[K+].[K+].[K+]',)"
3013,4,"('CCO.Cc1ccccc1',)","('[K+].[F-]',)"
3013,5,"('O.C1COCCO1',)","('O=C([O-])[O-].[Cs+].[Cs+]',)"
3013,6,"('CN(C)C=O.O',)","('No Base',)"
3013,7,"('CN(C)C=O',)","('O=C([O-])O.[Na+]',)"
3013,8,"('No Solvent',)","('[Cs+].[F-]',)"
3013,9,"('Cc1ccccc1',)","('O=C([O-])O.[Na+],O=C([O-])[O-].[Na+].[Na+]',)"
3013,10,"('O.C1COCCO1.ClCCl',)","('CC(=O)[O-].[K+]',)"
3421,1,"('No Solvent',)","('O=C([O-])[O-].[Na+].[Na+]',)"
3421,2,"('O.COCCOC',)","('O=C([O-])[O-].[K+].[K+]',)"
3421,3,"('O.C1COCCO1',)","('O=C([O-])[O-].[Cs+].[Cs+]',)"
3421,4,"('O.CCOC(C)=O.C1COCCO1',)","('O=P([O-])([O-])[O-].[K+].[K+].[K+]',)"
3421,5,"('CN(C)C=O',)","('No Base',)"
3421,6,"('CN(C)C=O.O',)","('[K+].[F-]',)"
3421,7,"('C1COCCO1',)","('O=C([O-])O.[Na+]',)"
3421,8,"('O.C1COCCO1.ClCCl',)","('[Cs+].[F-]',)"
3421,9,"('C1COCCO1.ClCCl',)","('O=C([O-])O.[Na+],O=C([O-])[O-].[Na+].[Na+]',)"
3421,10,"('CCO.Cc1ccccc1',)","('[OH-].[Na+]',)"
2855,1,"('CN(C)C=O.O',)","('O=C([O-])[O-].[Na+].[Na+]',)"
2855,2,"('O.C1COCCO1',)","('O=C([O-])[O-].[K+].[K+]',)"
2855,3,"('O.COCCOC',)","('No Base',)"
2855,4,"('No Solvent',)","('O=P([O-])([O-])[O-].[K+].[K+].[K+]',)"
2855,5,"('C1CCOC1',)","('O=C([O-])[O-].[Cs+].[Cs+]',)"
2855,6,"('C1COCCO1',)","('O=C([O-])O.[Na+]',)"
2855,7,"('CN(C)C=O',)","('CCN(CC)CC',)"
2855,8,"('COCCOC',)","('[Cs+].[F-]',)"
2855,9,"('COCCOC.CCOC(C)=O',)","('[K+].[F-]',)"
2855,10,"('CCO.Cc1ccccc1.O',)","('O=C([O-])O.[Na+],O=C([O-])[O-].[Na+].[Na+]',)"
1036,1,"('C1COCCO1',)","('O=C([O-])[O-].[Na+].[Na+]',)"
1036,2,"('O.CCOC(C)=O.C1COCCO1',)","('O=C([O-])[O-].[K+].[K+]',)"
1036,3,"('O.C1COCCO1',)","('O=C([O-])[O-].[Cs+].[Cs+]',)"
1036,4,"('CCO.Cc1ccccc1',)","('No Base',)"
1036,5,"('No Solvent',)","('O=P([O-])([O-])[O-].[K+].[K+].[K+]',)"
1036,6,"('CCO.Cc1ccccc1.O',)","('O=C([O-])O.[Na+]',)"
1036,7,"('O.CC#N',)","('[Cs+].[F-]',)"
1036,8,"('O.COCCOC',)","('[K+].[F-]',)"
1036,9,"('COCCOC',)","('CCN(CC)CC',)"
1036,10,"('O.C1CCOC1',)","('O=C([O-])O.[Na+],O=C([O-])[O-].[Na+].[Na+]',)"
1913,1,"('O.C1COCCO1',)","('O=C([O-])[O-].[Na+].[Na+]',)"
1913,2,"('C1COCCO1',)","('O=C([O-])[O-].[Cs+].[Cs+]',)"
1913,3,"('C1COCCO1.ClCCl',)","('O=P([O-])([O-])[O-].[K+].[K+].[K+]',)"
1913,4,"('CN(C)C=O',)","('O=C([O-])O.[Na+]',)"
1913,5,"('O.COCCOC',)","('O=C([O-])[O-].[K+].[K+]',)"
1913,6,"('O.CC#N',)","('No Base',)"
1913,7,"('CCO.Cc1ccccc1',)","('[Cs+].[F-]',)"
1913,8,"('No Solvent',)","('CCN(CC)CC',)"
1913,9,"('O.C1COCCO1.ClCCl',)","('O=C([O-])O.[Na+],O=C([O-])[O-].[Na+].[Na+]',)"
1913,10,"('O.COCCOC.ClCCl',)","('[OH-].[Na+]',)"
4543,1,"('No Solvent',)","('No Base',)"
4543,2,"('O.C1COCCO1',)","('O=C([O-])[O-].[Cs+].[Cs+]',)"
4543,3,"('COCCOC',)","('O=C([O-])[O-].[Na+].[Na+]',)"
4543,4,"('CN(C)C=O.O',)","('O=P([O-])([O-])[O-].[K+].[K+].[K+]',)"
4543,5,"('CCO.Cc1ccccc1.O',)","('O=C([O-])[O-].[K+].[K+]',)"
4543,6,"('O.CCOC(C)=O.C1COCCO1',)","('O=C([O-])O.[Na+]',)"
4543,7,"('O.COCCOC',)","('[K+].[F-]',)"
4543,8,"('O.C1CCOC1',)","('[Cs+].[F-]',)"
4543,9,"('C1CCOC1',)","('O=C([O-])O.[Na+],O=C([O-])[O-].[Na+].[Na+]',)"
4543,10,"('C1COCCO1',)","('[OH-].[Na+]',)"
1691,1,"('CN(C)C=O',)","('O=C([O-])[O-].[Na+].[Na+]',)"
1691,2,"('O.CCOC(C)=O.C1COCCO1',)","('O=C([O-])[O-].[K+].[K+]',)"
1691,3,"('COCCOC',)","('O=P([O-])([O-])[O-].[K+].[K+].[K+]',)"
1691,4,"('CCO.Cc1ccccc1',)","('O=C([O-])[O-].[Cs+].[Cs+]',)"
1691,5,"('CCO.Cc1ccccc1.O',)","('O=C([O-])O.[Na+]',)"
1691,6,"('O.C1COCCO1',)","('No Base',)"
1691,7,"('CCO.Cc1ccccc1.CCOC(C)=O',)","('O=C([O-])O.[Na+],O=C([O-])[O-].[Na+].[Na+]',)"
1691,8,"('O.COCCOC',)","('CC(=O)[O-].[K+]',)"
1691,9,"('CC#N',)","('[OH-].[Na+]',)"
1691,10,"('C1COCCO1',)","('CCN(CC)CC',)"
901,1,"('COCCOC',)","('O=C([O-])[O-].[Na+].[Na+]',)"
901,2,"('C1COCCO1',)","('O=C([O-])[O-].[K+].[K+]',)"
901,3,"('COCCOC.CCOC(C)=O',)","('O=P([O-])([O-])[O-].[K+].[K+].[K+]',)"
901,4,"('O.COCCOC',)","('O=C([O-])[O-].[Cs+].[Cs+]',)"
901,5,"('CN(C)C=O',)","('No Base',)"
901,6,"('O.CCOC(C)=O.C1COCCO1',)","('O=C([O-])O.[Na+]',)"
901,7,"('O.C1COCCO1.ClCCl',)","('[Cs+].[F-]',)"
901,8,"('O.C1COCCO1',)","('[OH-].[Na+]',)"
901,9,"('Cc1ccccc1.O',)","('CCN(CC)CC',)"
901,10,"('CCO.COCCOC',)","('[K+].[F-]',)"
4661,1,"('CN(C)C=O.O',)","('O=C([O-])[O-].[K+].[K+]',)"
4661,2,"('O.C1COCCO1',)","('O=C([O-])[O-].[Na+].[Na+]',)"
4661,3,"('C1COCCO1',)","('O=P([O-])([O-])[O-].[K+].[K+].[K+]',)"
4661,4,"('O.COCCOC',)","('O=C([O-])O.[Na+]',)"
4661,5,"('O.C1COCCO1.ClCCl',)","('O=C([O-])[O-].[Cs+].[Cs+]',)"
4661,6,"('CN(C)C=O',)","('No Base',)"
4661,7,"('O.CC#N',)","('CCN(CC)CC',)"
4661,8,"('Cc1ccccc1.O',)","('[K+].[F-]',)"
4661,9,"('CCO.Cc1ccccc1',)","('[Cs+].[F-]',)"
4661,10,"('Cc1ccccc1',)","('O=C([O-])O.[Na+],O=C([O-])[O-].[Na+].[Na+]',)"
4451,1,"('O.C1COCCO1',)","('O=C([O-])[O-].[K+].[K+]',)"
4451,2,"('No Solvent',)","('O=C([O-])[O-].[Na+].[Na+]',)"
4451,3,"('CCO.O',)","('O=C([O-])[O-].[Cs+].[Cs+]',)"
4451,4,"('O.COCCOC',)","('[K+].[F-]',)"
4451,5,"('C1COCCO1.ClCCl',)","('No Base',)"
4451,6,"('C1COCCO1',)","('O=P([O-])([O-])[O-].[K+].[K+].[K+]',)"
4451,7,"('COCCOC',)","('O=C([O-])O.[Na+]',)"
4451,8,"('O.C1COCCO1.ClCCl',)","('O=C([O-])O.[Na+],O=C([O-])[O-].[Na+].[Na+]',)"
4451,9,"('CN(C)C=O',)","('CCN(CC)CC',)"
4451,10,"('CCO.O.COCCOC',)","('[OH-].[Na+]',)"
4494,1,"('O.C1COCCO1',)","('O=C([O-])[O-].[K+].[K+]',)"
4494,2,"('CN(C)C=O.O',)","('O=C([O-])[O-].[Na+].[Na+]',)"
4494,3,"('O.CCOC(C)=O.C1COCCO1',)","('No Base',)"
4494,4,"('C1COCCO1',)","('O=P([O-])([O-])[O-].[K+].[K+].[K+]',)"
4494,5,"('O.COCCOC',)","('O=C([O-])O.[Na+]',)"
4494,6,"('CCO.Cc1ccccc1.O',)","('O=C([O-])[O-].[Cs+].[Cs+]',)"
4494,7,"('CN(C)C=O',)","('CC(=O)[O-].[K+]',)"
4494,8,"('COCCOC',)","('[Cs+].[F-]',)"
4494,9,"('No Solvent',)","('[K+].[F-]',)"
4494,10,"('O.COCCOC.CCOC(C)=O',)","('CCN(CC)CC',)"
1439,1,"('O.C1COCCO1',)","('O=C([O-])[O-].[Na+].[Na+]',)"
1439,2,"('O.COCCOC',)","('O=P([O-])([O-])[O-].[K+].[K+].[K+]',)"
1439,3,"('CCO.Cc1ccccc1',)","('[Cs+].[F-]',)"
1439,4,"('CN(C)C=O',)","('O=C([O-])[O-].[Cs+].[Cs+]',)"
1439,5,"('CO',)","('O=C([O-])[O-].[K+].[K+]',)"
1439,6,"('C1COCCO1',)","('No Base',)"
1439,7,"('O.CC#N',)","('O=C([O-])O.[Na+]',)"
1439,8,"('CN(C)C=O.O',)","('O=C([O-])O.[Na+],O=C([O-])[O-].[Na+].[Na+]',)"
1439,9,"('CCO.Cc1ccccc1.O',)","('[K+].[F-]',)"
1439,10,"('No Solvent',)","('CCN(CC)CC',)"
2598,1,"('CN(C)C=O',)","('O=C([O-])[O-].[Na+].[Na+]',)"
2598,2,"('C1COCCO1',)","('O=P([O-])([O-])[O-].[K+].[K+].[K+]',)"
2598,3,"('CN(C)C=O.O',)","('O=C([O-])[O-].[Cs+].[Cs+]',)"
2598,4,"('O.C1COCCO1',)","('O=C([O-])[O-].[K+].[K+]',)"
2598,5,"('CCO.Cc1ccccc1.O',)","('No Base',)"
2598,6,"('O.CCOC(C)=O.CC#N',)","('O=C([O-])O.[Na+]',)"
2598,7,"('COCCOC',)","('[OH-].[Na+]',)"
2598,8,"('O.CCOC(C)=O.C1COCCO1',)","('O=C([O-])O.[Na+],O=C([O-])[O-].[Na+].[Na+]',)"
2598,9,"('O.CCOC(C)=O.COCCOC',)","('[Cs+].[F-]',)"
2598,10,"('No Solvent',)","('CCN(CC)CC',)"
3357,1,"('O.COCCOC',)","('O=P([O-])([O-])[O-].[K+].[K+].[K+]',)"
3357,2,"('O.CCOC(C)=O.C1COCCO1',)","('O=C([O-])[O-].[Na+].[Na+]',)"
3357,3,"('O.C1COCCO1',)","('O=C([O-])[O-].[K+].[K+]',)"
3357,4,"('C1COCCO1',)","('O=C([O-])O.[Na+]',)"
3357,5,"('COCCOC',)","('O=C([O-])[O-].[Cs+].[Cs+]',)"
3357,6,"('CN(C)C=O',)","('O=C([O-])O.[Na+],O=C([O-])[O-].[Na+].[Na+]',)"
3357,7,"('C1CCOC1',)","('No Base',)"
3357,8,"('O.COCCOC.ClCCl',)","('[OH-].[Na+]',)"
3357,9,"('O.COCCOC.CCOC(C)=O',)","('[K+].[F-]',)"
3357,10,"('COCCOC.CCOC(C)=O',)","('[Cs+].[F-]',)"
755,1,"('O.C1COCCO1',)","('O=C([O-])[O-].[K+].[K+]',)"
755,2,"('C1COCCO1',)","('O=C([O-])[O-].[Na+].[Na+]',)"
755,3,"('O.COCCOC',)","('O=P([O-])([O-])[O-].[K+].[K+].[K+]',)"
755,4,"('COCCOC',)","('O=C([O-])[O-].[Cs+].[Cs+]',)"
755,5,"('CCO.O.COCCOC',)","('O=C([O-])O.[Na+],O=C([O-])[O-].[Na+].[Na+]',)"
755,6,"('CCO.Cc1ccccc1',)","('[Cs+].[F-]',)"
755,7,"('O.CC#N',)","('O=C([O-])O.[Na+]',)"
755,8,"('CN(C)C=O.O',)","('No Base',)"
755,9,"('CN(C)C=O',)","('CC(=O)[O-].[K+]',)"
755,10,"('O.CCOC(C)=O.COCCOC',)","('[K+].[F-]',)"
4069,1,"('CCO.Cc1ccccc1.O',)","('O=C([O-])[O-].[K+].[K+]',)"
4069,2,"('COCCOC',)","('O=C([O-])[O-].[Na+].[Na+]',)"
4069,3,"('O.C1COCCO1.ClCCl',)","('O=P([O-])([O-])[O-].[K+].[K+].[K+]',)"
4069,4,"('O.COCCOC',)","('O=C([O-])[O-].[Cs+].[Cs+]',)"
4069,5,"('C1COCCO1',)","('O=C([O-])O.[Na+]',)"
4069,6,"('O.C1COCCO1',)","('O=C([O-])O.[Na+],O=C([O-])[O-].[Na+].[Na+]',)"
4069,7,"('CN(C)C=O',)","('No Base',)"
4069,8,"('CC#N',)","('CC(=O)[O-].[K+]',)"
4069,9,"('No Solvent',)","('CCN(CC)CC',)"
4069,10,"('CN(C)C=O.O',)","('[OH-].[Na+]',)"
4115,1,"('CCO.Cc1ccccc1',)","('O=C([O-])[O-].[Na+].[Na+]',)"
4115,2,"('COCCOC',)","('O=C([O-])[O-].[Cs+].[Cs+]',)"
4115,3,"('O.COCCOC',)","('O=C([O-])O.[Na+]',)"
4115,4,"('CN(C)C=O.CCOC(C)=O',)","('O=C([O-])[O-].[K+].[K+]',)"
4115,5,"('O.C1COCCO1',)","('O=P([O-])([O-])[O-].[K+].[K+].[K+]',)"
4115,6,"('C1COCCO1',)","('No Base',)"
4115,7,"('O.CCOC(C)=O.C1COCCO1',)","('[Cs+].[F-]',)"
4115,8,"('CN(C)C=O.O',)","('[K+].[F-]',)"
4115,9,"('No Solvent',)","('CCN(CC)CC',)"
4115,10,"('CCO.COCCOC',)","('[OH-].[Na+]',)"
5076,1,"('No Solvent',)","('O=C([O-])[O-].[Cs+].[Cs+]',)"
5076,2,"('CN(C)C=O.O',)","('O=C([O-])[O-].[Na+].[Na+]',)"
5076,3,"('O.C1COCCO1',)","('O=P([O-])([O-])[O-].[K+].[K+].[K+]',)"
5076,4,"('CN(C)C=O',)","('O=C([O-])[O-].[K+].[K+]',)"
5076,5,"('O.COCCOC',)","('O=C([O-])O.[Na+]',)"
5076,6,"('CCO.Cc1ccccc1.O',)","('No Base',)"
5076,7,"('O.C1COCCO1.ClCCl',)","('[K+].[F-]',)"
5076,8,"('C1COCCO1',)","('O=C([O-])O.[Na+],O=C([O-])[O-].[Na+].[Na+]',)"
5076,9,"('O.CC#N',)","('CCN(CC)CC',)"
5076,10,"('O.CCOC(C)=O.C1COCCO1',)","('[OH-].[Na+]',)"
3846,1,"('CN(C)C=O',)","('O=C([O-])[O-].[Na+].[Na+]',)"
3846,2,"('O.C1CCOC1',)","('O=C([O-])[O-].[K+].[K+]',)"
3846,3,"('C1COCCO1.ClCCl',)","('O=C([O-])[O-].[Cs+].[Cs+]',)"
3846,4,"('CCO.O.COCCOC',)","('O=P([O-])([O-])[O-].[K+].[K+].[K+]',)"
3846,5,"('CCO.Cc1ccccc1.O',)","('O=C([O-])O.[Na+]',)"
3846,6,"('O.C1CCOC1.CCOC(C)=O',)","('No Base',)"
3846,7,"('CCO',)","('CCN(CC)CC',)"
3846,8,"('O.CC#N',)","('O=C([O-])O.[Na+],O=C([O-])[O-].[Na+].[Na+]',)"
3846,9,"('O.C1COCCO1',)","('[K+].[F-]',)"
3846,10,"('O.COCCOC',)","('[Cs+].[F-]',)"
2742,1,"('O.CCOC(C)=O.C1COCCO1',)","('O=C([O-])[O-].[Na+].[Na+]',)"
2742,2,"('O.C1COCCO1',)","('O=C([O-])[O-].[K+].[K+]',)"
2742,3,"('O.COCCOC',)","('O=C([O-])[O-].[Cs+].[Cs+]',)"
2742,4,"('CCO.O.COCCOC',)","('O=P([O-])([O-])[O-].[K+].[K+].[K+]',)"
2742,5,"('COCCOC',)","('O=C([O-])O.[Na+]',)"
2742,6,"('C1COCCO1',)","('No Base',)"
2742,7,"('CN(C)C=O',)","('O=C([O-])O.[Na+],O=C([O-])[O-].[Na+].[Na+]',)"
2742,8,"('Cc1ccccc1.O',)","('[Cs+].[F-]',)"
2742,9,"('O.CC#N',)","('[OH-].[Na+]',)"
2742,10,"('CCO.Cc1ccccc1.O',)","('[K+].[F-]',)"
2407,1,"('COCCOC',)","('O=C([O-])[O-].[Na+].[Na+]',)"
2407,2,"('O.C1COCCO1',)","('O=C([O-])[O-].[K+].[K+]',)"
2407,3,"('O.COCCOC',)","('O=C([O-])[O-].[Cs+].[Cs+]',)"
2407,4,"('CN(C)C=O',)","('No Base',)"
2407,5,"('Cc1ccccc1.O',)","('O=P([O-])([O-])[O-].[K+].[K+].[K+]',)"
2407,6,"('C1COCCO1',)","('O=C([O-])O.[Na+]',)"
2407,7,"('CCO.COCCOC',)","('O=C([O-])O.[Na+],O=C([O-])[O-].[Na+].[Na+]',)"
2407,8,"('CCO.Cc1ccccc1',)","('[Cs+].[F-]',)"
2407,9,"('COCCOC.ClCCl',)","('[K+].[F-]',)"
2407,10,"('O.CC#N',)","('CCN(CC)CC',)"
2557,1,"('C1COCCO1',)","('O=C([O-])[O-].[Na+].[Na+]',)"
2557,2,"('O.C1COCCO1',)","('O=C([O-])[O-].[K+].[K+]',)"
2557,3,"('C1COCCO1.ClCCl',)","('O=C([O-])[O-].[Cs+].[Cs+]',)"
2557,4,"('COCCOC',)","('O=P([O-])([O-])[O-].[K+].[K+].[K+]',)"
2557,5,"('CCO.Cc1ccccc1',)","('O=C([O-])O.[Na+]',)"
2557,6,"('C1CCOC1',)","('No Base',)"
2557,7,"('CN(C)C=O.O',)","('O=C([O-])O.[Na+],O=C([O-])[O-].[Na+].[Na+]',)"
2557,8,"('COCCOC.ClCCl',)","('[OH-].[Na+]',)"
2557,9,"('O.COCCOC',)","('[Cs+].[F-]',)"
2557,10,"('O.C1CCOC1',)","('[K+].[F-]',)"
3398,1,"('O.COCCOC',)","('O=C([O-])[O-].[Na+].[Na+]',)"
3398,2,"('COCCOC',)","('O=C([O-])[O-].[K+].[K+]',)"
3398,3,"('O.C1COCCO1',)","('O=P([O-])([O-])[O-].[K+].[K+].[K+]',)"
3398,4,"('O.CC#N',)","('No Base',)"
3398,5,"('C1COCCO1',)","('O=C([O-])O.[Na+]',)"
3398,6,"('CCO.Cc1ccccc1',)","('O=C([O-])[O-].[Cs+].[Cs+]',)"
3398,7,"('Cc1ccccc1',)","('O=C([O-])O.[Na+],O=C([O-])[O-].[Na+].[Na+]',)"
3398,8,"('O.CCOC(C)=O.C1COCCO1',)","('[Cs+].[F-]',)"
3398,9,"('O.C1CCOC1',)","('[K+].[F-]',)"
3398,10,"('CN(C)C=O.O',)","('[OH-].[Na+]',)"
689,1,"('O.COCCOC',)","('O=C([O-])[O-].[Na+].[Na+]',)"
689,2,"('No Solvent',)","('O=C([O-])O.[Na+]',)"
689,3,"('COCCOC',)","('O=C([O-])O.[Na+],O=C([O-])[O-].[Na+].[Na+]',)"
689,4,"('C1COCCO1',)","('O=C([O-])[O-].[K+].[K+]',)"
689,5,"('O.CCOC(C)=O.C1COCCO1',)","('No Base',)"
689,6,"('O.C1COCCO1',)","('O=P([O-])([O-])[O-].[K+].[K+].[K+]',)"
689,7,"('CN(C)C=O.O',)","('O=C([O-])[O-].[Cs+].[Cs+]',)"
689,8,"('O.CCOC(C)=O.COCCOC',)","('[Cs+].[F-]',)"
689,9,"('Cc1ccccc1',)","('CCN(CC)CC',)"
689,10,"('O.C1COCCO1.ClCCl',)","('[K+].[F-]',)"
525,1,"('CCO.Cc1ccccc1.O',)","('O=C([O-])[O-].[Na+].[Na+]',)"
525,2,"('O.C1COCCO1',)","('O=C([O-])[O-].[K+].[K+]',)"
525,3,"('O.COCCOC',)","('O=C([O-])[O-].[Cs+].[Cs+]',)"
525,4,"('O.CCOC(C)=O.C1COCCO1',)","('O=P([O-])([O-])[O-].[K+].[K+].[K+]',)"
525,5,"('C1COCCO1',)","('No Base',)"
525,6,"('COCCOC',)","('O=C([O-])O.[Na+]',)"
525,7,"('CCO.Cc1ccccc1.CCOC(C)=O',)","('[K+].[F-]',)"
525,8,"('COCCOC.ClCCl',)","('CCN(CC)CC',)"
525,9,"('O.CC#N',)","('CC(=O)[O-].[K+]',)"
525,10,"('Cc1ccccc1.O',)","('[Cs+].[F-]',)"
2858,1,"('ClCCl',)","('No Base',)"
2858,2,"('O.C1CCOC1',)","('O=C([O-])[O-].[Cs+].[Cs+]',)"
2858,3,"('COCCOC',)","('O=C([O-])[O-].[Na+].[Na+]',)"
2858,4,"('O.COCCOC',)","('[K+].[F-]',)"
2858,5,"('O.CCOC(C)=O.C1COCCO1',)","('O=C([O-])[O-].[K+].[K+]',)"
2858,6,"('No Solvent',)","('O=P([O-])([O-])[O-].[K+].[K+].[K+]',)"
2858,7,"('O.CC#N',)","('O=C([O-])O.[Na+]',)"
2858,8,"('CCO.Cc1ccccc1.O',)","('[Cs+].[F-]',)"
2858,9,"('O.C1COCCO1',)","('O=C([O-])O.[Na+],O=C([O-])[O-].[Na+].[Na+]',)"
2858,10,"('CN(C)C=O.O',)","('[OH-].[Na+]',)"
671,1,"('No Solvent',)","('O=C([O-])[O-].[Na+].[Na+]',)"
671,2,"('O.COCCOC',)","('O=C([O-])[O-].[K+].[K+]',)"
671,3,"('O.C1COCCO1',)","('O=C([O-])[O-].[Cs+].[Cs+]',)"
671,4,"('COCCOC',)","('O=P([O-])([O-])[O-].[K+].[K+].[K+]',)"
671,5,"('CCO.O.COCCOC',)","('No Base',)"
671,6,"('CN(C)C=O',)","('O=C([O-])O.[Na+]',)"
671,7,"('O.C1CCOC1',)","('[K+].[F-]',)"
671,8,"('O.CCOC(C)=O.C1COCCO1',)","('[Cs+].[F-]',)"
671,9,"('Cc1ccccc1',)","('O=C([O-])O.[Na+],O=C([O-])[O-].[Na+].[Na+]',)"
671,10,"('O.C1COCCO1.ClCCl',)","('CCN(CC)CC',)"
2723,1,"('Cc1ccccc1.O.CCOC(C)=O',)","('O=P([O-])([O-])[O-].[K+].[K+].[K+]',)"
2723,2,"('CN(C)C=O.O',)","('O=C([O-])[O-].[Na+].[Na+]',)"
2723,3,"('O.C1COCCO1',)","('O=C([O-])[O-].[K+].[K+]',)"
2723,4,"('C1COCCO1',)","('O=C([O-])[O-].[Cs+].[Cs+]',)"
2723,5,"('COCCOC',)","('No Base',)"
2723,6,"('O.COCCOC',)","('O=C([O-])O.[Na+]',)"
2723,7,"('O.COCCOC.CCOC(C)=O',)","('[Cs+].[F-]',)"
2723,8,"('CN(C)C=O',)","('[OH-].[Na+]',)"
2723,9,"('CCOC(C)=O.C1COCCO1',)","('CCN(CC)CC',)"
2723,10,"('O.COCCOC.ClCCl',)","('O=C([O-])O.[Na+],O=C([O-])[O-].[Na+].[Na+]',)"
675,1,"('O.COCCOC',)","('O=C([O-])[O-].[Na+].[Na+]',)"
675,2,"('No Solvent',)","('O=P([O-])([O-])[O-].[K+].[K+].[K+]',)"
675,3,"('O.C1COCCO1.ClCCl',)","('O=C([O-])O.[Na+]',)"
675,4,"('C1COCCO1',)","('O=C([O-])[O-].[K+].[K+]',)"
675,5,"('CN(C)C=O.O',)","('O=C([O-])[O-].[Cs+].[Cs+]',)"
675,6,"('CCO.Cc1ccccc1',)","('No Base',)"
675,7,"('COCCOC',)","('O=C([O-])O.[Na+],O=C([O-])[O-].[Na+].[Na+]',)"
675,8,"('CCO.Cc1ccccc1.O',)","('[OH-].[Na+]',)"
675,9,"('O.CCOC(C)=O.C1COCCO1',)","('[K+].[F-]',)"
675,10,"('CCO.COCCOC',)","('[Cs+].[F-]',)"
4220,1,"('C1COCCO1',)","('O=C([O-])[O-].[Na+].[Na+]',)"
4220,2,"('O.C1COCCO1',)","('O=C([O-])[O-].[K+].[K+]',)"
4220,3,"('CCO.Cc1ccccc1',)","('O=C([O-])O.[Na+]',)"
4220,4,"('O.COCCOC',)","('O=P([O-])([O-])[O-].[K+].[K+].[K+]',)"
4220,5,"('CCO.O.COCCOC',)","('O=C([O-])[O-].[Cs+].[Cs+]',)"
4220,6,"('O.COCCOC.ClCCl',)","('No Base',)"
4220,7,"('COCCOC',)","('O=C([O-])O.[Na+],O=C([O-])[O-].[Na+].[Na+]',)"
4220,8,"('O.CC#N',)","('CC(=O)[O-].[K+]',)"
4220,9,"('O.C1CCOC1',)","('[K+].[F-]',)"
4220,10,"('CN(C)C=O.O',)","('[Cs+].[F-]',)"
5218,1,"('O.CC#N',)","('O=C([O-])[O-].[Na+].[Na+]',)"
5218,2,"('CCO.Cc1ccccc1',)","('O=C([O-])[O-].[Cs+].[Cs+]',)"
5218,3,"('O.C1COCCO1',)","('O=C([O-])[O-].[K+].[K+]',)"
5218,4,"('C1COCCO1',)","('O=P([O-])([O-])[O-].[K+].[K+].[K+]',)"
5218,5,"('COCCOC',)","('O=C([O-])O.[Na+]',)"
5218,6,"('CN(C)C=O.O',)","('No Base',)"
5218,7,"('CC#N',)","('O=C([O-])O.[Na+],O=C([O-])[O-].[Na+].[Na+]',)"
5218,8,"('CN(C)C=O',)","('[Cs+].[F-]',)"
5218,9,"('CCO.O.COCCOC',)","('[K+].[F-]',)"
5218,10,"('No Solvent',)","('CCN(CC)CC',)"
2411,1,"('O.CC#N',)","('O=P([O-])([O-])[O-].[Na+].[Na+].[Na+],CC(=O)[O-].[Na+],CC(=O)[O-].[K+],O=P([O-])([O-])[O-].[K+].[K+].[K+]',)"
2411,2,"('CN(C)C=O.O',)","('O=P([O-])([O-])[O-].[K+].[K+].[K+]',)"
2411,3,"('O.C1CCOC1',)","('O=C([O-])[O-].[Na+].[Na+]',)"
2411,4,"('O.COCCOC',)","('O=C([O-])O.[Na+]',)"
2411,5,"('O.CCOC(C)=O.C1COCCO1',)","('O=P([O-])([O-])[O-].[K+].[K+].[K+],CC(=O)[O-].[K+]',)"
2411,6,"('CN(C)C=O',)","('[K+].[F-]',)"
2411,7,"('CCO.Cc1ccccc1.O',)","('No Base',)"
2411,8,"('C1CCOC1',)","('O=C([O-])[O-].[Cs+].[Cs+]',)"
2411,9,"('CCO.O.COCCOC',)","('CCN(CC)CC',)"
2411,10,"('CC#N',)","('O=C([O-])[O-].[K+].[K+]',)"
4612,1,"('No Solvent',)","('O=P([O-])([O-])[O-].[K+].[K+].[K+]',)"
4612,2,"('O.C1COCCO1',)","('O=C([O-])[O-].[Cs+].[Cs+]',)"
4612,3,"('CN(C)C=O.O',)","('O=C([O-])[O-].[Na+].[Na+]',)"
4612,4,"('O.CCOC(C)=O.C1COCCO1',)","('O=C([O-])[O-].[K+].[K+]',)"
4612,5,"('CN(C)C=O',)","('No Base',)"
4612,6,"('CCOC(C)=O.CC#N',)","('O=C([O-])O.[Na+]',)"
4612,7,"('C1COCCO1',)","('[K+].[F-]',)"
4612,8,"('O.C1CCOC1',)","('[Cs+].[F-]',)"
4612,9,"('Cc1ccccc1.O',)","('O=C([O-])O.[Na+],O=C([O-])[O-].[Na+].[Na+]',)"
4612,10,"('CCO.Cc1ccccc1.O',)","('[OH-].[Na+]',)"
164,1,"('COCCOC',)","('O=C([O-])[O-].[Na+].[Na+]',)"
164,2,"('O.COCCOC',)","('O=C([O-])[O-].[K+].[K+]',)"
164,3,"('CCO.Cc1ccccc1',)","('O=P([O-])([O-])[O-].[K+].[K+].[K+]',)"
164,4,"('Cc1ccccc1.O',)","('O=C([O-])O.[Na+]',)"
164,5,"('O.C1COCCO1',)","('No Base',)"
164,6,"('C1CCOC1',)","('O=C([O-])[O-].[Cs+].[Cs+]',)"
164,7,"('O.CCOC(C)=O.COCCOC',)","('O=C([O-])O.[Na+],O=C([O-])[O-].[Na+].[Na+]',)"
164,8,"('O.CC#N',)","('[Cs+].[F-]',)"
164,9,"('O.CCOC(C)=O.C1COCCO1',)","('CCN(CC)CC',)"
164,10,"('Cc1ccccc1',)","('[K+].[F-]',)"
295,1,"('O.COCCOC',)","('O=C([O-])[O-].[Na+].[Na+]',)"
295,2,"('No Solvent',)","('O=C([O-])[O-].[K+].[K+]',)"
295,3,"('O.C1COCCO1',)","('O=C([O-])O.[Na+]',)"
295,4,"('COCCOC',)","('O=C([O-])[O-].[Cs+].[Cs+]',)"
295,5,"('CCO.Cc1ccccc1',)","('No Base',)"
295,6,"('O.C1CCOC1',)","('O=P([O-])([O-])[O-].[K+].[K+].[K+]',)"
295,7,"('CN(C)C=O',)","('[K+].[F-]',)"
295,8,"('Cc1ccccc1',)","('O=C([O-])O.[Na+],O=C([O-])[O-].[Na+].[Na+]',)"
295,9,"('C1COCCO1',)","('[OH-].[Na+]',)"
295,10,"('CN(C)C=O.O',)","('[Cs+].[F-]',)"
3958,1,"('CC#N',)","('O=C([O-])[O-].[Na+].[Na+]',)"
3958,2,"('CN(C)C=O',)","('O=C([O-])[O-].[K+].[K+]',)"
3958,3,"('O.C1COCCO1',)","('O=C([O-])[O-].[Cs+].[Cs+]',)"
3958,4,"('O.COCCOC',)","('O=P([O-])([O-])[O-].[K+].[K+].[K+]',)"
3958,5,"('Cc1ccccc1',)","('O=C([O-])O.[Na+]',)"
3958,6,"('O.CC#N',)","('No Base',)"
3958,7,"('CCO.Cc1ccccc1',)","('CCN(CC)CC',)"
3958,8,"('CCO.Cc1ccccc1.O',)","('[Cs+].[F-]',)"
3958,9,"('O.C1COCCO1.ClCCl',)","('O=C([O-])O.[Na+],O=C([O-])[O-].[Na+].[Na+]',)"
3958,10,"('O.C1CCOC1',)","('[K+].[F-]',)"
3766,1,"('CCOC(C)=O.C1COCCO1',)","('O=C([O-])[O-].[Cs+].[Cs+]',)"
3766,2,"('ClCCl.C1COCCO1.CCOC(C)=O',)","('O=C([O-])[O-].[Na+].[Na+]',)"
3766,3,"('CN(C)C=O',)","('O=C([O-])[O-].[K+].[K+]',)"
3766,4,"('O.C1COCCO1',)","('O=C([O-])O.[Na+]',)"
3766,5,"('COCCOC',)","('O=P([O-])([O-])[O-].[K+].[K+].[K+]',)"
3766,6,"('CCO.O.COCCOC',)","('[Cs+].[F-]',)"
3766,7,"('O.CCOC(C)=O.C1COCCO1',)","('No Base',)"
3766,8,"('O.C1COCCO1.ClCCl',)","('O=C([O-])O.[Na+],O=C([O-])[O-].[Na+].[Na+]',)"
3766,9,"('Cc1ccccc1',)","('CC(=O)[O-].[K+]',)"
3766,10,"('CCO.Cc1ccccc1',)","('[K+].[F-]',)"
1736,1,"('CCOC(C)=O.C1COCCO1',)","('O=C([O-])[O-].[Na+].[Na+]',)"
1736,2,"('C1COCCO1',)","('O=C([O-])[O-].[Cs+].[Cs+]',)"
1736,3,"('CCO.COCCOC',)","('O=P([O-])([O-])[O-].[K+].[K+].[K+]',)"
1736,4,"('O.COCCOC',)","('O=C([O-])[O-].[K+].[K+]',)"
1736,5,"('Cc1ccccc1.O',)","('No Base',)"
1736,6,"('CCO.Cc1ccccc1.O',)","('O=C([O-])O.[Na+]',)"
1736,7,"('O.C1COCCO1.ClCCl',)","('O=C([O-])O.[Na+],O=C([O-])[O-].[Na+].[Na+]',)"
1736,8,"('CN(C)C=O',)","('[OH-].[Na+]',)"
1736,9,"('O.COCCOC.ClCCl',)","('[Cs+].[F-]',)"
1736,10,"('COCCOC.ClCCl',)","('CC(=O)[O-].[K+]',)"
1261,1,"('C1COCCO1',)","('O=C([O-])[O-].[K+].[K+]',)"
1261,2,"('O.COCCOC',)","('O=C([O-])[O-].[Na+].[Na+]',)"
1261,3,"('CCO.O.COCCOC',)","('O=C([O-])O.[Na+]',)"
1261,4,"('COCCOC',)","('O=C([O-])[O-].[Cs+].[Cs+]',)"
1261,5,"('O.C1COCCO1',)","('O=P([O-])([O-])[O-].[K+].[K+].[K+]',)"
1261,6,"('No Solvent',)","('No Base',)"
1261,7,"('O.C1CCOC1',)","('[K+].[F-]',)"
1261,8,"('Cc1ccccc1.O',)","('[Cs+].[F-]',)"
1261,9,"('CCO.Cc1ccccc1',)","('O=C([O-])O.[Na+],O=C([O-])[O-].[Na+].[Na+]',)"
1261,10,"('CN(C)C=O',)","('CC(=O)[O-].[K+]',)"
2256,1,"('O.COCCOC.ClCCl',)","('O=C([O-])O.[Na+]',)"
2256,2,"('O.CCOC(C)=O.C1COCCO1',)","('O=C([O-])[O-].[Na+].[Na+]',)"
2256,3,"('O.C1COCCO1',)","('O=C([O-])[O-].[K+].[K+]',)"
2256,4,"('O.C1COCCO1.ClCCl',)","('O=C([O-])[O-].[Cs+].[Cs+]',)"
2256,5,"('COCCOC',)","('O=P([O-])([O-])[O-].[K+].[K+].[K+]',)"
2256,6,"('C1COCCO1',)","('No Base',)"
2256,7,"('CO.O.C1COCCO1.ClCCl',)","('[Cs+].[F-]',)"
2256,8,"('CCO.Cc1ccccc1.O',)","('CCN(CC)CC',)"
2256,9,"('No Solvent',)","('O=C([O-])O.[Na+],O=C([O-])[O-].[Na+].[Na+]',)"
2256,10,"('CCO.O.COCCOC.CCOC(C)=O',)","('[K+].[F-]',)"
1683,1,"('O.C1COCCO1',)","('O=C([O-])[O-].[K+].[K+]',)"
1683,2,"('CN(C)C=O',)","('O=C([O-])[O-].[Na+].[Na+]',)"
1683,3,"('O.COCCOC',)","('O=P([O-])([O-])[O-].[K+].[K+].[K+]',)"
1683,4,"('Cc1ccccc1.O',)","('O=C([O-])[O-].[Cs+].[Cs+]',)"
1683,5,"('No Solvent',)","('No Base',)"
1683,6,"('C1COCCO1',)","('O=C([O-])O.[Na+]',)"
1683,7,"('COCCOC',)","('[Cs+].[F-]',)"
1683,8,"('O.CCOC(C)=O.C1COCCO1',)","('CCN(CC)CC',)"
1683,9,"('Cc1ccccc1',)","('[OH-].[Na+]',)"
1683,10,"('O.C1COCCO1.ClCCl',)","('O=C([O-])O.[Na+],O=C([O-])[O-].[Na+].[Na+]',)"
715,1,"('C1COCCO1',)","('O=C([O-])[O-].[Na+].[Na+]',)"
715,2,"('COCCOC',)","('O=C([O-])[O-].[K+].[K+]',)"
715,3,"('O.COCCOC',)","('O=P([O-])([O-])[O-].[K+].[K+].[K+]',)"
715,4,"('O.CC#N',)","('O=C([O-])O.[Na+]',)"
715,5,"('O.CCOC(C)=O.C1COCCO1',)","('O=C([O-])[O-].[Cs+].[Cs+]',)"
715,6,"('O.C1COCCO1',)","('No Base',)"
715,7,"('CCO.Cc1ccccc1.O.ClCCl',)","('CCN(CC)CC',)"
715,8,"('CN(C)C=O.O',)","('CC(=O)[O-].[K+]',)"
715,9,"('CN(C)C=O',)","('[Cs+].[F-]',)"
715,10,"('No Solvent',)","('[K+].[F-]',)"
4254,1,"('C1COCCO1',)","('O=C([O-])[O-].[Na+].[Na+]',)"
4254,2,"('CO.COCCOC.CCOC(C)=O.ClCCl',)","('O=C([O-])[O-].[K+].[K+]',)"
4254,3,"('Cc1ccccc1.O',)","('O=C([O-])[O-].[Cs+].[Cs+]',)"
4254,4,"('O.COCCOC',)","('O=P([O-])([O-])[O-].[K+].[K+].[K+]',)"
4254,5,"('O.CCOC(C)=O.C1COCCO1',)","('O=C([O-])O.[Na+]',)"
4254,6,"('O.C1COCCO1',)","('O=C([O-])O.[Na+],O=C([O-])[O-].[Na+].[Na+]',)"
4254,7,"('COCCOC.ClCCl',)","('No Base',)"
4254,8,"('CN(C)C=O',)","('[Cs+].[F-]',)"
4254,9,"('O.CC#N',)","('CCN(CC)CC',)"
4254,10,"('O.COCCOC.CCOC(C)=O',)","('[K+].[F-]',)"
5309,1,"('O.C1COCCO1',)","('O=C([O-])[O-].[Na+].[Na+]',)"
5309,2,"('CN(C)C=O.O',)","('O=C([O-])[O-].[K+].[K+]',)"
5309,3,"('C1COCCO1',)","('O=C([O-])[O-].[Cs+].[Cs+]',)"
5309,4,"('CCO.Cc1ccccc1',)","('O=P([O-])([O-])[O-].[K+].[K+].[K+]',)"
5309,5,"('O.C1COCCO1.ClCCl',)","('No Base',)"
5309,6,"('COCCOC',)","('O=C([O-])O.[Na+]',)"
5309,7,"('CN(C)C=O',)","('[Cs+].[F-]',)"
5309,8,"('O.COCCOC',)","('[K+].[F-]',)"
5309,9,"('No Solvent',)","('CCN(CC)CC',)"
5309,10,"('O.CC#N',)","('[OH-].[Na+]',)"
1159,1,"('ClCCl.C1COCCO1.CCOC(C)=O',)","('O=C([O-])[O-].[Cs+].[Cs+]',)"
1159,2,"('CCOC(C)=O.C1COCCO1',)","('O=C([O-])[O-].[Na+].[Na+]',)"
1159,3,"('O.C1COCCO1',)","('O=C([O-])[O-].[K+].[K+]',)"
1159,4,"('C1COCCO1',)","('O=P([O-])([O-])[O-].[K+].[K+].[K+]',)"
1159,5,"('CN(C)C=O',)","('O=C([O-])O.[Na+]',)"
1159,6,"('CCO.O.COCCOC',)","('No Base',)"
1159,7,"('O.COCCOC',)","('[K+].[F-]',)"
1159,8,"('Cc1ccccc1',)","('[Cs+].[F-]',)"
1159,9,"('O.CCOC(C)=O.C1COCCO1',)","('O=C([O-])O.[Na+],O=C([O-])[O-].[Na+].[Na+]',)"
1159,10,"('No Solvent',)","('CCN(CC)CC',)"
845,1,"('COCCOC.ClCCl',)","('O=C([O-])[O-].[K+].[K+]',)"
845,2,"('COCCOC',)","('O=C([O-])[O-].[Na+].[Na+]',)"
845,3,"('O.COCCOC',)","('No Base',)"
845,4,"('C1COCCO1',)","('O=P([O-])([O-])[O-].[K+].[K+].[K+]',)"
845,5,"('CN(C)C=O',)","('O=C([O-])[O-].[Cs+].[Cs+]',)"
845,6,"('No Solvent',)","('[K+].[F-]',)"
845,7,"('O.C1COCCO1',)","('O=C([O-])O.[Na+]',)"
845,8,"('Cc1ccccc1',)","('O=C([O-])O.[Na+],O=C([O-])[O-].[Na+].[Na+]',)"
845,9,"('O.C1CCOC1',)","('[Cs+].[F-]',)"
845,10,"('CCO.Cc1ccccc1.O',)","('CCN(CC)CC',)"
408,1,"('O.C1COCCO1',)","('O=C([O-])[O-].[K+].[K+]',)"
408,2,"('No Solvent',)","('O=C([O-])[O-].[Na+].[Na+]',)"
408,3,"('CCO.Cc1ccccc1.O',)","('O=C([O-])O.[Na+]',)"
408,4,"('C1COCCO1',)","('O=C([O-])[O-].[Cs+].[Cs+]',)"
408,5,"('CN(C)C=O',)","('No Base',)"
408,6,"('CCO.Cc1ccccc1',)","('[OH-].[Na+]',)"
408,7,"('C1CCOC1.CCOC(C)=O',)","('O=P([O-])([O-])[O-].[K+].[K+].[K+]',)"
408,8,"('O.C1COCCO1.ClCCl',)","('O=C([O-])O.[Na+],O=C([O-])[O-].[Na+].[Na+]',)"
408,9,"('Cc1ccccc1.O',)","('[K+].[F-]',)"
408,10,"('COCCOC',)","('[Cs+].[F-]',)"
752,1,"('CCO.Cc1ccccc1',)","('O=C([O-])[O-].[Na+].[Na+]',)"
752,2,"('CN(C)C=O.O',)","('O=C([O-])[O-].[K+].[K+]',)"
752,3,"('O.C1COCCO1',)","('O=C([O-])[O-].[Cs+].[Cs+]',)"
752,4,"('COCCOC',)","('O=P([O-])([O-])[O-].[K+].[K+].[K+]',)"
752,5,"('O.COCCOC.CCOC(C)=O',)","('O=C([O-])O.[Na+]',)"
752,6,"('O.CCOC(C)=O.C1COCCO1',)","('No Base',)"
752,7,"('O.CC#N',)","('[Cs+].[F-]',)"
752,8,"('C1COCCO1',)","('[OH-].[Na+]',)"
752,9,"('CN(C)C=O',)","('[K+].[F-]',)"
752,10,"('O.C1COCCO1.ClCCl',)","('O=C([O-])O.[Na+],O=C([O-])[O-].[Na+].[Na+]',)"
1973,1,"('O.C1COCCO1',)","('O=C([O-])[O-].[Na+].[Na+]',)"
1973,2,"('Cc1ccccc1.CCOC(C)=O',)","('O=C([O-])O.[Na+]',)"
1973,3,"('CN(C)C=O.O',)","('O=P([O-])([O-])[O-].[K+].[K+].[K+]',)"
1973,4,"('O.COCCOC',)","('O=C([O-])[O-].[K+].[K+]',)"
1973,5,"('C1COCCO1',)","('No Base',)"
1973,6,"('CCO.O.COCCOC',)","('O=C([O-])[O-].[Cs+].[Cs+]',)"
1973,7,"('CCO.Cc1ccccc1.O',)","('CCN(CC)CC',)"
1973,8,"('COCCOC',)","('[Cs+].[F-]',)"
1973,9,"('O.C1CCOC1',)","('O=C([O-])O.[Na+],O=C([O-])[O-].[Na+].[Na+]',)"
1973,10,"('No Solvent',)","('CC(=O)[O-].[K+]',)"
5062,1,"('CCO.Cc1ccccc1.CCOC(C)=O',)","('O=C([O-])[O-].[K+].[K+]',)"
5062,2,"('O.C1COCCO1',)","('O=C([O-])[O-].[Na+].[Na+]',)"
5062,3,"('C1COCCO1',)","('O=P([O-])([O-])[O-].[K+].[K+].[K+]',)"
5062,4,"('CN(C)C=O',)","('No Base',)"
5062,5,"('O.COCCOC',)","('O=C([O-])[O-].[Cs+].[Cs+]',)"
5062,6,"('No Solvent',)","('O=C([O-])O.[Na+]',)"
5062,7,"('O.C1CCOC1',)","('CCN(CC)CC',)"
5062,8,"('COCCOC',)","('[Cs+].[F-]',)"
5062,9,"('CN(C)C=O.O',)","('CC(=O)[O-].[K+]',)"
5062,10,"('O.CCOC(C)=O.C1COCCO1',)","('[OH-].[Na+]',)"
1865,1,"('ClCCl',)","('No Base',)"
1865,2,"('O.C1CCOC1',)","('O=C([O-])[O-].[Na+].[Na+]',)"
1865,3,"('O.C1COCCO1',)","('O=C([O-])[O-].[K+].[K+]',)"
1865,4,"('C1COCCO1',)","('O=C([O-])[O-].[Cs+].[Cs+]',)"
1865,5,"('COCCOC',)","('O=C([O-])O.[Na+]',)"
1865,6,"('O.COCCOC',)","('[K+].[F-]',)"
1865,7,"('No Solvent',)","('O=P([O-])([O-])[O-].[K+].[K+].[K+]',)"
1865,8,"('CCO.Cc1ccccc1',)","('[Cs+].[F-]',)"
1865,9,"('CN(C)C=O.O',)","('CCN(CC)CC',)"
1865,10,"('Cc1ccccc1',)","('O=C([O-])O.[Na+],O=C([O-])[O-].[Na+].[Na+]',)"
4163,1,"('C1COCCO1',)","('O=C([O-])[O-].[Na+].[Na+]',)"
4163,2,"('CN(C)C=O.O',)","('O=P([O-])([O-])[O-].[K+].[K+].[K+]',)"
4163,3,"('O.C1COCCO1',)","('No Base',)"
4163,4,"('O.CCOC(C)=O.C1COCCO1',)","('O=C([O-])[O-].[Cs+].[Cs+]',)"
4163,5,"('CN(C)C=O',)","('O=C([O-])[O-].[K+].[K+]',)"
4163,6,"('Cc1ccccc1.O',)","('O=C([O-])O.[Na+]',)"
4163,7,"('C1COCCO1.ClCCl',)","('[Cs+].[F-]',)"
4163,8,"('O.CC#N',)","('CCN(CC)CC',)"
4163,9,"('COCCOC.CCOC(C)=O',)","('[OH-].[Na+]',)"
4163,10,"('O.C1COCCO1.ClCCl',)","('O=C([O-])O.[Na+],O=C([O-])[O-].[Na+].[Na+]',)"
5193,1,"('C1COCCO1',)","('O=C([O-])[O-].[K+].[K+]',)"
5193,2,"('No Solvent',)","('O=C([O-])[O-].[Cs+].[Cs+]',)"
5193,3,"('O.C1COCCO1',)","('O=C([O-])[O-].[Na+].[Na+]',)"
5193,4,"('COCCOC',)","('O=P([O-])([O-])[O-].[K+].[K+].[K+]',)"
5193,5,"('CN(C)C=O',)","('O=C([O-])O.[Na+]',)"
5193,6,"('O.COCCOC',)","('No Base',)"
5193,7,"('O.CCOC(C)=O.C1COCCO1',)","('[Cs+].[F-]',)"
5193,8,"('CN(C)C=O.O',)","('[OH-].[K+]',)"
5193,9,"('O.C1CCOC1',)","('[K+].[F-]',)"
5193,10,"('O.C1COCCO1.ClCCl',)","('[OH-].[Na+]',)"
3054,1,"('CCO.O',)","('O=C([O-])[O-].[Na+].[Na+]',)"
3054,2,"('CN(C)C=O.O',)","('O=C([O-])[O-].[K+].[K+]',)"
3054,3,"('O.C1COCCO1',)","('O=C([O-])[O-].[Cs+].[Cs+]',)"
3054,4,"('O.CC#N',)","('No Base',)"
3054,5,"('CCO.Cc1ccccc1.O',)","('O=C([O-])O.[Na+]',)"
3054,6,"('No Solvent',)","('O=P([O-])([O-])[O-].[K+].[K+].[K+]',)"
3054,7,"('COCCOC',)","('[K+].[F-]',)"
3054,8,"('O.COCCOC',)","('[Cs+].[F-]',)"
3054,9,"('O.C1COCCO1.ClCCl',)","('O=C([O-])O.[Na+],O=C([O-])[O-].[Na+].[Na+]',)"
3054,10,"('C1COCCO1',)","('[OH-].[Na+]',)"
1020,1,"('No Solvent',)","('[K+].[F-]',)"
1020,2,"('CN(C)C=O',)","('O=C([O-])[O-].[K+].[K+]',)"
1020,3,"('O.COCCOC',)","('O=C([O-])[O-].[Cs+].[Cs+]',)"
1020,4,"('C1COCCO1',)","('O=C([O-])[O-].[Na+].[Na+]',)"
1020,5,"('CN(C)C=O.O',)","('O=P([O-])([O-])[O-].[K+].[K+].[K+]',)"
1020,6,"('COCCOC',)","('O=C([O-])O.[Na+]',)"
1020,7,"('O.C1COCCO1.ClCCl',)","('No Base',)"
1020,8,"('C1CCOC1',)","('[Cs+].[F-]',)"
1020,9,"('COCCOC.CCOC(C)=O',)","('CCN(CC)CC',)"
1020,10,"('O.CC#N',)","('[OH-].[Na+]',)"
5095,1,"('O.C1COCCO1',)","('O=C([O-])[O-].[Cs+].[Cs+]',)"
5095,2,"('O.CCOC(C)=O.C1COCCO1',)","('O=C([O-])[O-].[Na+].[Na+]',)"
5095,3,"('C1COCCO1',)","('O=P([O-])([O-])[O-].[K+].[K+].[K+]',)"
5095,4,"('CN(C)C=O.O',)","('O=C([O-])[O-].[K+].[K+]',)"
5095,5,"('O.C1COCCO1.ClCCl',)","('No Base',)"
5095,6,"('COCCOC',)","('O=C([O-])O.[Na+]',)"
5095,7,"('CN(C)C=O',)","('O=C([O-])O.[Na+],O=C([O-])[O-].[Na+].[Na+]',)"
5095,8,"('No Solvent',)","('[OH-].[Na+]',)"
5095,9,"('O.C1CCOC1',)","('[Cs+].[F-]',)"
5095,10,"('O.COCCOC.ClCCl',)","('[K+].[F-]',)"
2553,1,"('COCCOC.ClCCl',)","('O=C([O-])[O-].[Na+].[Na+]',)"
2553,2,"('C1COCCO1',)","('O=C([O-])[O-].[K+].[K+]',)"
2553,3,"('O.C1COCCO1',)","('CCN(CC)CC',)"
2553,4,"('CCO',)","('O=C([O-])[O-].[Cs+].[Cs+]',)"
2553,5,"('No Solvent',)","('No Base',)"
2553,6,"('COCCOC',)","('[OH-].[Na+]',)"
2553,7,"('O.COCCOC',)","('O=P([O-])([O-])[O-].[K+].[K+].[K+]',)"
2553,8,"('O.C1COCCO1.ClCCl',)","('[Cs+].[F-]',)"
2553,9,"('CCO.Cc1ccccc1.O',)","('O=C([O-])O.[Na+]',)"
2553,10,"('Cc1ccccc1.O',)","('O=C([O-])O.[Na+],O=C([O-])[O-].[Na+].[Na+]',)"
4044,1,"('CN(C)C=O.O',)","('O=C([O-])O.[Na+]',)"
4044,2,"('CCO.Cc1ccccc1',)","('O=C([O-])[O-].[K+].[K+]',)"
4044,3,"('CCO.O.COCCOC',)","('O=C([O-])[O-].[Na+].[Na+]',)"
4044,4,"('C1COCCO1',)","('No Base',)"
4044,5,"('CN(C)C=O',)","('O=C([O-])[O-].[Cs+].[Cs+]',)"
4044,6,"('Cc1ccccc1',)","('O=P([O-])([O-])[O-].[K+].[K+].[K+]',)"
4044,7,"('O.CC#N',)","('[Cs+].[F-]',)"
4044,8,"('CCO.Cc1ccccc1.CCOC(C)=O',)","('[K+].[F-]',)"
4044,9,"('O.CCOC(C)=O.C1COCCO1',)","('[OH-].[Na+]',)"
4044,10,"('O.COCCOC',)","('O=C([O-])O.[Na+],O=C([O-])[O-].[Na+].[Na+]',)"
2587,1,"('No Solvent',)","('O=C([O-])[O-].[Na+].[Na+]',)"
2587,2,"('O.C1COCCO1',)","('O=P([O-])([O-])[O-].[K+].[K+].[K+]',)"
2587,3,"('CC#N.COCCOC.ClCCl.CO.CN(C)C=O.O',)","('O=C([O-])[O-].[Cs+].[Cs+]',)"
2587,4,"('CN(C)C=O',)","('O=C([O-])[O-].[K+].[K+]',)"
2587,5,"('C1COCCO1',)","('No Base',)"
2587,6,"('O.COCCOC',)","('[Cs+].[F-]',)"
2587,7,"('CC#N',)","('O=C([O-])O.[Na+]',)"
2587,8,"('COCCOC.CCOC(C)=O',)","('[K+].[F-]',)"
2587,9,"('O.CCOC(C)=O.COCCOC',)","('CCN(CC)CC',)"
2587,10,"('O.CCOC(C)=O.C1COCCO1',)","('[OH-].[Na+]',)"
3367,1,"('O.C1COCCO1',)","('O=C([O-])[O-].[K+].[K+]',)"
3367,2,"('No Solvent',)","('O=C([O-])[O-].[Na+].[Na+]',)"
3367,3,"('O.COCCOC',)","('O=C([O-])[O-].[Cs+].[Cs+]',)"
3367,4,"('CCO.Cc1ccccc1.O',)","('No Base',)"
3367,5,"('CN(C)C=O',)","('O=P([O-])([O-])[O-].[K+].[K+].[K+]',)"
3367,6,"('COCCOC',)","('O=C([O-])O.[Na+]',)"
3367,7,"('O.C1COCCO1.ClCCl',)","('O=C([O-])O.[Na+],O=C([O-])[O-].[Na+].[Na+]',)"
3367,8,"('C1COCCO1',)","('[Cs+].[F-]',)"
3367,9,"('CN(C)C=O.O',)","('CCN(CC)CC',)"
3367,10,"('O.CCOC(C)=O.C1COCCO1',)","('[OH-].[Na+]',)"
2132,1,"('O.COCCOC',)","('O=C([O-])[O-].[K+].[K+]',)"
2132,2,"('O.C1COCCO1',)","('O=P([O-])([O-])[O-].[K+].[K+].[K+]',)"
2132,3,"('No Solvent',)","('O=C([O-])[O-].[Na+].[Na+]',)"
2132,4,"('C1COCCO1',)","('O=C([O-])O.[Na+]',)"
2132,5,"('O.C1CCOC1',)","('[Cs+].[F-]',)"
2132,6,"('O.CC#N',)","('O=C([O-])[O-].[Cs+].[Cs+]',)"
2132,7,"('CN(C)C=O.O',)","('No Base',)"
2132,8,"('O.C1COCCO1.ClCCl',)","('[K+].[F-]',)"
2132,9,"('CCO.Cc1ccccc1.O',)","('O=C([O-])O.[Na+],O=C([O-])[O-].[Na+].[Na+]',)"
2132,10,"('CCO.Cc1ccccc1',)","('[OH-].[Na+]',)"
1648,1,"('CCO.COCCOC',)","('O=C([O-])[O-].[Na+].[Na+]',)"
1648,2,"('CCO.O.COCCOC',)","('O=C([O-])[O-].[K+].[K+]',)"
1648,3,"('O.C1COCCO1',)","('O=C([O-])O.[Na+]',)"
1648,4,"('C1COCCO1',)","('O=P([O-])([O-])[O-].[K+].[K+].[K+]',)"
1648,5,"('CCO.Cc1ccccc1',)","('No Base',)"
1648,6,"('COCCOC',)","('O=C([O-])[O-].[Cs+].[Cs+]',)"
1648,7,"('COCCOC.ClCCl',)","('O=C([O-])O.[Na+],O=C([O-])[O-].[Na+].[Na+]',)"
1648,8,"('Cc1ccccc1.O',)","('[K+].[F-]',)"
1648,9,"('CN(C)C=O',)","('[OH-].[Na+]',)"
1648,10,"('CCO.Cc1ccccc1.O',)","('[Cs+].[F-]',)"
1713,1,"('O.C1COCCO1',)","('O=C([O-])[O-].[K+].[K+]',)"
1713,2,"('CN(C)C=O',)","('O=C([O-])[O-].[Na+].[Na+]',)"
1713,3,"('COCCOC',)","('O=P([O-])([O-])[O-].[K+].[K+].[K+]',)"
1713,4,"('O.COCCOC',)","('O=C([O-])O.[Na+]',)"
1713,5,"('CCO.Cc1ccccc1.O',)","('O=C([O-])[O-].[Cs+].[Cs+]',)"
1713,6,"('CCO.Cc1ccccc1',)","('O=C([O-])O.[Na+],O=C([O-])[O-].[Na+].[Na+]',)"
1713,7,"('C1COCCO1',)","('CCN(CC)CC',)"
1713,8,"('Cc1ccccc1',)","('No Base',)"
1713,9,"('O.CC#N',)","('[K+].[F-]',)"
1713,10,"('CN(C)C=O.O',)","('[OH-].[Na+]',)"
2880,1,"('O.C1COCCO1',)","('O=P([O-])([O-])[O-].[K+].[K+].[K+]',)"
2880,2,"('CN(C)C=O.O',)","('O=C([O-])[O-].[K+].[K+]',)"
2880,3,"('O.CC#N',)","('O=C([O-])[O-].[Na+].[Na+]',)"
2880,4,"('No Solvent',)","('O=C([O-])O.[Na+]',)"
2880,5,"('COCCOC',)","('No Base',)"
2880,6,"('O.COCCOC',)","('O=C([O-])[O-].[Cs+].[Cs+]',)"
2880,7,"('O.COCCOC.CCOC(C)=O',)","('[Cs+].[F-]',)"
2880,8,"('CCO.O.COCCOC',)","('[K+].[F-]',)"
2880,9,"('C1COCCO1',)","('CC(=O)[O-].[K+]',)"
2880,10,"('CCO.Cc1ccccc1.O',)","('O=C([O-])O.[Na+],O=C([O-])[O-].[Na+].[Na+]',)"
2398,1,"('CN(C)C=O',)","('O=C([O-])[O-].[Na+].[Na+]',)"
2398,2,"('C1CCOC1',)","('O=C([O-])[O-].[Cs+].[Cs+]',)"
2398,3,"('O.C1COCCO1',)","('O=C([O-])[O-].[K+].[K+]',)"
2398,4,"('COCCOC',)","('No Base',)"
2398,5,"('CN(C)C=O.O',)","('O=P([O-])([O-])[O-].[K+].[K+].[K+]',)"
2398,6,"('O.C1CCOC1',)","('O=C([O-])O.[Na+]',)"
2398,7,"('C1COCCO1',)","('[Cs+].[F-]',)"
2398,8,"('O.COCCOC',)","('[OH-].[Na+]',)"
2398,9,"('COCCOC.ClCCl',)","('O=C([O-])O.[Na+],O=C([O-])[O-].[Na+].[Na+]',)"
2398,10,"('CCO.Cc1ccccc1',)","('CCN(CC)CC',)"
99,1,"('O.COCCOC',)","('O=C([O-])[O-].[K+].[K+]',)"
99,2,"('COCCOC',)","('O=C([O-])[O-].[Na+].[Na+]',)"
99,3,"('O.CCOC(C)=O.COCCOC',)","('O=C([O-])[O-].[Cs+].[Cs+]',)"
99,4,"('Cc1ccccc1',)","('O=P([O-])([O-])[O-].[K+].[K+].[K+]',)"
99,5,"('O.C1CCOC1',)","('O=C([O-])O.[Na+]',)"
99,6,"('No Solvent',)","('No Base',)"
99,7,"('O.CC#N',)","('O=C([O-])O.[Na+],O=C([O-])[O-].[Na+].[Na+]',)"
99,8,"('O.C1COCCO1',)","('[K+].[F-]',)"
99,9,"('CN(C)C=O',)","('[Cs+].[F-]',)"
99,10,"('CCO.Cc1ccccc1',)","('[OH-].[Na+]',)"
5030,1,"('CN(C)C=O.O',)","('O=C([O-])[O-].[Na+].[Na+]',)"
5030,2,"('C1COCCO1',)","('O=P([O-])([O-])[O-].[K+].[K+].[K+]',)"
5030,3,"('O.C1COCCO1.ClCCl',)","('O=C([O-])[O-].[K+].[K+]',)"
5030,4,"('O.C1COCCO1',)","('O=C([O-])O.[Na+]',)"
5030,5,"('CCO.Cc1ccccc1.O',)","('No Base',)"
5030,6,"('COCCOC.CCOC(C)=O',)","('O=C([O-])[O-].[Cs+].[Cs+]',)"
5030,7,"('No Solvent',)","('CC(=O)[O-].[K+]',)"
5030,8,"('COCCOC',)","('[K+].[F-]',)"
5030,9,"('CN(C)C=O',)","('[OH-].[Na+]',)"
5030,10,"('O.COCCOC',)","('[Cs+].[F-]',)"
694,1,"('O.COCCOC',)","('O=C([O-])[O-].[Na+].[Na+]',)"
694,2,"('No Solvent',)","('O=C([O-])O.[Na+]',)"
694,3,"('O.CCOC(C)=O.C1COCCO1',)","('O=C([O-])O.[Na+],O=C([O-])[O-].[Na+].[Na+]',)"
694,4,"('COCCOC',)","('O=C([O-])[O-].[K+].[K+]',)"
694,5,"('Cc1ccccc1',)","('No Base',)"
694,6,"('O.C1COCCO1',)","('O=P([O-])([O-])[O-].[K+].[K+].[K+]',)"
694,7,"('CN(C)C=O.O',)","('O=C([O-])[O-].[Cs+].[Cs+]',)"
694,8,"('C1COCCO1',)","('[Cs+].[F-]',)"
694,9,"('O.CCOC(C)=O.COCCOC',)","('CCN(CC)CC',)"
694,10,"('CN(C)C=O',)","('[K+].[F-]',)"
1610,1,"('CCO.Cc1ccccc1',)","('O=C([O-])[O-].[Na+].[Na+]',)"
1610,2,"('COCCOC',)","('O=C([O-])[O-].[K+].[K+]',)"
1610,3,"('O.COCCOC',)","('No Base',)"
1610,4,"('O.C1COCCO1',)","('O=P([O-])([O-])[O-].[K+].[K+].[K+]',)"
1610,5,"('O.COCCOC.ClCCl',)","('O=C([O-])O.[Na+]',)"
1610,6,"('COCCOC.CCOC(C)=O',)","('O=C([O-])O.[Na+],O=C([O-])[O-].[Na+].[Na+]',)"
1610,7,"('O.CCOC(C)=O.COCCOC',)","('O=C([O-])[O-].[Cs+].[Cs+]',)"
1610,8,"('C1CCOC1',)","('[OH-].[Na+]',)"
1610,9,"('Cc1ccccc1.O',)","('[Cs+].[F-]',)"
1610,10,"('O.CC#N',)","('[K+].[F-]',)"
4006,1,"('O.C1COCCO1',)","('O=C([O-])[O-].[Na+].[Na+]',)"
4006,2,"('C1COCCO1',)","('O=C([O-])[O-].[K+].[K+]',)"
4006,3,"('CCO.Cc1ccccc1',)","('O=C([O-])O.[Na+]',)"
4006,4,"('O.COCCOC',)","('No Base',)"
4006,5,"('O.CCOC(C)=O.C1COCCO1',)","('O=P([O-])([O-])[O-].[K+].[K+].[K+]',)"
4006,6,"('COCCOC',)","('O=C([O-])O.[Na+],O=C([O-])[O-].[Na+].[Na+]',)"
4006,7,"('CC#N',)","('O=C([O-])[O-].[Cs+].[Cs+]',)"
4006,8,"('Cc1ccccc1',)","('[Cs+].[F-]',)"
4006,9,"('CCO.COCCOC',)","('[K+].[F-]',)"
4006,10,"('CN(C)C=O',)","('CCN(CC)CC',)"
3642,1,"('C1COCCO1',)","('O=C([O-])[O-].[Na+].[Na+]',)"
3642,2,"('O.COCCOC',)","('O=C([O-])[O-].[Cs+].[Cs+]',)"
3642,3,"('No Solvent',)","('No Base',)"
3642,4,"('O.C1COCCO1',)","('O=P([O-])([O-])[O-].[K+].[K+].[K+]',)"
3642,5,"('CCO.COCCOC',)","('O=C([O-])[O-].[K+].[K+]',)"
3642,6,"('COCCOC.CCOC(C)=O',)","('O=C([O-])O.[Na+]',)"
3642,7,"('Cc1ccccc1',)","('[OH-].[Na+]',)"
3642,8,"('CCO.Cc1ccccc1.O',)","('O=C([O-])O.[Na+],O=C([O-])[O-].[Na+].[Na+]',)"
3642,9,"('O.CCOC(C)=O.C1COCCO1',)","('[Cs+].[F-]',)"
3642,10,"('CN(C)C=O',)","('[K+].[F-]',)"
4887,1,"('O.C1COCCO1',)","('O=C([O-])[O-].[Cs+].[Cs+]',)"
4887,2,"('CN(C)C=O',)","('O=C([O-])[O-].[Na+].[Na+]',)"
4887,3,"('CC#N',)","('O=C([O-])[O-].[K+].[K+]',)"
4887,4,"('No Solvent',)","('No Base',)"
4887,5,"('COCCOC',)","('O=P([O-])([O-])[O-].[K+].[K+].[K+]',)"
4887,6,"('CCO.Cc1ccccc1.O',)","('O=C([O-])O.[Na+]',)"
4887,7,"('O.CCOC(C)=O.C1COCCO1',)","('[K+].[F-]',)"
4887,8,"('O.COCCOC',)","('[Cs+].[F-]',)"
4887,9,"('CCO.Cc1ccccc1',)","('O=C([O-])O.[Na+],O=C([O-])[O-].[Na+].[Na+]',)"
4887,10,"('C1COCCO1',)","('CCN(CC)CC',)"
